DDCTransactionId68054AEB4F62FC3D1507A6B3F900F123_0, BuildTexture=, CacheKey=TEXTURE_814DCC3DC72143F49509781513CB9855_BC5_7F4970AF407237B338721894AC7C55A6_07_0000803F0000803F0000803F000000000000803F00000000000000000000803F00000000000000000200000001000000000000000100000000040000803FFFFFFFFF00000000FF00FF00FFFF8180803B, StartTime=2016.04.01-22.22.18, Duration=828.886292, RunGuid=RunID1C79A73A414D7D2E6B3A949852008D6F
DDCTransactionId01384B1C4332ED10C04FE18EC6345BDC_0, PutCachedData=, CacheKey=TEXTURE_814DCC3DC72143F49509781513CB9855_BC5_7F4970AF407237B338721894AC7C55A6___AD36A6067FB8A01F31F3AF4C8946399C517CF391, StartTime=2016.04.01-22.22.18, HierarchicalDDC=, DataSize=4194565, Duration=6.391246, RunGuid=RunID1C79A73A414D7D2E6B3A949852008D6F
DDCTransactionId01384B1C4332ED10C04FE18EC6345BDC_1, PutCachedData=, CacheKey=TEXTURE_814DCC3DC72143F49509781513CB9855_BC5_7F4970AF407237B338721894AC7C55A6___4860EF7BC752CBE02CCB2705BF8CB48A698E4BD9, StartTime=2016.04.01-22.22.18, HierarchicalDDC=, DataSize=1048837, Duration=2.551023, RunGuid=RunID1C79A73A414D7D2E6B3A949852008D6F
DDCTransactionId01384B1C4332ED10C04FE18EC6345BDC_2, PutCachedData=, CacheKey=TEXTURE_814DCC3DC72143F49509781513CB9855_BC5_7F4970AF407237B338721894AC7C55A6___5A0BB6E1D372F839D324E10225DE8469984B21FA, StartTime=2016.04.01-22.22.18, HierarchicalDDC=, DataSize=262403, Duration=0.212666, RunGuid=RunID1C79A73A414D7D2E6B3A949852008D6F
DDCTransactionId01384B1C4332ED10C04FE18EC6345BDC_3, PutCachedData=, CacheKey=TEXTURE_814DCC3DC72143F49509781513CB9855_BC5_7F4970AF407237B338721894AC7C55A6___4A2C3032BACEEE299B3642FEDA89B93B1EE78D43, StartTime=2016.04.01-22.22.18, HierarchicalDDC=, DataSize=65795, Duration=0.066977, RunGuid=RunID1C79A73A414D7D2E6B3A949852008D6F
DDCTransactionId01384B1C4332ED10C04FE18EC6345BDC_4, PutCachedData=, CacheKey=TEXTURE_814DCC3DC72143F49509781513CB9855_BC5_7F4970AF407237B338721894AC7C55A6___F3E2FBA30778DC84BB0F5ED8A50653CF9CD5C95F, StartTime=2016.04.01-22.22.18, HierarchicalDDC=, DataSize=16643, Duration=0.072844, RunGuid=RunID1C79A73A414D7D2E6B3A949852008D6F
DDCTransactionId01384B1C4332ED10C04FE18EC6345BDC_5, PutCachedData=, CacheKey=TEXTURE_814DCC3DC72143F49509781513CB9855_BC5_7F4970AF407237B338721894AC7C55A6___B8E76038B1FAF49B2983EFFD6E7B86CBF6237101, StartTime=2016.04.01-22.22.18, HierarchicalDDC=, DataSize=7468, Duration=0.031289, RunGuid=RunID1C79A73A414D7D2E6B3A949852008D6F
DDCTransactionId68054AEB4F62FC3D1507A6B3F900F123_1, BuildTexture=, CacheKey=TEXTURE_814DCC3DC72143F49509781513CB9855_BC5_953E836541FD413A56AE28B92BC05FD4_07_0000803F0000803F0000803F000000000000803F00000000000000000000803F00000000000000000200000001000000000000000100000000040000803FFFFFFFFF00000000FF00FF00FFFF8180803B, StartTime=2016.04.01-22.22.19, Duration=662.941711, RunGuid=RunID1C79A73A414D7D2E6B3A949852008D6F
DDCTransactionIdFC1C83824942CA647BFFB5A59F97735F_0, PutCachedData=, CacheKey=TEXTURE_814DCC3DC72143F49509781513CB9855_BC5_953E836541FD413A56AE28B92BC05FD4___E459626E63ED45EF561A856BABEAE27A84746866, StartTime=2016.04.01-22.22.19, HierarchicalDDC=, DataSize=4194565, Duration=7.258534, RunGuid=RunID1C79A73A414D7D2E6B3A949852008D6F
DDCTransactionIdFC1C83824942CA647BFFB5A59F97735F_1, PutCachedData=, CacheKey=TEXTURE_814DCC3DC72143F49509781513CB9855_BC5_953E836541FD413A56AE28B92BC05FD4___D4735834DC35101E223B6ED198367AF339378B4F, StartTime=2016.04.01-22.22.19, HierarchicalDDC=, DataSize=1048837, Duration=0.990976, RunGuid=RunID1C79A73A414D7D2E6B3A949852008D6F
DDCTransactionId01384B1C4332ED10C04FE18EC6345BDC_6, PutCachedData=, CacheKey=TEXTURE_814DCC3DC72143F49509781513CB9855_BC5_953E836541FD413A56AE28B92BC05FD4___0D07BA7E0DD518C73916733CF297FC9510B3F16D, StartTime=2016.04.01-22.22.19, HierarchicalDDC=, DataSize=262403, Duration=0.251777, RunGuid=RunID1C79A73A414D7D2E6B3A949852008D6F
DDCTransactionId01384B1C4332ED10C04FE18EC6345BDC_7, PutCachedData=, CacheKey=TEXTURE_814DCC3DC72143F49509781513CB9855_BC5_953E836541FD413A56AE28B92BC05FD4___3AC301F275406FCA314BBE61C1954B9F2AE85579, StartTime=2016.04.01-22.22.19, HierarchicalDDC=, DataSize=65795, Duration=0.081155, RunGuid=RunID1C79A73A414D7D2E6B3A949852008D6F
DDCTransactionId01384B1C4332ED10C04FE18EC6345BDC_8, PutCachedData=, CacheKey=TEXTURE_814DCC3DC72143F49509781513CB9855_BC5_953E836541FD413A56AE28B92BC05FD4___87B94521736ABA8A26F8F28B88597DA69B20E433, StartTime=2016.04.01-22.22.19, HierarchicalDDC=, DataSize=16643, Duration=0.033733, RunGuid=RunID1C79A73A414D7D2E6B3A949852008D6F
DDCTransactionId01384B1C4332ED10C04FE18EC6345BDC_9, PutCachedData=, CacheKey=TEXTURE_814DCC3DC72143F49509781513CB9855_BC5_953E836541FD413A56AE28B92BC05FD4___382725BB370E3BD860556FDB5E8BA88FF17B105F, StartTime=2016.04.01-22.22.19, HierarchicalDDC=, DataSize=7468, Duration=0.030313, RunGuid=RunID1C79A73A414D7D2E6B3A949852008D6F
DDCTransactionId68054AEB4F62FC3D1507A6B3F900F123_2, BuildTexture=, CacheKey=TEXTURE_814DCC3DC72143F49509781513CB9855_BC5_7F4970AF407237B338721894AC7C55A6_07_0000803F0000803F0000803F000000000000803F00000000000000000000803F00000000000000000200000001000000000000000100000000040000803FFFFFFFFF00000000FF00FF00FFFF8180803B, StartTime=2016.04.01-22.22.19, Duration=693.611694, RunGuid=RunID1C79A73A414D7D2E6B3A949852008D6F
DDCTransactionIdFC1C83824942CA647BFFB5A59F97735F_2, PutCachedData=, CacheKey=TEXTURE_814DCC3DC72143F49509781513CB9855_BC5_7F4970AF407237B338721894AC7C55A6___AD36A6067FB8A01F31F3AF4C8946399C517CF391, StartTime=2016.04.01-22.22.20, HierarchicalDDC=, DataSize=4194565, Duration=2.245955, RunGuid=RunID1C79A73A414D7D2E6B3A949852008D6F
DDCTransactionIdFC1C83824942CA647BFFB5A59F97735F_3, PutCachedData=, CacheKey=TEXTURE_814DCC3DC72143F49509781513CB9855_BC5_7F4970AF407237B338721894AC7C55A6___4860EF7BC752CBE02CCB2705BF8CB48A698E4BD9, StartTime=2016.04.01-22.22.20, HierarchicalDDC=, DataSize=1048837, Duration=0.366177, RunGuid=RunID1C79A73A414D7D2E6B3A949852008D6F
DDCTransactionIdFC1C83824942CA647BFFB5A59F97735F_4, PutCachedData=, CacheKey=TEXTURE_814DCC3DC72143F49509781513CB9855_BC5_7F4970AF407237B338721894AC7C55A6___5A0BB6E1D372F839D324E10225DE8469984B21FA, StartTime=2016.04.01-22.22.20, HierarchicalDDC=, DataSize=262403, Duration=0.087023, RunGuid=RunID1C79A73A414D7D2E6B3A949852008D6F
DDCTransactionIdFC1C83824942CA647BFFB5A59F97735F_5, PutCachedData=, CacheKey=TEXTURE_814DCC3DC72143F49509781513CB9855_BC5_7F4970AF407237B338721894AC7C55A6___4A2C3032BACEEE299B3642FEDA89B93B1EE78D43, StartTime=2016.04.01-22.22.20, HierarchicalDDC=, DataSize=65795, Duration=0.033733, RunGuid=RunID1C79A73A414D7D2E6B3A949852008D6F
DDCTransactionIdFC1C83824942CA647BFFB5A59F97735F_6, PutCachedData=, CacheKey=TEXTURE_814DCC3DC72143F49509781513CB9855_BC5_7F4970AF407237B338721894AC7C55A6___F3E2FBA30778DC84BB0F5ED8A50653CF9CD5C95F, StartTime=2016.04.01-22.22.20, HierarchicalDDC=, DataSize=16643, Duration=0.017598, RunGuid=RunID1C79A73A414D7D2E6B3A949852008D6F
DDCTransactionIdFC1C83824942CA647BFFB5A59F97735F_7, PutCachedData=, CacheKey=TEXTURE_814DCC3DC72143F49509781513CB9855_BC5_7F4970AF407237B338721894AC7C55A6___B8E76038B1FAF49B2983EFFD6E7B86CBF6237101, StartTime=2016.04.01-22.22.20, HierarchicalDDC=, DataSize=7468, Duration=0.020534, RunGuid=RunID1C79A73A414D7D2E6B3A949852008D6F
DDCTransactionId68054AEB4F62FC3D1507A6B3F900F123_3, BuildTexture=, CacheKey=TEXTURE_814DCC3DC72143F49509781513CB9855_AutoDXT_49EBE4F9430B027F3639729C4CE028A7_07_0000803F0000803F0000803F000000000000803F00000000000000000000803F00000000000000000200000001000000000000000101000000040000803FFFFFFFFF00000000FF00FF00FFFF8180803B, StartTime=2016.04.01-22.22.20, Duration=69.966362, RunGuid=RunID1C79A73A414D7D2E6B3A949852008D6F
DDCTransactionIdFC1C83824942CA647BFFB5A59F97735F_8, PutCachedData=, CacheKey=TEXTURE_814DCC3DC72143F49509781513CB9855_AutoDXT_49EBE4F9430B027F3639729C4CE02__4EE83C895828B45CA36D4968CBC323543A9A22B2, StartTime=2016.04.01-22.22.20, HierarchicalDDC=, DataSize=262407, Duration=0.191648, RunGuid=RunID1C79A73A414D7D2E6B3A949852008D6F
DDCTransactionId01384B1C4332ED10C04FE18EC6345BDC_10, PutCachedData=, CacheKey=TEXTURE_814DCC3DC72143F49509781513CB9855_AutoDXT_49EBE4F9430B027F3639729C4CE02__349CA13B15B01E106858DDDD0E3E3396DA218D6D, StartTime=2016.04.01-22.22.20, HierarchicalDDC=, DataSize=65799, Duration=0.087999, RunGuid=RunID1C79A73A414D7D2E6B3A949852008D6F
DDCTransactionId01384B1C4332ED10C04FE18EC6345BDC_11, PutCachedData=, CacheKey=TEXTURE_814DCC3DC72143F49509781513CB9855_AutoDXT_49EBE4F9430B027F3639729C4CE02__AC9285A4DAFDC0716DEF13130A9B06B3FE11A1AD, StartTime=2016.04.01-22.22.20, HierarchicalDDC=, DataSize=16647, Duration=0.044491, RunGuid=RunID1C79A73A414D7D2E6B3A949852008D6F
DDCTransactionIdFC1C83824942CA647BFFB5A59F97735F_9, PutCachedData=, CacheKey=TEXTURE_814DCC3DC72143F49509781513CB9855_AutoDXT_49EBE4F9430B027F3639729C4CE02__6569745CA631A9E5DFDCBA9FC53A8671E25127CD, StartTime=2016.04.01-22.22.20, HierarchicalDDC=, DataSize=6899, Duration=0.026889, RunGuid=RunID1C79A73A414D7D2E6B3A949852008D6F
DDCTransactionId68054AEB4F62FC3D1507A6B3F900F123_4, BuildTexture=, CacheKey=TEXTURE_814DCC3DC72143F49509781513CB9855_BC5_953E836541FD413A56AE28B92BC05FD4_07_0000803F0000803F0000803F000000000000803F00000000000000000000803F00000000000000000200000001000000000000000100000000040000803FFFFFFFFF00000000FF00FF00FFFF8180803B, StartTime=2016.04.01-22.22.20, Duration=643.439941, RunGuid=RunID1C79A73A414D7D2E6B3A949852008D6F
DDCTransactionIdFC1C83824942CA647BFFB5A59F97735F_10, PutCachedData=, CacheKey=TEXTURE_814DCC3DC72143F49509781513CB9855_BC5_953E836541FD413A56AE28B92BC05FD4___E459626E63ED45EF561A856BABEAE27A84746866, StartTime=2016.04.01-22.22.21, HierarchicalDDC=, DataSize=4194565, Duration=1.870979, RunGuid=RunID1C79A73A414D7D2E6B3A949852008D6F
DDCTransactionIdFC1C83824942CA647BFFB5A59F97735F_11, PutCachedData=, CacheKey=TEXTURE_814DCC3DC72143F49509781513CB9855_BC5_953E836541FD413A56AE28B92BC05FD4___D4735834DC35101E223B6ED198367AF339378B4F, StartTime=2016.04.01-22.22.21, HierarchicalDDC=, DataSize=1048837, Duration=0.424355, RunGuid=RunID1C79A73A414D7D2E6B3A949852008D6F
DDCTransactionIdFC1C83824942CA647BFFB5A59F97735F_12, PutCachedData=, CacheKey=TEXTURE_814DCC3DC72143F49509781513CB9855_BC5_953E836541FD413A56AE28B92BC05FD4___0D07BA7E0DD518C73916733CF297FC9510B3F16D, StartTime=2016.04.01-22.22.21, HierarchicalDDC=, DataSize=262403, Duration=0.220977, RunGuid=RunID1C79A73A414D7D2E6B3A949852008D6F
DDCTransactionIdFC1C83824942CA647BFFB5A59F97735F_13, PutCachedData=, CacheKey=TEXTURE_814DCC3DC72143F49509781513CB9855_BC5_953E836541FD413A56AE28B92BC05FD4___3AC301F275406FCA314BBE61C1954B9F2AE85579, StartTime=2016.04.01-22.22.21, HierarchicalDDC=, DataSize=65795, Duration=0.076268, RunGuid=RunID1C79A73A414D7D2E6B3A949852008D6F
DDCTransactionIdFC1C83824942CA647BFFB5A59F97735F_14, PutCachedData=, CacheKey=TEXTURE_814DCC3DC72143F49509781513CB9855_BC5_953E836541FD413A56AE28B92BC05FD4___87B94521736ABA8A26F8F28B88597DA69B20E433, StartTime=2016.04.01-22.22.21, HierarchicalDDC=, DataSize=16643, Duration=0.034712, RunGuid=RunID1C79A73A414D7D2E6B3A949852008D6F
DDCTransactionIdFC1C83824942CA647BFFB5A59F97735F_15, PutCachedData=, CacheKey=TEXTURE_814DCC3DC72143F49509781513CB9855_BC5_953E836541FD413A56AE28B92BC05FD4___382725BB370E3BD860556FDB5E8BA88FF17B105F, StartTime=2016.04.01-22.22.21, HierarchicalDDC=, DataSize=7468, Duration=0.024933, RunGuid=RunID1C79A73A414D7D2E6B3A949852008D6F
CookerStat, GenerateAssetRegistry=0.041556, Initialize=0.173066, RunGuid=RunID1C79A73A414D7D2E6B3A949852008D6F
SavePackageTransactionIdE87FE6A84A7D0821D6E89BA899C87880_0, Filename=U:/GitHub/Portsmouth/Portsmouth/Content/Maps/portsmouth_test.umap, AutoPackageBackupDelegate=34.787872, FlushAsyncLoading=0.014666, FlushStreamingFunc=0.100221, BlockTillAllRequestsFinished=0.014666, ResetLoadersForSaveUnMarkAllObjects=203.492203, TagPackageExports=23.358137, BeginCacheForCookedPlatformData=0.006355, SerializeImports=24.647825, GatherLocalizableTextData=187.539749, MarkNames=2.023023, SerializeSummary=0.045467, SerializeNames=0.695199, SerializeGatherableTextData=0.061113, BuildExportMap=0.769023, SortExportsNonSeekfree=15.777424, SortExportsSeekfreeConstructor=0.144221, SortExportsSeekfreeInner=102.187080, SortExportsSeekfree=0.011247, BuildDependencyMap=1.094133, SerializeImportMap=0.117823, SerializeExportMap=0.441954, SerializeDependencyMap=0.111468, SerializeStringAssetReferenceMap=0.005376, SaveThumbNailsAssetRegistryDataWorldLevelInfo=7.648181, SerializeExports=122.444191, SerializeBulkData=1040.559570, MoveFile=18.314268, UnaccountedTime=0.597913, RunGuid=RunID1C79A73A414D7D2E6B3A949852008D6F
DDCTransactionIdFC1C83824942CA647BFFB5A59F97735F_16, PutCachedData=, CacheKey=PhysXPC_FULL_5DF9E1AAB7CC4DCCB2965BA1A78DFE8_029911AC559AC9863184D2A84473B516, StartTime=2016.04.01-22.23.52, HierarchicalDDC=, DataSize=64618, Duration=0.253733, RunGuid=RunID1C79A73A414D7D2E6B3A949852008D6F
DDCTransactionId01384B1C4332ED10C04FE18EC6345BDC_12, PutCachedData=, CacheKey=PhysXPC_VIS_5DF9E1AAB7CC4DCCB2965BA1A78DFE8_9516F6A34DB15B214388B89E9BA5BDE1, StartTime=2016.04.01-22.23.52, HierarchicalDDC=, DataSize=64618, Duration=0.222445, RunGuid=RunID1C79A73A414D7D2E6B3A949852008D6F
DDCTransactionIdFC1C83824942CA647BFFB5A59F97735F_17, PutCachedData=, CacheKey=PhysXPC_FULL_5DF9E1AAB7CC4DCCB2965BA1A78DFE8_9C8D0A8544F19C40224BF0AF3384DE72, StartTime=2016.04.01-22.23.52, HierarchicalDDC=, DataSize=64618, Duration=0.229780, RunGuid=RunID1C79A73A414D7D2E6B3A949852008D6F
DDCTransactionId01384B1C4332ED10C04FE18EC6345BDC_13, PutCachedData=, CacheKey=PhysXPC_VIS_5DF9E1AAB7CC4DCCB2965BA1A78DFE8_A91E9474430C30EE2FEE49893BB2FEFC, StartTime=2016.04.01-22.23.52, HierarchicalDDC=, DataSize=64618, Duration=0.160847, RunGuid=RunID1C79A73A414D7D2E6B3A949852008D6F
DDCTransactionId01384B1C4332ED10C04FE18EC6345BDC_14, PutCachedData=, CacheKey=PhysXPC_FULL_5DF9E1AAB7CC4DCCB2965BA1A78DFE8_C679BE5AED7F585F23DC5A2B31A25D2D, StartTime=2016.04.01-22.23.52, HierarchicalDDC=, DataSize=64618, Duration=0.149112, RunGuid=RunID1C79A73A414D7D2E6B3A949852008D6F
DDCTransactionIdFC1C83824942CA647BFFB5A59F97735F_18, PutCachedData=, CacheKey=PhysXPC_VIS_5DF9E1AAB7CC4DCCB2965BA1A78DFE8_BB0C7D3B4B7721E7600AA381BE7C6856, StartTime=2016.04.01-22.23.52, HierarchicalDDC=, DataSize=64618, Duration=0.220489, RunGuid=RunID1C79A73A414D7D2E6B3A949852008D6F
DDCTransactionId01384B1C4332ED10C04FE18EC6345BDC_15, PutCachedData=, CacheKey=PhysXPC_FULL_5DF9E1AAB7CC4DCCB2965BA1A78DFE8_02E6AA65C9D3621EFFE0EEDB616BDBE6, StartTime=2016.04.01-22.23.52, HierarchicalDDC=, DataSize=64618, Duration=0.154488, RunGuid=RunID1C79A73A414D7D2E6B3A949852008D6F
DDCTransactionIdFC1C83824942CA647BFFB5A59F97735F_19, PutCachedData=, CacheKey=PhysXPC_VIS_5DF9E1AAB7CC4DCCB2965BA1A78DFE8_2E262307411A5AC79F6D1A92B1445837, StartTime=2016.04.01-22.23.52, HierarchicalDDC=, DataSize=64618, Duration=0.206798, RunGuid=RunID1C79A73A414D7D2E6B3A949852008D6F
DDCTransactionId01384B1C4332ED10C04FE18EC6345BDC_16, PutCachedData=, CacheKey=PhysXPC_FULL_5DF9E1AAB7CC4DCCB2965BA1A78DFE8_39778E8A7AA8B8924B680E4AB107F9D8, StartTime=2016.04.01-22.23.52, HierarchicalDDC=, DataSize=64618, Duration=0.165246, RunGuid=RunID1C79A73A414D7D2E6B3A949852008D6F
DDCTransactionIdFC1C83824942CA647BFFB5A59F97735F_20, PutCachedData=, CacheKey=PhysXPC_VIS_5DF9E1AAB7CC4DCCB2965BA1A78DFE8_28DF58294B13131FF034248FF5641F1F, StartTime=2016.04.01-22.23.52, HierarchicalDDC=, DataSize=64618, Duration=0.225376, RunGuid=RunID1C79A73A414D7D2E6B3A949852008D6F
DDCTransactionId01384B1C4332ED10C04FE18EC6345BDC_17, PutCachedData=, CacheKey=PhysXPC_FULL_5DF9E1AAB7CC4DCCB2965BA1A78DFE8_A9B07FCA844A32AD4862B33489726B61, StartTime=2016.04.01-22.23.52, HierarchicalDDC=, DataSize=64618, Duration=0.140313, RunGuid=RunID1C79A73A414D7D2E6B3A949852008D6F
DDCTransactionId01384B1C4332ED10C04FE18EC6345BDC_18, PutCachedData=, CacheKey=PhysXPC_VIS_5DF9E1AAB7CC4DCCB2965BA1A78DFE8_146AE911460F4D866F584AA7A6B41336, StartTime=2016.04.01-22.23.52, HierarchicalDDC=, DataSize=64618, Duration=0.160847, RunGuid=RunID1C79A73A414D7D2E6B3A949852008D6F
DDCTransactionIdFC1C83824942CA647BFFB5A59F97735F_21, PutCachedData=, CacheKey=PhysXPC_FULL_5DF9E1AAB7CC4DCCB2965BA1A78DFE8_0B5BA0F236962C850A2C2E9AC99FD4D2, StartTime=2016.04.01-22.23.52, HierarchicalDDC=, DataSize=64618, Duration=0.216085, RunGuid=RunID1C79A73A414D7D2E6B3A949852008D6F
DDCTransactionId01384B1C4332ED10C04FE18EC6345BDC_19, PutCachedData=, CacheKey=PhysXPC_VIS_5DF9E1AAB7CC4DCCB2965BA1A78DFE8_9411C8A54D221020525A3185153903AE, StartTime=2016.04.01-22.23.52, HierarchicalDDC=, DataSize=64618, Duration=0.151556, RunGuid=RunID1C79A73A414D7D2E6B3A949852008D6F
DDCTransactionId01384B1C4332ED10C04FE18EC6345BDC_20, PutCachedData=, CacheKey=PhysXPC_FULL_5DF9E1AAB7CC4DCCB2965BA1A78DFE8_65BC3626A2B893B4CC09D56110005D13, StartTime=2016.04.01-22.23.52, HierarchicalDDC=, DataSize=64618, Duration=0.154976, RunGuid=RunID1C79A73A414D7D2E6B3A949852008D6F
DDCTransactionIdFC1C83824942CA647BFFB5A59F97735F_22, PutCachedData=, CacheKey=PhysXPC_VIS_5DF9E1AAB7CC4DCCB2965BA1A78DFE8_2FB2991548CF3EEE8CB703BADB20F6B8, StartTime=2016.04.01-22.23.52, HierarchicalDDC=, DataSize=64618, Duration=0.161819, RunGuid=RunID1C79A73A414D7D2E6B3A949852008D6F
DDCTransactionId01384B1C4332ED10C04FE18EC6345BDC_21, PutCachedData=, CacheKey=PhysXPC_FULL_5DF9E1AAB7CC4DCCB2965BA1A78DFE8_DEB72C345CCA779CC48812BB92026FC4, StartTime=2016.04.01-22.23.52, HierarchicalDDC=, DataSize=64618, Duration=0.204355, RunGuid=RunID1C79A73A414D7D2E6B3A949852008D6F
DDCTransactionIdFC1C83824942CA647BFFB5A59F97735F_23, PutCachedData=, CacheKey=PhysXPC_VIS_5DF9E1AAB7CC4DCCB2965BA1A78DFE8_2363DA7B42C82A09C876A19DB7E10854, StartTime=2016.04.01-22.23.52, HierarchicalDDC=, DataSize=64618, Duration=0.188712, RunGuid=RunID1C79A73A414D7D2E6B3A949852008D6F
DDCTransactionId01384B1C4332ED10C04FE18EC6345BDC_22, PutCachedData=, CacheKey=PhysXPC_FULL_5DF9E1AAB7CC4DCCB2965BA1A78DFE8_54AC5697D51BF3FAAD3E0A78B191114D, StartTime=2016.04.01-22.23.52, HierarchicalDDC=, DataSize=64618, Duration=0.147644, RunGuid=RunID1C79A73A414D7D2E6B3A949852008D6F
DDCTransactionIdFC1C83824942CA647BFFB5A59F97735F_24, PutCachedData=, CacheKey=PhysXPC_VIS_5DF9E1AAB7CC4DCCB2965BA1A78DFE8_5DFA1BBC44E03C70A7A9EABCE06579E6, StartTime=2016.04.01-22.23.52, HierarchicalDDC=, DataSize=64618, Duration=0.199467, RunGuid=RunID1C79A73A414D7D2E6B3A949852008D6F
DDCTransactionId01384B1C4332ED10C04FE18EC6345BDC_23, PutCachedData=, CacheKey=PhysXPC_FULL_5DF9E1AAB7CC4DCCB2965BA1A78DFE8_FF128C01A60F59948FB94F749DFD1E0E, StartTime=2016.04.01-22.23.52, HierarchicalDDC=, DataSize=64618, Duration=0.167686, RunGuid=RunID1C79A73A414D7D2E6B3A949852008D6F
DDCTransactionIdFC1C83824942CA647BFFB5A59F97735F_25, PutCachedData=, CacheKey=PhysXPC_VIS_5DF9E1AAB7CC4DCCB2965BA1A78DFE8_E0A2BB2141A9BECA987CF2965F2E898D, StartTime=2016.04.01-22.23.52, HierarchicalDDC=, DataSize=64618, Duration=0.251289, RunGuid=RunID1C79A73A414D7D2E6B3A949852008D6F
DDCTransactionId01384B1C4332ED10C04FE18EC6345BDC_24, PutCachedData=, CacheKey=PhysXPC_FULL_5DF9E1AAB7CC4DCCB2965BA1A78DFE8_9314DD627AF238D4810A69CE0ECFCCD2, StartTime=2016.04.01-22.23.52, HierarchicalDDC=, DataSize=64618, Duration=0.167686, RunGuid=RunID1C79A73A414D7D2E6B3A949852008D6F
DDCTransactionId01384B1C4332ED10C04FE18EC6345BDC_25, PutCachedData=, CacheKey=PhysXPC_VIS_5DF9E1AAB7CC4DCCB2965BA1A78DFE8_778B2FB149287F27ECF2B2A529693BE3, StartTime=2016.04.01-22.23.52, HierarchicalDDC=, DataSize=64618, Duration=0.183824, RunGuid=RunID1C79A73A414D7D2E6B3A949852008D6F
DDCTransactionIdFC1C83824942CA647BFFB5A59F97735F_26, PutCachedData=, CacheKey=PhysXPC_FULL_5DF9E1AAB7CC4DCCB2965BA1A78DFE8_39166B28A2C6A47EFBE447B0364F1E89, StartTime=2016.04.01-22.23.52, HierarchicalDDC=, DataSize=64618, Duration=0.155956, RunGuid=RunID1C79A73A414D7D2E6B3A949852008D6F
DDCTransactionId01384B1C4332ED10C04FE18EC6345BDC_26, PutCachedData=, CacheKey=PhysXPC_VIS_5DF9E1AAB7CC4DCCB2965BA1A78DFE8_0628C3374F6A0EEC56A56D8FA51312BA, StartTime=2016.04.01-22.23.52, HierarchicalDDC=, DataSize=64618, Duration=0.160843, RunGuid=RunID1C79A73A414D7D2E6B3A949852008D6F
DDCTransactionIdFC1C83824942CA647BFFB5A59F97735F_27, PutCachedData=, CacheKey=PhysXPC_FULL_5DF9E1AAB7CC4DCCB2965BA1A78DFE8_78F3B15540F35AB6B3F16855F9C2ACEB, StartTime=2016.04.01-22.23.52, HierarchicalDDC=, DataSize=64618, Duration=0.167198, RunGuid=RunID1C79A73A414D7D2E6B3A949852008D6F
DDCTransactionId01384B1C4332ED10C04FE18EC6345BDC_27, PutCachedData=, CacheKey=PhysXPC_VIS_5DF9E1AAB7CC4DCCB2965BA1A78DFE8_87C7B5AD437E11EA0822C190383E1A91, StartTime=2016.04.01-22.23.52, HierarchicalDDC=, DataSize=64618, Duration=0.154980, RunGuid=RunID1C79A73A414D7D2E6B3A949852008D6F
DDCTransactionIdFC1C83824942CA647BFFB5A59F97735F_28, PutCachedData=, CacheKey=PhysXPC_FULL_5DF9E1AAB7CC4DCCB2965BA1A78DFE8_E30E8EDBAA8CE665A925841A5C70B4D3, StartTime=2016.04.01-22.23.52, HierarchicalDDC=, DataSize=64618, Duration=0.136886, RunGuid=RunID1C79A73A414D7D2E6B3A949852008D6F
DDCTransactionId01384B1C4332ED10C04FE18EC6345BDC_28, PutCachedData=, CacheKey=PhysXPC_VIS_5DF9E1AAB7CC4DCCB2965BA1A78DFE8_DF22358B4383626516D9A1ADB65333C9, StartTime=2016.04.01-22.23.52, HierarchicalDDC=, DataSize=64618, Duration=0.145201, RunGuid=RunID1C79A73A414D7D2E6B3A949852008D6F
DDCTransactionIdFC1C83824942CA647BFFB5A59F97735F_29, PutCachedData=, CacheKey=PhysXPC_FULL_5DF9E1AAB7CC4DCCB2965BA1A78DFE8_B94EFD10E5C250E3B71347A9442C02E4, StartTime=2016.04.01-22.23.52, HierarchicalDDC=, DataSize=64618, Duration=0.133466, RunGuid=RunID1C79A73A414D7D2E6B3A949852008D6F
DDCTransactionId01384B1C4332ED10C04FE18EC6345BDC_29, PutCachedData=, CacheKey=PhysXPC_VIS_5DF9E1AAB7CC4DCCB2965BA1A78DFE8_64DF1C21492690468A259E99275FC411, StartTime=2016.04.01-22.23.52, HierarchicalDDC=, DataSize=64618, Duration=0.164758, RunGuid=RunID1C79A73A414D7D2E6B3A949852008D6F
DDCTransactionIdFC1C83824942CA647BFFB5A59F97735F_30, PutCachedData=, CacheKey=PhysXPC_FULL_5DF9E1AAB7CC4DCCB2965BA1A78DFE8_9A752A812FD26532479C7DFC27F71340, StartTime=2016.04.01-22.23.52, HierarchicalDDC=, DataSize=64618, Duration=0.167198, RunGuid=RunID1C79A73A414D7D2E6B3A949852008D6F
DDCTransactionId01384B1C4332ED10C04FE18EC6345BDC_30, PutCachedData=, CacheKey=PhysXPC_VIS_5DF9E1AAB7CC4DCCB2965BA1A78DFE8_C06E037C49687CD674595E8C52A8D44A, StartTime=2016.04.01-22.23.52, HierarchicalDDC=, DataSize=64618, Duration=0.154000, RunGuid=RunID1C79A73A414D7D2E6B3A949852008D6F
DDCTransactionIdFC1C83824942CA647BFFB5A59F97735F_31, PutCachedData=, CacheKey=PhysXPC_FULL_5DF9E1AAB7CC4DCCB2965BA1A78DFE8_E95F088D1B43CA603267F72349DB1B1E, StartTime=2016.04.01-22.23.52, HierarchicalDDC=, DataSize=64618, Duration=0.166222, RunGuid=RunID1C79A73A414D7D2E6B3A949852008D6F
DDCTransactionId01384B1C4332ED10C04FE18EC6345BDC_31, PutCachedData=, CacheKey=PhysXPC_VIS_5DF9E1AAB7CC4DCCB2965BA1A78DFE8_887FC0744D37F564F14F9BAB5C93DB63, StartTime=2016.04.01-22.23.52, HierarchicalDDC=, DataSize=64618, Duration=0.153024, RunGuid=RunID1C79A73A414D7D2E6B3A949852008D6F
DDCTransactionIdFC1C83824942CA647BFFB5A59F97735F_32, PutCachedData=, CacheKey=PhysXPC_FULL_5DF9E1AAB7CC4DCCB2965BA1A78DFE8_E39563A89094BCF42FA60EB45C629CC7, StartTime=2016.04.01-22.23.52, HierarchicalDDC=, DataSize=64618, Duration=0.130042, RunGuid=RunID1C79A73A414D7D2E6B3A949852008D6F
DDCTransactionId01384B1C4332ED10C04FE18EC6345BDC_32, PutCachedData=, CacheKey=PhysXPC_VIS_5DF9E1AAB7CC4DCCB2965BA1A78DFE8_C273A1654368FCE42BF088B681944CC1, StartTime=2016.04.01-22.23.52, HierarchicalDDC=, DataSize=64618, Duration=0.155956, RunGuid=RunID1C79A73A414D7D2E6B3A949852008D6F
DDCTransactionIdFC1C83824942CA647BFFB5A59F97735F_33, PutCachedData=, CacheKey=PhysXPC_FULL_5DF9E1AAB7CC4DCCB2965BA1A78DFE8_B432573DECDF045380693DDF6F2F99A3, StartTime=2016.04.01-22.23.52, HierarchicalDDC=, DataSize=64618, Duration=0.141777, RunGuid=RunID1C79A73A414D7D2E6B3A949852008D6F
DDCTransactionId01384B1C4332ED10C04FE18EC6345BDC_33, PutCachedData=, CacheKey=PhysXPC_VIS_5DF9E1AAB7CC4DCCB2965BA1A78DFE8_17B4ADCD47ADF67AB1A62595C3769F8B, StartTime=2016.04.01-22.23.52, HierarchicalDDC=, DataSize=64618, Duration=0.147644, RunGuid=RunID1C79A73A414D7D2E6B3A949852008D6F
DDCTransactionIdFC1C83824942CA647BFFB5A59F97735F_34, PutCachedData=, CacheKey=PhysXPC_FULL_5DF9E1AAB7CC4DCCB2965BA1A78DFE8_30E9738DA2370533C6AF5490B469340E, StartTime=2016.04.01-22.23.52, HierarchicalDDC=, DataSize=64618, Duration=0.128090, RunGuid=RunID1C79A73A414D7D2E6B3A949852008D6F
DDCTransactionId01384B1C4332ED10C04FE18EC6345BDC_34, PutCachedData=, CacheKey=PhysXPC_VIS_5DF9E1AAB7CC4DCCB2965BA1A78DFE8_60EB72B3442A02CF319D47A6DFF9BC3B, StartTime=2016.04.01-22.23.52, HierarchicalDDC=, DataSize=64618, Duration=0.178933, RunGuid=RunID1C79A73A414D7D2E6B3A949852008D6F
DDCTransactionIdFC1C83824942CA647BFFB5A59F97735F_35, PutCachedData=, CacheKey=PhysXPC_FULL_5DF9E1AAB7CC4DCCB2965BA1A78DFE8_B7100610AE358BAF02D35E45BB275DA6, StartTime=2016.04.01-22.23.52, HierarchicalDDC=, DataSize=64618, Duration=0.169154, RunGuid=RunID1C79A73A414D7D2E6B3A949852008D6F
DDCTransactionIdFC1C83824942CA647BFFB5A59F97735F_36, PutCachedData=, CacheKey=PhysXPC_VIS_5DF9E1AAB7CC4DCCB2965BA1A78DFE8_6F843AAD47AACAA8A0D29BB8DA51B397, StartTime=2016.04.01-22.23.52, HierarchicalDDC=, DataSize=64618, Duration=0.143733, RunGuid=RunID1C79A73A414D7D2E6B3A949852008D6F
DDCTransactionId01384B1C4332ED10C04FE18EC6345BDC_35, PutCachedData=, CacheKey=PhysXPC_FULL_5DF9E1AAB7CC4DCCB2965BA1A78DFE8_5E631D6DE2B880394ED5FAC854921949, StartTime=2016.04.01-22.23.52, HierarchicalDDC=, DataSize=64618, Duration=0.154488, RunGuid=RunID1C79A73A414D7D2E6B3A949852008D6F
DDCTransactionIdFC1C83824942CA647BFFB5A59F97735F_37, PutCachedData=, CacheKey=PhysXPC_VIS_5DF9E1AAB7CC4DCCB2965BA1A78DFE8_BF1A7C6A4E3A17C1B01A7BB0477FE420, StartTime=2016.04.01-22.23.52, HierarchicalDDC=, DataSize=64618, Duration=0.141777, RunGuid=RunID1C79A73A414D7D2E6B3A949852008D6F
DDCTransactionId01384B1C4332ED10C04FE18EC6345BDC_36, PutCachedData=, CacheKey=PhysXPC_FULL_5DF9E1AAB7CC4DCCB2965BA1A78DFE8_13699F0A6FE6884106BD9490D342F021, StartTime=2016.04.01-22.23.52, HierarchicalDDC=, DataSize=64618, Duration=0.142265, RunGuid=RunID1C79A73A414D7D2E6B3A949852008D6F
DDCTransactionIdFC1C83824942CA647BFFB5A59F97735F_38, PutCachedData=, CacheKey=PhysXPC_VIS_5DF9E1AAB7CC4DCCB2965BA1A78DFE8_8ADCDE9D4388F09EE83C8BA27B229F53, StartTime=2016.04.01-22.23.52, HierarchicalDDC=, DataSize=64618, Duration=0.138354, RunGuid=RunID1C79A73A414D7D2E6B3A949852008D6F
DDCTransactionId01384B1C4332ED10C04FE18EC6345BDC_37, PutCachedData=, CacheKey=PhysXPC_FULL_5DF9E1AAB7CC4DCCB2965BA1A78DFE8_E9FA26E856D8CE68466C38431A7AE897, StartTime=2016.04.01-22.23.52, HierarchicalDDC=, DataSize=64618, Duration=0.138357, RunGuid=RunID1C79A73A414D7D2E6B3A949852008D6F
DDCTransactionId01384B1C4332ED10C04FE18EC6345BDC_38, PutCachedData=, CacheKey=PhysXPC_VIS_5DF9E1AAB7CC4DCCB2965BA1A78DFE8_E608979C481AF53ED005ECBB41960F43, StartTime=2016.04.01-22.23.52, HierarchicalDDC=, DataSize=64618, Duration=0.197511, RunGuid=RunID1C79A73A414D7D2E6B3A949852008D6F
DDCTransactionIdFC1C83824942CA647BFFB5A59F97735F_39, PutCachedData=, CacheKey=PhysXPC_FULL_5DF9E1AAB7CC4DCCB2965BA1A78DFE8_62A66DF2E83F4FA4CBD56849983F36BE, StartTime=2016.04.01-22.23.52, HierarchicalDDC=, DataSize=64618, Duration=0.155468, RunGuid=RunID1C79A73A414D7D2E6B3A949852008D6F
DDCTransactionIdFC1C83824942CA647BFFB5A59F97735F_40, PutCachedData=, CacheKey=PhysXPC_VIS_5DF9E1AAB7CC4DCCB2965BA1A78DFE8_592B7CD94ADF4F7FC02557984B2C2C8B, StartTime=2016.04.01-22.23.52, HierarchicalDDC=, DataSize=64618, Duration=0.145201, RunGuid=RunID1C79A73A414D7D2E6B3A949852008D6F
DDCTransactionId01384B1C4332ED10C04FE18EC6345BDC_39, PutCachedData=, CacheKey=PhysXPC_FULL_5DF9E1AAB7CC4DCCB2965BA1A78DFE8_B43E0F5718BD37078AE4C108C0D2ADC4, StartTime=2016.04.01-22.23.52, HierarchicalDDC=, DataSize=64618, Duration=0.142269, RunGuid=RunID1C79A73A414D7D2E6B3A949852008D6F
DDCTransactionId01384B1C4332ED10C04FE18EC6345BDC_40, PutCachedData=, CacheKey=PhysXPC_VIS_5DF9E1AAB7CC4DCCB2965BA1A78DFE8_979936B34F7124D21D91A0837E882313, StartTime=2016.04.01-22.23.52, HierarchicalDDC=, DataSize=64618, Duration=0.134446, RunGuid=RunID1C79A73A414D7D2E6B3A949852008D6F
DDCTransactionIdFC1C83824942CA647BFFB5A59F97735F_41, PutCachedData=, CacheKey=PhysXPC_FULL_5DF9E1AAB7CC4DCCB2965BA1A78DFE8_92307ECA82A3486EB4097DF748F8529C, StartTime=2016.04.01-22.23.52, HierarchicalDDC=, DataSize=64618, Duration=0.137378, RunGuid=RunID1C79A73A414D7D2E6B3A949852008D6F
DDCTransactionId01384B1C4332ED10C04FE18EC6345BDC_41, PutCachedData=, CacheKey=PhysXPC_VIS_5DF9E1AAB7CC4DCCB2965BA1A78DFE8_7E54FFF745B4BC1C0FC809B34F0A3441, StartTime=2016.04.01-22.23.52, HierarchicalDDC=, DataSize=64618, Duration=0.143733, RunGuid=RunID1C79A73A414D7D2E6B3A949852008D6F
DDCTransactionIdFC1C83824942CA647BFFB5A59F97735F_42, PutCachedData=, CacheKey=PhysXPC_FULL_5DF9E1AAB7CC4DCCB2965BA1A78DFE8_592E14B5DB1721B6D19237D40565D8EB, StartTime=2016.04.01-22.23.52, HierarchicalDDC=, DataSize=64618, Duration=0.135913, RunGuid=RunID1C79A73A414D7D2E6B3A949852008D6F
DDCTransactionIdFC1C83824942CA647BFFB5A59F97735F_43, PutCachedData=, CacheKey=PhysXPC_VIS_5DF9E1AAB7CC4DCCB2965BA1A78DFE8_48CEF72846156D15DC94788CD45F2963, StartTime=2016.04.01-22.23.52, HierarchicalDDC=, DataSize=64618, Duration=0.136890, RunGuid=RunID1C79A73A414D7D2E6B3A949852008D6F
DDCTransactionId01384B1C4332ED10C04FE18EC6345BDC_42, PutCachedData=, CacheKey=PhysXPC_FULL_5DF9E1AAB7CC4DCCB2965BA1A78DFE8_078BA58E989537084B280029107218A9, StartTime=2016.04.01-22.23.52, HierarchicalDDC=, DataSize=64618, Duration=0.138357, RunGuid=RunID1C79A73A414D7D2E6B3A949852008D6F
DDCTransactionIdFC1C83824942CA647BFFB5A59F97735F_44, PutCachedData=, CacheKey=PhysXPC_VIS_5DF9E1AAB7CC4DCCB2965BA1A78DFE8_1AA1E492446878404BB61A96D0DA13B2, StartTime=2016.04.01-22.23.52, HierarchicalDDC=, DataSize=64618, Duration=0.126623, RunGuid=RunID1C79A73A414D7D2E6B3A949852008D6F
DDCTransactionId01384B1C4332ED10C04FE18EC6345BDC_43, PutCachedData=, CacheKey=PhysXPC_FULL_5DF9E1AAB7CC4DCCB2965BA1A78DFE8_7A3FCC408A3929C31763407129F4AFBD, StartTime=2016.04.01-22.23.52, HierarchicalDDC=, DataSize=64618, Duration=0.127111, RunGuid=RunID1C79A73A414D7D2E6B3A949852008D6F
DDCTransactionIdFC1C83824942CA647BFFB5A59F97735F_45, PutCachedData=, CacheKey=PhysXPC_VIS_5DF9E1AAB7CC4DCCB2965BA1A78DFE8_15719D9F4CDB9E845D19ED8CA56F126F, StartTime=2016.04.01-22.23.52, HierarchicalDDC=, DataSize=64618, Duration=0.127111, RunGuid=RunID1C79A73A414D7D2E6B3A949852008D6F
DDCTransactionId01384B1C4332ED10C04FE18EC6345BDC_44, PutCachedData=, CacheKey=PhysXPC_FULL_5DF9E1AAB7CC4DCCB2965BA1A78DFE8_87B888C9D37D3A90A930F158494A5B9C, StartTime=2016.04.01-22.23.52, HierarchicalDDC=, DataSize=64618, Duration=0.123199, RunGuid=RunID1C79A73A414D7D2E6B3A949852008D6F
DDCTransactionIdFC1C83824942CA647BFFB5A59F97735F_46, PutCachedData=, CacheKey=PhysXPC_VIS_5DF9E1AAB7CC4DCCB2965BA1A78DFE8_0EDE3293447E97D114161F8D1D1B6AC3, StartTime=2016.04.01-22.23.52, HierarchicalDDC=, DataSize=64618, Duration=0.127111, RunGuid=RunID1C79A73A414D7D2E6B3A949852008D6F
DDCTransactionId01384B1C4332ED10C04FE18EC6345BDC_45, PutCachedData=, CacheKey=PhysXPC_FULL_5DF9E1AAB7CC4DCCB2965BA1A78DFE8_A086BACAA139954F42FC70A129BD4607, StartTime=2016.04.01-22.23.52, HierarchicalDDC=, DataSize=64618, Duration=0.165734, RunGuid=RunID1C79A73A414D7D2E6B3A949852008D6F
DDCTransactionIdFC1C83824942CA647BFFB5A59F97735F_47, PutCachedData=, CacheKey=PhysXPC_VIS_5DF9E1AAB7CC4DCCB2965BA1A78DFE8_1691F9E147EEE1BAFFAA4C8D1E44A925, StartTime=2016.04.01-22.23.52, HierarchicalDDC=, DataSize=64618, Duration=0.126623, RunGuid=RunID1C79A73A414D7D2E6B3A949852008D6F
DDCTransactionId01384B1C4332ED10C04FE18EC6345BDC_46, PutCachedData=, CacheKey=PhysXPC_FULL_5DF9E1AAB7CC4DCCB2965BA1A78DFE8_31C8901B89562AB2D1AC462D5E382B0A, StartTime=2016.04.01-22.23.52, HierarchicalDDC=, DataSize=64618, Duration=0.121735, RunGuid=RunID1C79A73A414D7D2E6B3A949852008D6F
DDCTransactionIdFC1C83824942CA647BFFB5A59F97735F_48, PutCachedData=, CacheKey=PhysXPC_VIS_5DF9E1AAB7CC4DCCB2965BA1A78DFE8_A29F2EBF433ED80864F9D18B4045885E, StartTime=2016.04.01-22.23.52, HierarchicalDDC=, DataSize=64618, Duration=0.126623, RunGuid=RunID1C79A73A414D7D2E6B3A949852008D6F
DDCTransactionId01384B1C4332ED10C04FE18EC6345BDC_47, PutCachedData=, CacheKey=PhysXPC_FULL_5DF9E1AAB7CC4DCCB2965BA1A78DFE8_7FD964787BD7E05A9DCC24196CA880F0, StartTime=2016.04.01-22.23.52, HierarchicalDDC=, DataSize=64618, Duration=0.131510, RunGuid=RunID1C79A73A414D7D2E6B3A949852008D6F
DDCTransactionIdFC1C83824942CA647BFFB5A59F97735F_49, PutCachedData=, CacheKey=PhysXPC_VIS_5DF9E1AAB7CC4DCCB2965BA1A78DFE8_2E3584DA4F0E850A723CFDB8E849E506, StartTime=2016.04.01-22.23.52, HierarchicalDDC=, DataSize=64618, Duration=0.121243, RunGuid=RunID1C79A73A414D7D2E6B3A949852008D6F
DDCTransactionId01384B1C4332ED10C04FE18EC6345BDC_48, PutCachedData=, CacheKey=PhysXPC_FULL_5DF9E1AAB7CC4DCCB2965BA1A78DFE8_9A27FDCE409F6A4CD892A4AAD34FE2B1, StartTime=2016.04.01-22.23.52, HierarchicalDDC=, DataSize=64618, Duration=0.128087, RunGuid=RunID1C79A73A414D7D2E6B3A949852008D6F
DDCTransactionIdFC1C83824942CA647BFFB5A59F97735F_50, PutCachedData=, CacheKey=PhysXPC_VIS_5DF9E1AAB7CC4DCCB2965BA1A78DFE8_9C2040F5453B2355A6EE16BB8C48126B, StartTime=2016.04.01-22.23.52, HierarchicalDDC=, DataSize=64618, Duration=0.121243, RunGuid=RunID1C79A73A414D7D2E6B3A949852008D6F
DDCTransactionId01384B1C4332ED10C04FE18EC6345BDC_49, PutCachedData=, CacheKey=PhysXPC_FULL_5DF9E1AAB7CC4DCCB2965BA1A78DFE8_0FB8C1D44B1247CAEC57A11A544A9D24, StartTime=2016.04.01-22.23.52, HierarchicalDDC=, DataSize=64618, Duration=0.121243, RunGuid=RunID1C79A73A414D7D2E6B3A949852008D6F
DDCTransactionIdFC1C83824942CA647BFFB5A59F97735F_51, PutCachedData=, CacheKey=PhysXPC_VIS_5DF9E1AAB7CC4DCCB2965BA1A78DFE8_A9C0EA4B4DFA8AF9A0A08DA13920284A, StartTime=2016.04.01-22.23.52, HierarchicalDDC=, DataSize=64618, Duration=0.125643, RunGuid=RunID1C79A73A414D7D2E6B3A949852008D6F
DDCTransactionId01384B1C4332ED10C04FE18EC6345BDC_50, PutCachedData=, CacheKey=PhysXPC_FULL_5DF9E1AAB7CC4DCCB2965BA1A78DFE8_7FEDB41317805ED746FC568D51E046BC, StartTime=2016.04.01-22.23.52, HierarchicalDDC=, DataSize=64618, Duration=0.132490, RunGuid=RunID1C79A73A414D7D2E6B3A949852008D6F
DDCTransactionIdFC1C83824942CA647BFFB5A59F97735F_52, PutCachedData=, CacheKey=PhysXPC_VIS_5DF9E1AAB7CC4DCCB2965BA1A78DFE8_9DB8840F423D83B81F1B929E2CBB0016, StartTime=2016.04.01-22.23.52, HierarchicalDDC=, DataSize=64618, Duration=0.129554, RunGuid=RunID1C79A73A414D7D2E6B3A949852008D6F
DDCTransactionId01384B1C4332ED10C04FE18EC6345BDC_51, PutCachedData=, CacheKey=PhysXPC_FULL_5DF9E1AAB7CC4DCCB2965BA1A78DFE8_A2FAE016E839CD6E48E8AFC3B7516023, StartTime=2016.04.01-22.23.52, HierarchicalDDC=, DataSize=64618, Duration=0.130534, RunGuid=RunID1C79A73A414D7D2E6B3A949852008D6F
DDCTransactionIdFC1C83824942CA647BFFB5A59F97735F_53, PutCachedData=, CacheKey=PhysXPC_VIS_5DF9E1AAB7CC4DCCB2965BA1A78DFE8_CC4EB9114D3F7DE4A989449B5F68F1A5, StartTime=2016.04.01-22.23.52, HierarchicalDDC=, DataSize=64618, Duration=0.128578, RunGuid=RunID1C79A73A414D7D2E6B3A949852008D6F
DDCTransactionId01384B1C4332ED10C04FE18EC6345BDC_52, PutCachedData=, CacheKey=PhysXPC_FULL_5DF9E1AAB7CC4DCCB2965BA1A78DFE8_D9F3F2A934DA0D4DB2CF977EA383DE36, StartTime=2016.04.01-22.23.52, HierarchicalDDC=, DataSize=64618, Duration=0.126135, RunGuid=RunID1C79A73A414D7D2E6B3A949852008D6F
DDCTransactionIdFC1C83824942CA647BFFB5A59F97735F_54, PutCachedData=, CacheKey=PhysXPC_VIS_5DF9E1AAB7CC4DCCB2965BA1A78DFE8_EDC0F2754BE9C6BA6E1D3E888950D57D, StartTime=2016.04.01-22.23.52, HierarchicalDDC=, DataSize=64618, Duration=0.128087, RunGuid=RunID1C79A73A414D7D2E6B3A949852008D6F
DDCTransactionId01384B1C4332ED10C04FE18EC6345BDC_53, PutCachedData=, CacheKey=PhysXPC_FULL_5DF9E1AAB7CC4DCCB2965BA1A78DFE8_B590CB818FCE8944B0488571582FEDC0, StartTime=2016.04.01-22.23.52, HierarchicalDDC=, DataSize=64618, Duration=0.133958, RunGuid=RunID1C79A73A414D7D2E6B3A949852008D6F
DDCTransactionIdFC1C83824942CA647BFFB5A59F97735F_55, PutCachedData=, CacheKey=PhysXPC_VIS_5DF9E1AAB7CC4DCCB2965BA1A78DFE8_BCDF74354CC185E29C30FA84427D5441, StartTime=2016.04.01-22.23.52, HierarchicalDDC=, DataSize=64618, Duration=0.133958, RunGuid=RunID1C79A73A414D7D2E6B3A949852008D6F
DDCTransactionId01384B1C4332ED10C04FE18EC6345BDC_54, PutCachedData=, CacheKey=PhysXPC_FULL_5DF9E1AAB7CC4DCCB2965BA1A78DFE8_8CFE91808E16D673E37B7C76011E5549, StartTime=2016.04.01-22.23.52, HierarchicalDDC=, DataSize=64618, Duration=0.133954, RunGuid=RunID1C79A73A414D7D2E6B3A949852008D6F
DDCTransactionIdFC1C83824942CA647BFFB5A59F97735F_56, PutCachedData=, CacheKey=PhysXPC_VIS_5DF9E1AAB7CC4DCCB2965BA1A78DFE8_348CC6434E9F5D720C311D9855F59E3C, StartTime=2016.04.01-22.23.52, HierarchicalDDC=, DataSize=64618, Duration=0.134446, RunGuid=RunID1C79A73A414D7D2E6B3A949852008D6F
DDCTransactionId01384B1C4332ED10C04FE18EC6345BDC_55, PutCachedData=, CacheKey=PhysXPC_FULL_5DF9E1AAB7CC4DCCB2965BA1A78DFE8_CC884B8E42F2657B5540F5BA9C842554, StartTime=2016.04.01-22.23.52, HierarchicalDDC=, DataSize=64618, Duration=0.142265, RunGuid=RunID1C79A73A414D7D2E6B3A949852008D6F
DDCTransactionIdFC1C83824942CA647BFFB5A59F97735F_57, PutCachedData=, CacheKey=PhysXPC_VIS_5DF9E1AAB7CC4DCCB2965BA1A78DFE8_FF4A87ED4A7FFEA8D70DF48E8237C5ED, StartTime=2016.04.01-22.23.52, HierarchicalDDC=, DataSize=64618, Duration=0.131998, RunGuid=RunID1C79A73A414D7D2E6B3A949852008D6F
DDCTransactionIdFC1C83824942CA647BFFB5A59F97735F_58, PutCachedData=, CacheKey=PhysXPC_FULL_5DF9E1AAB7CC4DCCB2965BA1A78DFE8_29C71C25D5E19C452F5686300522AC94, StartTime=2016.04.01-22.23.52, HierarchicalDDC=, DataSize=64618, Duration=0.131998, RunGuid=RunID1C79A73A414D7D2E6B3A949852008D6F
DDCTransactionId01384B1C4332ED10C04FE18EC6345BDC_56, PutCachedData=, CacheKey=PhysXPC_VIS_5DF9E1AAB7CC4DCCB2965BA1A78DFE8_EB18C24F400938F9505F658E7D3B015E, StartTime=2016.04.01-22.23.52, HierarchicalDDC=, DataSize=64618, Duration=0.125155, RunGuid=RunID1C79A73A414D7D2E6B3A949852008D6F
DDCTransactionIdFC1C83824942CA647BFFB5A59F97735F_59, PutCachedData=, CacheKey=PhysXPC_FULL_5DF9E1AAB7CC4DCCB2965BA1A78DFE8_F0F5946F718BBA91B2A327665A62CA13, StartTime=2016.04.01-22.23.52, HierarchicalDDC=, DataSize=64618, Duration=0.131998, RunGuid=RunID1C79A73A414D7D2E6B3A949852008D6F
DDCTransactionId01384B1C4332ED10C04FE18EC6345BDC_57, PutCachedData=, CacheKey=PhysXPC_VIS_5DF9E1AAB7CC4DCCB2965BA1A78DFE8_35F8A7A64FB75C9DA7691FB5EA30BFDB, StartTime=2016.04.01-22.23.52, HierarchicalDDC=, DataSize=64618, Duration=0.131022, RunGuid=RunID1C79A73A414D7D2E6B3A949852008D6F
DDCTransactionIdFC1C83824942CA647BFFB5A59F97735F_60, PutCachedData=, CacheKey=PhysXPC_FULL_5DF9E1AAB7CC4DCCB2965BA1A78DFE8_0DED32687E29772D2C5FEE2F84779A4E, StartTime=2016.04.01-22.23.52, HierarchicalDDC=, DataSize=64618, Duration=0.135422, RunGuid=RunID1C79A73A414D7D2E6B3A949852008D6F
DDCTransactionId01384B1C4332ED10C04FE18EC6345BDC_58, PutCachedData=, CacheKey=PhysXPC_VIS_5DF9E1AAB7CC4DCCB2965BA1A78DFE8_B499F80A451A5568AEE982B0B4223135, StartTime=2016.04.01-22.23.52, HierarchicalDDC=, DataSize=64618, Duration=0.129554, RunGuid=RunID1C79A73A414D7D2E6B3A949852008D6F
DDCTransactionId01384B1C4332ED10C04FE18EC6345BDC_59, PutCachedData=, CacheKey=PhysXPC_FULL_5DF9E1AAB7CC4DCCB2965BA1A78DFE8_73EB3B78C1144DECCE8884A6D148FF38, StartTime=2016.04.01-22.23.52, HierarchicalDDC=, DataSize=64618, Duration=0.130534, RunGuid=RunID1C79A73A414D7D2E6B3A949852008D6F
DDCTransactionIdFC1C83824942CA647BFFB5A59F97735F_61, PutCachedData=, CacheKey=PhysXPC_VIS_5DF9E1AAB7CC4DCCB2965BA1A78DFE8_64D926734CDEC75F088FA794759BFAE6, StartTime=2016.04.01-22.23.52, HierarchicalDDC=, DataSize=64618, Duration=0.128090, RunGuid=RunID1C79A73A414D7D2E6B3A949852008D6F
DDCTransactionId01384B1C4332ED10C04FE18EC6345BDC_60, PutCachedData=, CacheKey=PhysXPC_FULL_5DF9E1AAB7CC4DCCB2965BA1A78DFE8_A69713A88FF3A90BFA301A4A918B07D9, StartTime=2016.04.01-22.23.52, HierarchicalDDC=, DataSize=64618, Duration=0.124175, RunGuid=RunID1C79A73A414D7D2E6B3A949852008D6F
DDCTransactionIdFC1C83824942CA647BFFB5A59F97735F_62, PutCachedData=, CacheKey=PhysXPC_VIS_5DF9E1AAB7CC4DCCB2965BA1A78DFE8_26628D1D478F9AD44EF371B37C04355D, StartTime=2016.04.01-22.23.52, HierarchicalDDC=, DataSize=64618, Duration=0.130534, RunGuid=RunID1C79A73A414D7D2E6B3A949852008D6F
DDCTransactionId01384B1C4332ED10C04FE18EC6345BDC_61, PutCachedData=, CacheKey=PhysXPC_FULL_5DF9E1AAB7CC4DCCB2965BA1A78DFE8_1980E78667E1DF806559394D6DB2BFB8, StartTime=2016.04.01-22.23.52, HierarchicalDDC=, DataSize=64618, Duration=0.116356, RunGuid=RunID1C79A73A414D7D2E6B3A949852008D6F
DDCTransactionIdFC1C83824942CA647BFFB5A59F97735F_63, PutCachedData=, CacheKey=PhysXPC_VIS_5DF9E1AAB7CC4DCCB2965BA1A78DFE8_042759FA4FBE0EECB456E8A11C9B5883, StartTime=2016.04.01-22.23.52, HierarchicalDDC=, DataSize=64618, Duration=0.178445, RunGuid=RunID1C79A73A414D7D2E6B3A949852008D6F
DDCTransactionId01384B1C4332ED10C04FE18EC6345BDC_62, PutCachedData=, CacheKey=PhysXPC_FULL_5DF9E1AAB7CC4DCCB2965BA1A78DFE8_1C9FB097C4F4604D801C5E6F082754F1, StartTime=2016.04.01-22.23.52, HierarchicalDDC=, DataSize=64618, Duration=0.146668, RunGuid=RunID1C79A73A414D7D2E6B3A949852008D6F
DDCTransactionIdFC1C83824942CA647BFFB5A59F97735F_64, PutCachedData=, CacheKey=PhysXPC_VIS_5DF9E1AAB7CC4DCCB2965BA1A78DFE8_3E31C9564C5F1430D84297B895A6AA4F, StartTime=2016.04.01-22.23.52, HierarchicalDDC=, DataSize=64618, Duration=0.123687, RunGuid=RunID1C79A73A414D7D2E6B3A949852008D6F
DDCTransactionId01384B1C4332ED10C04FE18EC6345BDC_63, PutCachedData=, CacheKey=PhysXPC_FULL_5DF9E1AAB7CC4DCCB2965BA1A78DFE8_66E7F888ACC3D4C7542608927F058401, StartTime=2016.04.01-22.23.52, HierarchicalDDC=, DataSize=64618, Duration=0.161331, RunGuid=RunID1C79A73A414D7D2E6B3A949852008D6F
DDCTransactionIdFC1C83824942CA647BFFB5A59F97735F_65, PutCachedData=, CacheKey=PhysXPC_VIS_5DF9E1AAB7CC4DCCB2965BA1A78DFE8_B47AB8D4437F2936B5FE5BAA7FB80C13, StartTime=2016.04.01-22.23.52, HierarchicalDDC=, DataSize=64618, Duration=0.131514, RunGuid=RunID1C79A73A414D7D2E6B3A949852008D6F
DDCTransactionId01384B1C4332ED10C04FE18EC6345BDC_64, PutCachedData=, CacheKey=PhysXPC_FULL_5DF9E1AAB7CC4DCCB2965BA1A78DFE8_2C4D76CCED60ADA6BF64F3DEDFCF3351, StartTime=2016.04.01-22.23.52, HierarchicalDDC=, DataSize=64618, Duration=0.151068, RunGuid=RunID1C79A73A414D7D2E6B3A949852008D6F
DDCTransactionIdFC1C83824942CA647BFFB5A59F97735F_66, PutCachedData=, CacheKey=PhysXPC_VIS_5DF9E1AAB7CC4DCCB2965BA1A78DFE8_6E8477CF4CEFE08B16EBA98E681205EC, StartTime=2016.04.01-22.23.52, HierarchicalDDC=, DataSize=64618, Duration=0.113912, RunGuid=RunID1C79A73A414D7D2E6B3A949852008D6F
DDCTransactionId01384B1C4332ED10C04FE18EC6345BDC_65, PutCachedData=, CacheKey=PhysXPC_FULL_5DF9E1AAB7CC4DCCB2965BA1A78DFE8_96265C6302C5A5F16C0DA75C9268C7D2, StartTime=2016.04.01-22.23.52, HierarchicalDDC=, DataSize=64618, Duration=0.174534, RunGuid=RunID1C79A73A414D7D2E6B3A949852008D6F
DDCTransactionIdFC1C83824942CA647BFFB5A59F97735F_67, PutCachedData=, CacheKey=PhysXPC_VIS_5DF9E1AAB7CC4DCCB2965BA1A78DFE8_059EDBD741AE0708277D51B2EDE6B2F2, StartTime=2016.04.01-22.23.52, HierarchicalDDC=, DataSize=64618, Duration=0.113420, RunGuid=RunID1C79A73A414D7D2E6B3A949852008D6F
DDCTransactionId01384B1C4332ED10C04FE18EC6345BDC_66, PutCachedData=, CacheKey=PhysXPC_FULL_5DF9E1AAB7CC4DCCB2965BA1A78DFE8_1B207074640C8F022B9C9124ACF1ABA7, StartTime=2016.04.01-22.23.52, HierarchicalDDC=, DataSize=64618, Duration=0.140801, RunGuid=RunID1C79A73A414D7D2E6B3A949852008D6F
DDCTransactionIdFC1C83824942CA647BFFB5A59F97735F_68, PutCachedData=, CacheKey=PhysXPC_VIS_5DF9E1AAB7CC4DCCB2965BA1A78DFE8_4440E34440D1202B78BFBD834098C0F6, StartTime=2016.04.01-22.23.52, HierarchicalDDC=, DataSize=64618, Duration=0.112932, RunGuid=RunID1C79A73A414D7D2E6B3A949852008D6F
DDCTransactionId01384B1C4332ED10C04FE18EC6345BDC_67, PutCachedData=, CacheKey=PhysXPC_FULL_5DF9E1AAB7CC4DCCB2965BA1A78DFE8_D0E4FFD71DB2CE7A044A326A3C75E053, StartTime=2016.04.01-22.23.52, HierarchicalDDC=, DataSize=64618, Duration=0.160355, RunGuid=RunID1C79A73A414D7D2E6B3A949852008D6F
DDCTransactionIdFC1C83824942CA647BFFB5A59F97735F_69, PutCachedData=, CacheKey=PhysXPC_VIS_5DF9E1AAB7CC4DCCB2965BA1A78DFE8_B0DC1D464D984BA57656FCA270E549F9, StartTime=2016.04.01-22.23.52, HierarchicalDDC=, DataSize=64618, Duration=0.116356, RunGuid=RunID1C79A73A414D7D2E6B3A949852008D6F
DDCTransactionIdFC1C83824942CA647BFFB5A59F97735F_70, PutCachedData=, CacheKey=PhysXPC_FULL_5DF9E1AAB7CC4DCCB2965BA1A78DFE8_1E380E8AC5814589FCE97C3454B7E0BD, StartTime=2016.04.01-22.23.52, HierarchicalDDC=, DataSize=64618, Duration=0.128087, RunGuid=RunID1C79A73A414D7D2E6B3A949852008D6F
DDCTransactionId01384B1C4332ED10C04FE18EC6345BDC_68, PutCachedData=, CacheKey=PhysXPC_VIS_5DF9E1AAB7CC4DCCB2965BA1A78DFE8_01CD39E04DBB6F684EE6E69C4B1166C5, StartTime=2016.04.01-22.23.52, HierarchicalDDC=, DataSize=64618, Duration=0.144225, RunGuid=RunID1C79A73A414D7D2E6B3A949852008D6F
DDCTransactionIdFC1C83824942CA647BFFB5A59F97735F_71, PutCachedData=, CacheKey=PhysXPC_FULL_5DF9E1AAB7CC4DCCB2965BA1A78DFE8_12F52317DBE2EE6A5F68615552EC7AA5, StartTime=2016.04.01-22.23.52, HierarchicalDDC=, DataSize=64618, Duration=0.136402, RunGuid=RunID1C79A73A414D7D2E6B3A949852008D6F
DDCTransactionId01384B1C4332ED10C04FE18EC6345BDC_69, PutCachedData=, CacheKey=PhysXPC_VIS_5DF9E1AAB7CC4DCCB2965BA1A78DFE8_33EFE43C4F2EC436D04DB3969E87A36E, StartTime=2016.04.01-22.23.52, HierarchicalDDC=, DataSize=64618, Duration=0.150088, RunGuid=RunID1C79A73A414D7D2E6B3A949852008D6F
DDCTransactionIdFC1C83824942CA647BFFB5A59F97735F_72, PutCachedData=, CacheKey=PhysXPC_FULL_5DF9E1AAB7CC4DCCB2965BA1A78DFE8_52DD91822FF070D5A6265569D6DB256E, StartTime=2016.04.01-22.23.52, HierarchicalDDC=, DataSize=64618, Duration=0.215601, RunGuid=RunID1C79A73A414D7D2E6B3A949852008D6F
DDCTransactionId01384B1C4332ED10C04FE18EC6345BDC_70, PutCachedData=, CacheKey=PhysXPC_VIS_5DF9E1AAB7CC4DCCB2965BA1A78DFE8_7297768C491080C2FE7214975DC1BC64, StartTime=2016.04.01-22.23.52, HierarchicalDDC=, DataSize=64618, Duration=0.149600, RunGuid=RunID1C79A73A414D7D2E6B3A949852008D6F
DDCTransactionIdFC1C83824942CA647BFFB5A59F97735F_73, PutCachedData=, CacheKey=PhysXPC_FULL_5DF9E1AAB7CC4DCCB2965BA1A78DFE8_D333BBE5ABCD9CD3424B0575FF46AA3A, StartTime=2016.04.01-22.23.52, HierarchicalDDC=, DataSize=64618, Duration=0.174534, RunGuid=RunID1C79A73A414D7D2E6B3A949852008D6F
DDCTransactionId01384B1C4332ED10C04FE18EC6345BDC_71, PutCachedData=, CacheKey=PhysXPC_VIS_5DF9E1AAB7CC4DCCB2965BA1A78DFE8_18D16E0A4276DF3E021AF7A2CDBC9654, StartTime=2016.04.01-22.23.52, HierarchicalDDC=, DataSize=64618, Duration=0.146668, RunGuid=RunID1C79A73A414D7D2E6B3A949852008D6F
DDCTransactionId01384B1C4332ED10C04FE18EC6345BDC_72, PutCachedData=, CacheKey=PhysXPC_FULL_5DF9E1AAB7CC4DCCB2965BA1A78DFE8_FF6B0DA66875EF7A2B92979FB2322977, StartTime=2016.04.01-22.23.52, HierarchicalDDC=, DataSize=64618, Duration=0.145692, RunGuid=RunID1C79A73A414D7D2E6B3A949852008D6F
DDCTransactionIdFC1C83824942CA647BFFB5A59F97735F_74, PutCachedData=, CacheKey=PhysXPC_VIS_5DF9E1AAB7CC4DCCB2965BA1A78DFE8_0EE60FC9447992CAC3491C8238899AAD, StartTime=2016.04.01-22.23.52, HierarchicalDDC=, DataSize=64618, Duration=0.215601, RunGuid=RunID1C79A73A414D7D2E6B3A949852008D6F
DDCTransactionId01384B1C4332ED10C04FE18EC6345BDC_73, PutCachedData=, CacheKey=PhysXPC_FULL_5DF9E1AAB7CC4DCCB2965BA1A78DFE8_A4328AB99B1805945E601FC3A33E85E2, StartTime=2016.04.01-22.23.52, HierarchicalDDC=, DataSize=64618, Duration=0.154980, RunGuid=RunID1C79A73A414D7D2E6B3A949852008D6F
DDCTransactionIdFC1C83824942CA647BFFB5A59F97735F_75, PutCachedData=, CacheKey=PhysXPC_VIS_5DF9E1AAB7CC4DCCB2965BA1A78DFE8_64FD2A9240067F46B62ABCA2D141D61A, StartTime=2016.04.01-22.23.52, HierarchicalDDC=, DataSize=64618, Duration=0.211690, RunGuid=RunID1C79A73A414D7D2E6B3A949852008D6F
DDCTransactionId01384B1C4332ED10C04FE18EC6345BDC_74, PutCachedData=, CacheKey=PhysXPC_FULL_5DF9E1AAB7CC4DCCB2965BA1A78DFE8_0851A55B71222F01E732702A8C21F9E2, StartTime=2016.04.01-22.23.52, HierarchicalDDC=, DataSize=64618, Duration=0.150580, RunGuid=RunID1C79A73A414D7D2E6B3A949852008D6F
DDCTransactionId01384B1C4332ED10C04FE18EC6345BDC_75, PutCachedData=, CacheKey=PhysXPC_VIS_5DF9E1AAB7CC4DCCB2965BA1A78DFE8_CF29C6B746DFD1C46085C6B78F51311C, StartTime=2016.04.01-22.23.52, HierarchicalDDC=, DataSize=64618, Duration=0.205822, RunGuid=RunID1C79A73A414D7D2E6B3A949852008D6F
DDCTransactionIdFC1C83824942CA647BFFB5A59F97735F_76, PutCachedData=, CacheKey=PhysXPC_FULL_5DF9E1AAB7CC4DCCB2965BA1A78DFE8_02D0A545711AEE7B731F50DE2E749275, StartTime=2016.04.01-22.23.52, HierarchicalDDC=, DataSize=64618, Duration=0.205822, RunGuid=RunID1C79A73A414D7D2E6B3A949852008D6F
DDCTransactionId01384B1C4332ED10C04FE18EC6345BDC_76, PutCachedData=, CacheKey=PhysXPC_VIS_5DF9E1AAB7CC4DCCB2965BA1A78DFE8_BE7C39F74EB3FC791D85E3ABA6FC3FE5, StartTime=2016.04.01-22.23.52, HierarchicalDDC=, DataSize=64618, Duration=0.142757, RunGuid=RunID1C79A73A414D7D2E6B3A949852008D6F
DDCTransactionIdFC1C83824942CA647BFFB5A59F97735F_77, PutCachedData=, CacheKey=PhysXPC_FULL_5DF9E1AAB7CC4DCCB2965BA1A78DFE8_D140B59BDF4973E9DE528601925C630B, StartTime=2016.04.01-22.23.52, HierarchicalDDC=, DataSize=64618, Duration=0.148624, RunGuid=RunID1C79A73A414D7D2E6B3A949852008D6F
DDCTransactionId01384B1C4332ED10C04FE18EC6345BDC_77, PutCachedData=, CacheKey=PhysXPC_VIS_5DF9E1AAB7CC4DCCB2965BA1A78DFE8_FFB01D934D99CC3EBF885D9C402CC358, StartTime=2016.04.01-22.23.52, HierarchicalDDC=, DataSize=64618, Duration=0.135913, RunGuid=RunID1C79A73A414D7D2E6B3A949852008D6F
DDCTransactionIdFC1C83824942CA647BFFB5A59F97735F_78, PutCachedData=, CacheKey=PhysXPC_FULL_5DF9E1AAB7CC4DCCB2965BA1A78DFE8_B8DF62449BFC3F81A8A01EE7BE669C62, StartTime=2016.04.01-22.23.52, HierarchicalDDC=, DataSize=64618, Duration=0.141777, RunGuid=RunID1C79A73A414D7D2E6B3A949852008D6F
DDCTransactionId01384B1C4332ED10C04FE18EC6345BDC_78, PutCachedData=, CacheKey=PhysXPC_VIS_5DF9E1AAB7CC4DCCB2965BA1A78DFE8_48919971452CE69514007A989BCDB929, StartTime=2016.04.01-22.23.52, HierarchicalDDC=, DataSize=64618, Duration=0.134934, RunGuid=RunID1C79A73A414D7D2E6B3A949852008D6F
DDCTransactionIdFC1C83824942CA647BFFB5A59F97735F_79, PutCachedData=, CacheKey=PhysXPC_FULL_5DF9E1AAB7CC4DCCB2965BA1A78DFE8_220A128CE59C68B008CA65CAA4EC1234, StartTime=2016.04.01-22.23.52, HierarchicalDDC=, DataSize=64618, Duration=0.137378, RunGuid=RunID1C79A73A414D7D2E6B3A949852008D6F
DDCTransactionId01384B1C4332ED10C04FE18EC6345BDC_79, PutCachedData=, CacheKey=PhysXPC_VIS_5DF9E1AAB7CC4DCCB2965BA1A78DFE8_F7EA07834532F1225EDC7DB3B7A25C78, StartTime=2016.04.01-22.23.52, HierarchicalDDC=, DataSize=64618, Duration=0.134934, RunGuid=RunID1C79A73A414D7D2E6B3A949852008D6F
DDCTransactionIdFC1C83824942CA647BFFB5A59F97735F_80, PutCachedData=, CacheKey=PhysXPC_FULL_5DF9E1AAB7CC4DCCB2965BA1A78DFE8_4499433EF532C3FD5DA09725FD4AB767, StartTime=2016.04.01-22.23.52, HierarchicalDDC=, DataSize=64618, Duration=0.136398, RunGuid=RunID1C79A73A414D7D2E6B3A949852008D6F
DDCTransactionId01384B1C4332ED10C04FE18EC6345BDC_80, PutCachedData=, CacheKey=PhysXPC_VIS_5DF9E1AAB7CC4DCCB2965BA1A78DFE8_F8412F784D608F6BBF01659B571C2D1A, StartTime=2016.04.01-22.23.52, HierarchicalDDC=, DataSize=64618, Duration=0.133466, RunGuid=RunID1C79A73A414D7D2E6B3A949852008D6F
DDCTransactionIdFC1C83824942CA647BFFB5A59F97735F_81, PutCachedData=, CacheKey=PhysXPC_FULL_5DF9E1AAB7CC4DCCB2965BA1A78DFE8_48D7C192FDDAB2655317D2F130BF7A60, StartTime=2016.04.01-22.23.52, HierarchicalDDC=, DataSize=64618, Duration=0.187736, RunGuid=RunID1C79A73A414D7D2E6B3A949852008D6F
DDCTransactionId01384B1C4332ED10C04FE18EC6345BDC_81, PutCachedData=, CacheKey=PhysXPC_VIS_5DF9E1AAB7CC4DCCB2965BA1A78DFE8_0A91863E470EDBEA34F6029D9A93DD87, StartTime=2016.04.01-22.23.52, HierarchicalDDC=, DataSize=64618, Duration=0.149108, RunGuid=RunID1C79A73A414D7D2E6B3A949852008D6F
DDCTransactionIdFC1C83824942CA647BFFB5A59F97735F_82, PutCachedData=, CacheKey=PhysXPC_FULL_5DF9E1AAB7CC4DCCB2965BA1A78DFE8_AC5B548497EFCCE57EDA6375B7324ACC, StartTime=2016.04.01-22.23.52, HierarchicalDDC=, DataSize=64618, Duration=0.164267, RunGuid=RunID1C79A73A414D7D2E6B3A949852008D6F
DDCTransactionId01384B1C4332ED10C04FE18EC6345BDC_82, PutCachedData=, CacheKey=PhysXPC_VIS_5DF9E1AAB7CC4DCCB2965BA1A78DFE8_6C779FC54E1B3F965DD7CEA11BD3E7D5, StartTime=2016.04.01-22.23.52, HierarchicalDDC=, DataSize=64618, Duration=0.153020, RunGuid=RunID1C79A73A414D7D2E6B3A949852008D6F
DDCTransactionId01384B1C4332ED10C04FE18EC6345BDC_83, PutCachedData=, CacheKey=PhysXPC_FULL_5DF9E1AAB7CC4DCCB2965BA1A78DFE8_829BFC4B19ED655FA00C601A31117937, StartTime=2016.04.01-22.23.52, HierarchicalDDC=, DataSize=64618, Duration=0.148132, RunGuid=RunID1C79A73A414D7D2E6B3A949852008D6F
DDCTransactionIdFC1C83824942CA647BFFB5A59F97735F_83, PutCachedData=, CacheKey=PhysXPC_VIS_5DF9E1AAB7CC4DCCB2965BA1A78DFE8_5960D63C43AA2859D03C8F8ED13573FA, StartTime=2016.04.01-22.23.52, HierarchicalDDC=, DataSize=64618, Duration=0.147644, RunGuid=RunID1C79A73A414D7D2E6B3A949852008D6F
DDCTransactionId01384B1C4332ED10C04FE18EC6345BDC_84, PutCachedData=, CacheKey=PhysXPC_FULL_5DF9E1AAB7CC4DCCB2965BA1A78DFE8_07FA52A32877221AF3C16DC3A02E5AB3, StartTime=2016.04.01-22.23.52, HierarchicalDDC=, DataSize=64618, Duration=0.130530, RunGuid=RunID1C79A73A414D7D2E6B3A949852008D6F
DDCTransactionIdFC1C83824942CA647BFFB5A59F97735F_84, PutCachedData=, CacheKey=PhysXPC_VIS_5DF9E1AAB7CC4DCCB2965BA1A78DFE8_31E99C14414475B2BC895781247B4D4B, StartTime=2016.04.01-22.23.52, HierarchicalDDC=, DataSize=64618, Duration=0.130534, RunGuid=RunID1C79A73A414D7D2E6B3A949852008D6F
DDCTransactionId01384B1C4332ED10C04FE18EC6345BDC_85, PutCachedData=, CacheKey=PhysXPC_FULL_5DF9E1AAB7CC4DCCB2965BA1A78DFE8_D81238BC959650E4D47802B489F42482, StartTime=2016.04.01-22.23.52, HierarchicalDDC=, DataSize=64618, Duration=0.133466, RunGuid=RunID1C79A73A414D7D2E6B3A949852008D6F
DDCTransactionIdFC1C83824942CA647BFFB5A59F97735F_85, PutCachedData=, CacheKey=PhysXPC_VIS_5DF9E1AAB7CC4DCCB2965BA1A78DFE8_EEFCBED94CF40622E3BEBB927B7DF84C, StartTime=2016.04.01-22.23.52, HierarchicalDDC=, DataSize=64618, Duration=0.152044, RunGuid=RunID1C79A73A414D7D2E6B3A949852008D6F
DDCTransactionId01384B1C4332ED10C04FE18EC6345BDC_86, PutCachedData=, CacheKey=PhysXPC_FULL_5DF9E1AAB7CC4DCCB2965BA1A78DFE8_6AE78C1BBDA56793B0518A1C15991FD3, StartTime=2016.04.01-22.23.52, HierarchicalDDC=, DataSize=64618, Duration=0.135422, RunGuid=RunID1C79A73A414D7D2E6B3A949852008D6F
DDCTransactionIdFC1C83824942CA647BFFB5A59F97735F_86, PutCachedData=, CacheKey=PhysXPC_VIS_5DF9E1AAB7CC4DCCB2965BA1A78DFE8_D51D7A934276084EF6DFE69A9F1D1257, StartTime=2016.04.01-22.23.52, HierarchicalDDC=, DataSize=64618, Duration=0.125643, RunGuid=RunID1C79A73A414D7D2E6B3A949852008D6F
DDCTransactionId01384B1C4332ED10C04FE18EC6345BDC_87, PutCachedData=, CacheKey=PhysXPC_FULL_5DF9E1AAB7CC4DCCB2965BA1A78DFE8_C9E0413C314C9A53E7E8A0AA0C7F6649, StartTime=2016.04.01-22.23.52, HierarchicalDDC=, DataSize=64618, Duration=0.154976, RunGuid=RunID1C79A73A414D7D2E6B3A949852008D6F
DDCTransactionIdFC1C83824942CA647BFFB5A59F97735F_87, PutCachedData=, CacheKey=PhysXPC_VIS_5DF9E1AAB7CC4DCCB2965BA1A78DFE8_0400FE01434386FF6F981FA74F59F38D, StartTime=2016.04.01-22.23.52, HierarchicalDDC=, DataSize=64618, Duration=0.144221, RunGuid=RunID1C79A73A414D7D2E6B3A949852008D6F
DDCTransactionId01384B1C4332ED10C04FE18EC6345BDC_88, PutCachedData=, CacheKey=PhysXPC_FULL_5DF9E1AAB7CC4DCCB2965BA1A78DFE8_9B0621098423E5495D8476A8DFEF9F2A, StartTime=2016.04.01-22.23.52, HierarchicalDDC=, DataSize=64618, Duration=0.128578, RunGuid=RunID1C79A73A414D7D2E6B3A949852008D6F
DDCTransactionIdFC1C83824942CA647BFFB5A59F97735F_88, PutCachedData=, CacheKey=PhysXPC_VIS_5DF9E1AAB7CC4DCCB2965BA1A78DFE8_860F07324DA334C790866EA031070814, StartTime=2016.04.01-22.23.52, HierarchicalDDC=, DataSize=64618, Duration=0.126135, RunGuid=RunID1C79A73A414D7D2E6B3A949852008D6F
DDCTransactionId01384B1C4332ED10C04FE18EC6345BDC_89, PutCachedData=, CacheKey=PhysXPC_FULL_5DF9E1AAB7CC4DCCB2965BA1A78DFE8_57320EF77B34EB4E22F36A2824608218, StartTime=2016.04.01-22.23.52, HierarchicalDDC=, DataSize=64618, Duration=0.132978, RunGuid=RunID1C79A73A414D7D2E6B3A949852008D6F
DDCTransactionIdFC1C83824942CA647BFFB5A59F97735F_89, PutCachedData=, CacheKey=PhysXPC_VIS_5DF9E1AAB7CC4DCCB2965BA1A78DFE8_1B8CB9CF4C087E268FAF0FAC65281A9E, StartTime=2016.04.01-22.23.52, HierarchicalDDC=, DataSize=64618, Duration=0.133954, RunGuid=RunID1C79A73A414D7D2E6B3A949852008D6F
DDCTransactionId01384B1C4332ED10C04FE18EC6345BDC_90, PutCachedData=, CacheKey=PhysXPC_FULL_5DF9E1AAB7CC4DCCB2965BA1A78DFE8_767B5386C8C8358AD6ADB5AC26E227F0, StartTime=2016.04.01-22.23.52, HierarchicalDDC=, DataSize=64618, Duration=0.125155, RunGuid=RunID1C79A73A414D7D2E6B3A949852008D6F
DDCTransactionIdFC1C83824942CA647BFFB5A59F97735F_90, PutCachedData=, CacheKey=PhysXPC_VIS_5DF9E1AAB7CC4DCCB2965BA1A78DFE8_77106B7048B47C0087A11BB870999A99, StartTime=2016.04.01-22.23.52, HierarchicalDDC=, DataSize=64618, Duration=0.155464, RunGuid=RunID1C79A73A414D7D2E6B3A949852008D6F
DDCTransactionId01384B1C4332ED10C04FE18EC6345BDC_91, PutCachedData=, CacheKey=PhysXPC_FULL_5DF9E1AAB7CC4DCCB2965BA1A78DFE8_7F382BA3FE1E4151E751D4631E18960C, StartTime=2016.04.01-22.23.52, HierarchicalDDC=, DataSize=64618, Duration=0.120755, RunGuid=RunID1C79A73A414D7D2E6B3A949852008D6F
DDCTransactionIdFC1C83824942CA647BFFB5A59F97735F_91, PutCachedData=, CacheKey=PhysXPC_VIS_5DF9E1AAB7CC4DCCB2965BA1A78DFE8_4EC129EE40EC6B36345C02AB6F737BC3, StartTime=2016.04.01-22.23.52, HierarchicalDDC=, DataSize=64618, Duration=0.135910, RunGuid=RunID1C79A73A414D7D2E6B3A949852008D6F
DDCTransactionId01384B1C4332ED10C04FE18EC6345BDC_92, PutCachedData=, CacheKey=PhysXPC_FULL_5DF9E1AAB7CC4DCCB2965BA1A78DFE8_9926BD6B06EB0C90585B47CB8086276A, StartTime=2016.04.01-22.23.52, HierarchicalDDC=, DataSize=64618, Duration=0.127602, RunGuid=RunID1C79A73A414D7D2E6B3A949852008D6F
DDCTransactionIdFC1C83824942CA647BFFB5A59F97735F_92, PutCachedData=, CacheKey=PhysXPC_VIS_5DF9E1AAB7CC4DCCB2965BA1A78DFE8_8BEE25EE4655DDF16F22748054592E94, StartTime=2016.04.01-22.23.52, HierarchicalDDC=, DataSize=64618, Duration=0.124179, RunGuid=RunID1C79A73A414D7D2E6B3A949852008D6F
DDCTransactionId01384B1C4332ED10C04FE18EC6345BDC_93, PutCachedData=, CacheKey=PhysXPC_FULL_5DF9E1AAB7CC4DCCB2965BA1A78DFE8_0647011E2047AB38FCBD04EA81D0D97C, StartTime=2016.04.01-22.23.52, HierarchicalDDC=, DataSize=64618, Duration=0.144221, RunGuid=RunID1C79A73A414D7D2E6B3A949852008D6F
DDCTransactionIdFC1C83824942CA647BFFB5A59F97735F_93, PutCachedData=, CacheKey=PhysXPC_VIS_5DF9E1AAB7CC4DCCB2965BA1A78DFE8_FBB594DF4E9AB23B199E0EA645F52C3C, StartTime=2016.04.01-22.23.52, HierarchicalDDC=, DataSize=64618, Duration=0.154000, RunGuid=RunID1C79A73A414D7D2E6B3A949852008D6F
DDCTransactionId01384B1C4332ED10C04FE18EC6345BDC_94, PutCachedData=, CacheKey=PhysXPC_FULL_5DF9E1AAB7CC4DCCB2965BA1A78DFE8_8C49B3EDAB80EA6F13531DF5ADE0CBA8, StartTime=2016.04.01-22.23.52, HierarchicalDDC=, DataSize=64618, Duration=0.133954, RunGuid=RunID1C79A73A414D7D2E6B3A949852008D6F
DDCTransactionIdFC1C83824942CA647BFFB5A59F97735F_94, PutCachedData=, CacheKey=PhysXPC_VIS_5DF9E1AAB7CC4DCCB2965BA1A78DFE8_662E5B064AED5FFBFFBABF98952B04E2, StartTime=2016.04.01-22.23.52, HierarchicalDDC=, DataSize=64618, Duration=0.132978, RunGuid=RunID1C79A73A414D7D2E6B3A949852008D6F
DDCTransactionId01384B1C4332ED10C04FE18EC6345BDC_95, PutCachedData=, CacheKey=PhysXPC_FULL_5DF9E1AAB7CC4DCCB2965BA1A78DFE8_142FE95FFB77FCDE61D29CB72FA22632, StartTime=2016.04.01-22.23.52, HierarchicalDDC=, DataSize=64618, Duration=0.136890, RunGuid=RunID1C79A73A414D7D2E6B3A949852008D6F
DDCTransactionIdFC1C83824942CA647BFFB5A59F97735F_95, PutCachedData=, CacheKey=PhysXPC_VIS_5DF9E1AAB7CC4DCCB2965BA1A78DFE8_4660020B49F6AFE4C2C4B28BED15D8BA, StartTime=2016.04.01-22.23.52, HierarchicalDDC=, DataSize=64618, Duration=0.135422, RunGuid=RunID1C79A73A414D7D2E6B3A949852008D6F
DDCTransactionId01384B1C4332ED10C04FE18EC6345BDC_96, PutCachedData=, CacheKey=PhysXPC_FULL_5DF9E1AAB7CC4DCCB2965BA1A78DFE8_66D6203E96C013AD18245A34D3582B56, StartTime=2016.04.01-22.23.52, HierarchicalDDC=, DataSize=64618, Duration=0.130534, RunGuid=RunID1C79A73A414D7D2E6B3A949852008D6F
DDCTransactionIdFC1C83824942CA647BFFB5A59F97735F_96, PutCachedData=, CacheKey=PhysXPC_VIS_5DF9E1AAB7CC4DCCB2965BA1A78DFE8_482F30AD4D315D52934CD490F5CAE684, StartTime=2016.04.01-22.23.52, HierarchicalDDC=, DataSize=64618, Duration=0.125647, RunGuid=RunID1C79A73A414D7D2E6B3A949852008D6F
DDCTransactionId01384B1C4332ED10C04FE18EC6345BDC_97, PutCachedData=, CacheKey=PhysXPC_FULL_5DF9E1AAB7CC4DCCB2965BA1A78DFE8_F8C07BF0F4A05D7BC661E63756BCE431, StartTime=2016.04.01-22.23.52, HierarchicalDDC=, DataSize=64618, Duration=0.125155, RunGuid=RunID1C79A73A414D7D2E6B3A949852008D6F
DDCTransactionIdFC1C83824942CA647BFFB5A59F97735F_97, PutCachedData=, CacheKey=PhysXPC_VIS_5DF9E1AAB7CC4DCCB2965BA1A78DFE8_88D8EE9846045EFA04219CA81ED8CD90, StartTime=2016.04.01-22.23.52, HierarchicalDDC=, DataSize=64618, Duration=0.142265, RunGuid=RunID1C79A73A414D7D2E6B3A949852008D6F
DDCTransactionId01384B1C4332ED10C04FE18EC6345BDC_98, PutCachedData=, CacheKey=PhysXPC_FULL_5DF9E1AAB7CC4DCCB2965BA1A78DFE8_33A81CB3988AC638C4A1A4B3D7A52BBA, StartTime=2016.04.01-22.23.52, HierarchicalDDC=, DataSize=64618, Duration=0.133954, RunGuid=RunID1C79A73A414D7D2E6B3A949852008D6F
DDCTransactionIdFC1C83824942CA647BFFB5A59F97735F_98, PutCachedData=, CacheKey=PhysXPC_VIS_5DF9E1AAB7CC4DCCB2965BA1A78DFE8_2A8045604CBCE9FC075659A60BE00A2F, StartTime=2016.04.01-22.23.52, HierarchicalDDC=, DataSize=64618, Duration=0.132490, RunGuid=RunID1C79A73A414D7D2E6B3A949852008D6F
DDCTransactionId01384B1C4332ED10C04FE18EC6345BDC_99, PutCachedData=, CacheKey=PhysXPC_FULL_5DF9E1AAB7CC4DCCB2965BA1A78DFE8_0449AD8B08095DBC4F19931D8150E2C6, StartTime=2016.04.01-22.23.52, HierarchicalDDC=, DataSize=64618, Duration=0.129558, RunGuid=RunID1C79A73A414D7D2E6B3A949852008D6F
DDCTransactionIdFC1C83824942CA647BFFB5A59F97735F_99, PutCachedData=, CacheKey=PhysXPC_VIS_5DF9E1AAB7CC4DCCB2965BA1A78DFE8_A381B2CC49C1EAF751ABB3B7F519E0DD, StartTime=2016.04.01-22.23.52, HierarchicalDDC=, DataSize=64618, Duration=0.135422, RunGuid=RunID1C79A73A414D7D2E6B3A949852008D6F
DDCTransactionId01384B1C4332ED10C04FE18EC6345BDC_100, PutCachedData=, CacheKey=PhysXPC_FULL_5DF9E1AAB7CC4DCCB2965BA1A78DFE8_A0A8994103AA6CF5E6D9E3AA5FA53D51, StartTime=2016.04.01-22.23.52, HierarchicalDDC=, DataSize=64618, Duration=0.131514, RunGuid=RunID1C79A73A414D7D2E6B3A949852008D6F
DDCTransactionId01384B1C4332ED10C04FE18EC6345BDC_101, PutCachedData=, CacheKey=PhysXPC_VIS_5DF9E1AAB7CC4DCCB2965BA1A78DFE8_6FF1385E408DB05A457D54B9EBF0BCFD, StartTime=2016.04.01-22.23.52, HierarchicalDDC=, DataSize=64618, Duration=0.133470, RunGuid=RunID1C79A73A414D7D2E6B3A949852008D6F
DDCTransactionIdFC1C83824942CA647BFFB5A59F97735F_100, PutCachedData=, CacheKey=PhysXPC_FULL_5DF9E1AAB7CC4DCCB2965BA1A78DFE8_042A0AA04F89D2CB7FE592439E5ADE7C, StartTime=2016.04.01-22.23.52, HierarchicalDDC=, DataSize=64618, Duration=0.153024, RunGuid=RunID1C79A73A414D7D2E6B3A949852008D6F
DDCTransactionId01384B1C4332ED10C04FE18EC6345BDC_102, PutCachedData=, CacheKey=PhysXPC_VIS_5DF9E1AAB7CC4DCCB2965BA1A78DFE8_C8F935AE45120300C2603DB8AAC64713, StartTime=2016.04.01-22.23.52, HierarchicalDDC=, DataSize=64618, Duration=0.143245, RunGuid=RunID1C79A73A414D7D2E6B3A949852008D6F
DDCTransactionIdFC1C83824942CA647BFFB5A59F97735F_101, PutCachedData=, CacheKey=PhysXPC_FULL_5DF9E1AAB7CC4DCCB2965BA1A78DFE8_BEBACAE73A9FB81E9A5C083E0F989529, StartTime=2016.04.01-22.23.52, HierarchicalDDC=, DataSize=64618, Duration=0.208266, RunGuid=RunID1C79A73A414D7D2E6B3A949852008D6F
DDCTransactionId01384B1C4332ED10C04FE18EC6345BDC_103, PutCachedData=, CacheKey=PhysXPC_VIS_5DF9E1AAB7CC4DCCB2965BA1A78DFE8_0538FFEF49DBD42E1E112193FA318792, StartTime=2016.04.01-22.23.52, HierarchicalDDC=, DataSize=64618, Duration=0.141289, RunGuid=RunID1C79A73A414D7D2E6B3A949852008D6F
DDCTransactionIdFC1C83824942CA647BFFB5A59F97735F_102, PutCachedData=, CacheKey=PhysXPC_FULL_5DF9E1AAB7CC4DCCB2965BA1A78DFE8_EFC4911BF9984F92E86311EE85EB7E03, StartTime=2016.04.01-22.23.52, HierarchicalDDC=, DataSize=64618, Duration=0.178933, RunGuid=RunID1C79A73A414D7D2E6B3A949852008D6F
DDCTransactionId01384B1C4332ED10C04FE18EC6345BDC_104, PutCachedData=, CacheKey=PhysXPC_VIS_5DF9E1AAB7CC4DCCB2965BA1A78DFE8_F5E67C124D39C71C3223C7937D1C5E91, StartTime=2016.04.01-22.23.52, HierarchicalDDC=, DataSize=64618, Duration=0.131022, RunGuid=RunID1C79A73A414D7D2E6B3A949852008D6F
DDCTransactionIdFC1C83824942CA647BFFB5A59F97735F_103, PutCachedData=, CacheKey=PhysXPC_FULL_5DF9E1AAB7CC4DCCB2965BA1A78DFE8_F11650AEB9FEBB27D7ECF6CAED5B6AD8, StartTime=2016.04.01-22.23.52, HierarchicalDDC=, DataSize=64618, Duration=0.208758, RunGuid=RunID1C79A73A414D7D2E6B3A949852008D6F
DDCTransactionId01384B1C4332ED10C04FE18EC6345BDC_105, PutCachedData=, CacheKey=PhysXPC_VIS_5DF9E1AAB7CC4DCCB2965BA1A78DFE8_AB9A81A148102C861A849C9F4CBCE847, StartTime=2016.04.01-22.23.52, HierarchicalDDC=, DataSize=64618, Duration=0.131998, RunGuid=RunID1C79A73A414D7D2E6B3A949852008D6F
DDCTransactionId01384B1C4332ED10C04FE18EC6345BDC_106, PutCachedData=, CacheKey=PhysXPC_FULL_5DF9E1AAB7CC4DCCB2965BA1A78DFE8_CB2CAB393718D7744202AD63B50B402B, StartTime=2016.04.01-22.23.52, HierarchicalDDC=, DataSize=64618, Duration=0.137866, RunGuid=RunID1C79A73A414D7D2E6B3A949852008D6F
DDCTransactionIdFC1C83824942CA647BFFB5A59F97735F_104, PutCachedData=, CacheKey=PhysXPC_VIS_5DF9E1AAB7CC4DCCB2965BA1A78DFE8_D31F66134A41F538D327B8AECC7B9FA3, StartTime=2016.04.01-22.23.52, HierarchicalDDC=, DataSize=64618, Duration=0.138842, RunGuid=RunID1C79A73A414D7D2E6B3A949852008D6F
DDCTransactionId01384B1C4332ED10C04FE18EC6345BDC_107, PutCachedData=, CacheKey=PhysXPC_FULL_5DF9E1AAB7CC4DCCB2965BA1A78DFE8_631972849AEB5CB3BF4743910101A3E0, StartTime=2016.04.01-22.23.52, HierarchicalDDC=, DataSize=64618, Duration=0.129558, RunGuid=RunID1C79A73A414D7D2E6B3A949852008D6F
DDCTransactionIdFC1C83824942CA647BFFB5A59F97735F_105, PutCachedData=, CacheKey=PhysXPC_VIS_5DF9E1AAB7CC4DCCB2965BA1A78DFE8_AC15A0D24B9351D1CD3839A485B6DE20, StartTime=2016.04.01-22.23.52, HierarchicalDDC=, DataSize=64618, Duration=0.154000, RunGuid=RunID1C79A73A414D7D2E6B3A949852008D6F
DDCTransactionId01384B1C4332ED10C04FE18EC6345BDC_108, PutCachedData=, CacheKey=PhysXPC_FULL_5DF9E1AAB7CC4DCCB2965BA1A78DFE8_62DA44C3C142A60FA0B0DF910B526A9A, StartTime=2016.04.01-22.23.52, HierarchicalDDC=, DataSize=64618, Duration=0.136402, RunGuid=RunID1C79A73A414D7D2E6B3A949852008D6F
DDCTransactionIdFC1C83824942CA647BFFB5A59F97735F_106, PutCachedData=, CacheKey=PhysXPC_VIS_5DF9E1AAB7CC4DCCB2965BA1A78DFE8_5DE1A08E410042E94E72C38167EEC202, StartTime=2016.04.01-22.23.52, HierarchicalDDC=, DataSize=64618, Duration=0.131998, RunGuid=RunID1C79A73A414D7D2E6B3A949852008D6F
DDCTransactionId01384B1C4332ED10C04FE18EC6345BDC_109, PutCachedData=, CacheKey=PhysXPC_FULL_5DF9E1AAB7CC4DCCB2965BA1A78DFE8_41AF67C5AF91F4B8A5FA99525D8FABFC, StartTime=2016.04.01-22.23.52, HierarchicalDDC=, DataSize=64618, Duration=0.126623, RunGuid=RunID1C79A73A414D7D2E6B3A949852008D6F
DDCTransactionIdFC1C83824942CA647BFFB5A59F97735F_107, PutCachedData=, CacheKey=PhysXPC_VIS_5DF9E1AAB7CC4DCCB2965BA1A78DFE8_5B0B4B204FDAB862701360B45EA3ABF6, StartTime=2016.04.01-22.23.52, HierarchicalDDC=, DataSize=64618, Duration=0.128090, RunGuid=RunID1C79A73A414D7D2E6B3A949852008D6F
DDCTransactionId01384B1C4332ED10C04FE18EC6345BDC_110, PutCachedData=, CacheKey=PhysXPC_FULL_5DF9E1AAB7CC4DCCB2965BA1A78DFE8_B80518294EC5DEDB80499D059DD2A28C, StartTime=2016.04.01-22.23.52, HierarchicalDDC=, DataSize=64618, Duration=0.120267, RunGuid=RunID1C79A73A414D7D2E6B3A949852008D6F
DDCTransactionIdFC1C83824942CA647BFFB5A59F97735F_108, PutCachedData=, CacheKey=PhysXPC_VIS_5DF9E1AAB7CC4DCCB2965BA1A78DFE8_6F66544F4345B5E9E2A6B5922D2CF925, StartTime=2016.04.01-22.23.52, HierarchicalDDC=, DataSize=64618, Duration=0.122223, RunGuid=RunID1C79A73A414D7D2E6B3A949852008D6F
DDCTransactionId01384B1C4332ED10C04FE18EC6345BDC_111, PutCachedData=, CacheKey=PhysXPC_FULL_5DF9E1AAB7CC4DCCB2965BA1A78DFE8_E1945BE9BE67F2120DB4054D79CB4FEA, StartTime=2016.04.01-22.23.52, HierarchicalDDC=, DataSize=64618, Duration=0.121735, RunGuid=RunID1C79A73A414D7D2E6B3A949852008D6F
DDCTransactionIdFC1C83824942CA647BFFB5A59F97735F_109, PutCachedData=, CacheKey=PhysXPC_VIS_5DF9E1AAB7CC4DCCB2965BA1A78DFE8_544FA9034FA323F94A934C8888C7F512, StartTime=2016.04.01-22.23.52, HierarchicalDDC=, DataSize=64618, Duration=0.118800, RunGuid=RunID1C79A73A414D7D2E6B3A949852008D6F
DDCTransactionId01384B1C4332ED10C04FE18EC6345BDC_112, PutCachedData=, CacheKey=PhysXPC_FULL_5DF9E1AAB7CC4DCCB2965BA1A78DFE8_D1B8114ACB9F01910812AF95BF26DB03, StartTime=2016.04.01-22.23.52, HierarchicalDDC=, DataSize=64618, Duration=0.128087, RunGuid=RunID1C79A73A414D7D2E6B3A949852008D6F
DDCTransactionIdFC1C83824942CA647BFFB5A59F97735F_110, PutCachedData=, CacheKey=PhysXPC_VIS_5DF9E1AAB7CC4DCCB2965BA1A78DFE8_5F0196BA443D192389498F97C82D30F0, StartTime=2016.04.01-22.23.52, HierarchicalDDC=, DataSize=64618, Duration=0.200935, RunGuid=RunID1C79A73A414D7D2E6B3A949852008D6F
DDCTransactionId01384B1C4332ED10C04FE18EC6345BDC_113, PutCachedData=, CacheKey=PhysXPC_FULL_5DF9E1AAB7CC4DCCB2965BA1A78DFE8_01BA2D9168155A04B11007329B06C708, StartTime=2016.04.01-22.23.52, HierarchicalDDC=, DataSize=64618, Duration=0.134446, RunGuid=RunID1C79A73A414D7D2E6B3A949852008D6F
DDCTransactionId01384B1C4332ED10C04FE18EC6345BDC_114, PutCachedData=, CacheKey=PhysXPC_VIS_5DF9E1AAB7CC4DCCB2965BA1A78DFE8_5B3B7FE44331BCAA2A3D958C3623C3DA, StartTime=2016.04.01-22.23.52, HierarchicalDDC=, DataSize=64618, Duration=0.136398, RunGuid=RunID1C79A73A414D7D2E6B3A949852008D6F
DDCTransactionIdFC1C83824942CA647BFFB5A59F97735F_111, PutCachedData=, CacheKey=PhysXPC_FULL_5DF9E1AAB7CC4DCCB2965BA1A78DFE8_6F1996770FD4A3185F876C9FED5AB248, StartTime=2016.04.01-22.23.52, HierarchicalDDC=, DataSize=64618, Duration=0.249822, RunGuid=RunID1C79A73A414D7D2E6B3A949852008D6F
DDCTransactionId01384B1C4332ED10C04FE18EC6345BDC_115, PutCachedData=, CacheKey=PhysXPC_VIS_5DF9E1AAB7CC4DCCB2965BA1A78DFE8_DDFC5E4847DFCB40F6EA21B7A328714F, StartTime=2016.04.01-22.23.52, HierarchicalDDC=, DataSize=64618, Duration=0.219025, RunGuid=RunID1C79A73A414D7D2E6B3A949852008D6F
DDCTransactionIdFC1C83824942CA647BFFB5A59F97735F_112, PutCachedData=, CacheKey=PhysXPC_FULL_5DF9E1AAB7CC4DCCB2965BA1A78DFE8_383215C847036FD688B19EDE1CCEEC1D, StartTime=2016.04.01-22.23.52, HierarchicalDDC=, DataSize=64618, Duration=0.148132, RunGuid=RunID1C79A73A414D7D2E6B3A949852008D6F
DDCTransactionId01384B1C4332ED10C04FE18EC6345BDC_116, PutCachedData=, CacheKey=PhysXPC_VIS_5DF9E1AAB7CC4DCCB2965BA1A78DFE8_B86B4A3F4D3DD6D13D82A5B8E3A4A5CA, StartTime=2016.04.01-22.23.52, HierarchicalDDC=, DataSize=64618, Duration=0.147644, RunGuid=RunID1C79A73A414D7D2E6B3A949852008D6F
DDCTransactionIdFC1C83824942CA647BFFB5A59F97735F_113, PutCachedData=, CacheKey=PhysXPC_FULL_5DF9E1AAB7CC4DCCB2965BA1A78DFE8_85424FAC5224D2A05ECB8BB374BFF28A, StartTime=2016.04.01-22.23.52, HierarchicalDDC=, DataSize=64618, Duration=0.172578, RunGuid=RunID1C79A73A414D7D2E6B3A949852008D6F
DDCTransactionId01384B1C4332ED10C04FE18EC6345BDC_117, PutCachedData=, CacheKey=PhysXPC_VIS_5DF9E1AAB7CC4DCCB2965BA1A78DFE8_C65467A9401933027E5FE2A346075259, StartTime=2016.04.01-22.23.52, HierarchicalDDC=, DataSize=64618, Duration=0.168178, RunGuid=RunID1C79A73A414D7D2E6B3A949852008D6F
DDCTransactionIdFC1C83824942CA647BFFB5A59F97735F_114, PutCachedData=, CacheKey=PhysXPC_FULL_5DF9E1AAB7CC4DCCB2965BA1A78DFE8_BEA6BB46D22FE907EF10C2E0D7179581, StartTime=2016.04.01-22.23.52, HierarchicalDDC=, DataSize=64618, Duration=0.156444, RunGuid=RunID1C79A73A414D7D2E6B3A949852008D6F
DDCTransactionIdFC1C83824942CA647BFFB5A59F97735F_115, PutCachedData=, CacheKey=PhysXPC_VIS_5DF9E1AAB7CC4DCCB2965BA1A78DFE8_143CA0AE4C147D056FB962B189A91298, StartTime=2016.04.01-22.23.52, HierarchicalDDC=, DataSize=64618, Duration=0.136398, RunGuid=RunID1C79A73A414D7D2E6B3A949852008D6F
DDCTransactionId01384B1C4332ED10C04FE18EC6345BDC_118, PutCachedData=, CacheKey=PhysXPC_FULL_5DF9E1AAB7CC4DCCB2965BA1A78DFE8_D576415A1CC0BF467139229BD1439641, StartTime=2016.04.01-22.23.52, HierarchicalDDC=, DataSize=64618, Duration=0.198979, RunGuid=RunID1C79A73A414D7D2E6B3A949852008D6F
DDCTransactionIdFC1C83824942CA647BFFB5A59F97735F_116, PutCachedData=, CacheKey=PhysXPC_VIS_5DF9E1AAB7CC4DCCB2965BA1A78DFE8_D8A8FAAF4120D40B174474BC1E213CB1, StartTime=2016.04.01-22.23.52, HierarchicalDDC=, DataSize=64618, Duration=0.178933, RunGuid=RunID1C79A73A414D7D2E6B3A949852008D6F
DDCTransactionId01384B1C4332ED10C04FE18EC6345BDC_119, PutCachedData=, CacheKey=PhysXPC_FULL_5DF9E1AAB7CC4DCCB2965BA1A78DFE8_88150FE4D98F01DF1632C831E33ED29B, StartTime=2016.04.01-22.23.52, HierarchicalDDC=, DataSize=64618, Duration=0.145689, RunGuid=RunID1C79A73A414D7D2E6B3A949852008D6F
DDCTransactionIdFC1C83824942CA647BFFB5A59F97735F_117, PutCachedData=, CacheKey=PhysXPC_VIS_5DF9E1AAB7CC4DCCB2965BA1A78DFE8_B8E35920493F22CB9963F6A013CA5700, StartTime=2016.04.01-22.23.52, HierarchicalDDC=, DataSize=64618, Duration=0.129558, RunGuid=RunID1C79A73A414D7D2E6B3A949852008D6F
DDCTransactionId01384B1C4332ED10C04FE18EC6345BDC_120, PutCachedData=, CacheKey=PhysXPC_FULL_5DF9E1AAB7CC4DCCB2965BA1A78DFE8_30BB1C618A12D171406750FA965D5D00, StartTime=2016.04.01-22.23.52, HierarchicalDDC=, DataSize=64618, Duration=0.123691, RunGuid=RunID1C79A73A414D7D2E6B3A949852008D6F
DDCTransactionIdFC1C83824942CA647BFFB5A59F97735F_118, PutCachedData=, CacheKey=PhysXPC_VIS_5DF9E1AAB7CC4DCCB2965BA1A78DFE8_31F83DA64C66E6100EF1F7A380E6CF6C, StartTime=2016.04.01-22.23.52, HierarchicalDDC=, DataSize=64618, Duration=0.145689, RunGuid=RunID1C79A73A414D7D2E6B3A949852008D6F
DDCTransactionId01384B1C4332ED10C04FE18EC6345BDC_121, PutCachedData=, CacheKey=PhysXPC_FULL_5DF9E1AAB7CC4DCCB2965BA1A78DFE8_E99132DCFDB09B91A70E1E2AE43F58A3, StartTime=2016.04.01-22.23.52, HierarchicalDDC=, DataSize=64618, Duration=0.128575, RunGuid=RunID1C79A73A414D7D2E6B3A949852008D6F
DDCTransactionIdFC1C83824942CA647BFFB5A59F97735F_119, PutCachedData=, CacheKey=PhysXPC_VIS_5DF9E1AAB7CC4DCCB2965BA1A78DFE8_549B7FBD47672AB6AB9F2299CEB441D6, StartTime=2016.04.01-22.23.52, HierarchicalDDC=, DataSize=64618, Duration=0.160355, RunGuid=RunID1C79A73A414D7D2E6B3A949852008D6F
DDCTransactionId01384B1C4332ED10C04FE18EC6345BDC_122, PutCachedData=, CacheKey=PhysXPC_FULL_5DF9E1AAB7CC4DCCB2965BA1A78DFE8_3BF19DDC7B7DC5CCD2FD5D1F0985B63E, StartTime=2016.04.01-22.23.52, HierarchicalDDC=, DataSize=64618, Duration=0.132978, RunGuid=RunID1C79A73A414D7D2E6B3A949852008D6F
DDCTransactionId01384B1C4332ED10C04FE18EC6345BDC_123, PutCachedData=, CacheKey=PhysXPC_VIS_5DF9E1AAB7CC4DCCB2965BA1A78DFE8_99702F204D77FD5BEB56CFBFCC2BE14A, StartTime=2016.04.01-22.23.52, HierarchicalDDC=, DataSize=64618, Duration=0.135422, RunGuid=RunID1C79A73A414D7D2E6B3A949852008D6F
DDCTransactionIdFC1C83824942CA647BFFB5A59F97735F_120, PutCachedData=, CacheKey=PhysXPC_FULL_5DF9E1AAB7CC4DCCB2965BA1A78DFE8_1062E6071ED21BF980F2AA211533CE4E, StartTime=2016.04.01-22.23.52, HierarchicalDDC=, DataSize=64618, Duration=0.181377, RunGuid=RunID1C79A73A414D7D2E6B3A949852008D6F
DDCTransactionId01384B1C4332ED10C04FE18EC6345BDC_124, PutCachedData=, CacheKey=PhysXPC_VIS_5DF9E1AAB7CC4DCCB2965BA1A78DFE8_89927E0947B90D9BCB539F875CE7B015, StartTime=2016.04.01-22.23.52, HierarchicalDDC=, DataSize=64618, Duration=0.127111, RunGuid=RunID1C79A73A414D7D2E6B3A949852008D6F
DDCTransactionIdFC1C83824942CA647BFFB5A59F97735F_121, PutCachedData=, CacheKey=PhysXPC_FULL_5DF9E1AAB7CC4DCCB2965BA1A78DFE8_9840EF219AE01AB6B2160DA0F3937E0C, StartTime=2016.04.01-22.23.52, HierarchicalDDC=, DataSize=64618, Duration=0.179421, RunGuid=RunID1C79A73A414D7D2E6B3A949852008D6F
DDCTransactionId01384B1C4332ED10C04FE18EC6345BDC_125, PutCachedData=, CacheKey=PhysXPC_VIS_5DF9E1AAB7CC4DCCB2965BA1A78DFE8_5CD6FECC4F19917971E9DDB135F5074D, StartTime=2016.04.01-22.23.52, HierarchicalDDC=, DataSize=64618, Duration=0.130534, RunGuid=RunID1C79A73A414D7D2E6B3A949852008D6F
DDCTransactionId01384B1C4332ED10C04FE18EC6345BDC_126, PutCachedData=, CacheKey=PhysXPC_FULL_5DF9E1AAB7CC4DCCB2965BA1A78DFE8_3F121815F8F0CC3E8F00F2BE7FDF9C5E, StartTime=2016.04.01-22.23.52, HierarchicalDDC=, DataSize=64618, Duration=0.132978, RunGuid=RunID1C79A73A414D7D2E6B3A949852008D6F
DDCTransactionIdFC1C83824942CA647BFFB5A59F97735F_122, PutCachedData=, CacheKey=PhysXPC_VIS_5DF9E1AAB7CC4DCCB2965BA1A78DFE8_7B61CC6A44F69A23A7C951980FADFF0F, StartTime=2016.04.01-22.23.52, HierarchicalDDC=, DataSize=64618, Duration=0.169642, RunGuid=RunID1C79A73A414D7D2E6B3A949852008D6F
DDCTransactionId01384B1C4332ED10C04FE18EC6345BDC_127, PutCachedData=, CacheKey=PhysXPC_FULL_5DF9E1AAB7CC4DCCB2965BA1A78DFE8_9C3CA5BB2D420C012C57E8203C35FB43, StartTime=2016.04.01-22.23.52, HierarchicalDDC=, DataSize=64618, Duration=0.118800, RunGuid=RunID1C79A73A414D7D2E6B3A949852008D6F
DDCTransactionIdFC1C83824942CA647BFFB5A59F97735F_123, PutCachedData=, CacheKey=PhysXPC_VIS_5DF9E1AAB7CC4DCCB2965BA1A78DFE8_A2B34143434D86344F2DDCB3CA277796, StartTime=2016.04.01-22.23.52, HierarchicalDDC=, DataSize=64618, Duration=0.164267, RunGuid=RunID1C79A73A414D7D2E6B3A949852008D6F
DDCTransactionId01384B1C4332ED10C04FE18EC6345BDC_128, PutCachedData=, CacheKey=PhysXPC_FULL_5DF9E1AAB7CC4DCCB2965BA1A78DFE8_A32E9CC140154127AAE7119241CBCF27, StartTime=2016.04.01-22.23.52, HierarchicalDDC=, DataSize=64618, Duration=0.153512, RunGuid=RunID1C79A73A414D7D2E6B3A949852008D6F
DDCTransactionIdFC1C83824942CA647BFFB5A59F97735F_124, PutCachedData=, CacheKey=PhysXPC_VIS_5DF9E1AAB7CC4DCCB2965BA1A78DFE8_FE198A6F42FA5D8C341453BC84E6BA23, StartTime=2016.04.01-22.23.52, HierarchicalDDC=, DataSize=64618, Duration=0.156935, RunGuid=RunID1C79A73A414D7D2E6B3A949852008D6F
DDCTransactionId01384B1C4332ED10C04FE18EC6345BDC_129, PutCachedData=, CacheKey=PhysXPC_FULL_5DF9E1AAB7CC4DCCB2965BA1A78DFE8_0423D721CAC5244A179CB78503551CB8, StartTime=2016.04.01-22.23.52, HierarchicalDDC=, DataSize=64618, Duration=0.159379, RunGuid=RunID1C79A73A414D7D2E6B3A949852008D6F
DDCTransactionIdFC1C83824942CA647BFFB5A59F97735F_125, PutCachedData=, CacheKey=PhysXPC_VIS_5DF9E1AAB7CC4DCCB2965BA1A78DFE8_F2740962464C8A11FD3C508ECB8B5374, StartTime=2016.04.01-22.23.52, HierarchicalDDC=, DataSize=64618, Duration=0.172578, RunGuid=RunID1C79A73A414D7D2E6B3A949852008D6F
DDCTransactionId01384B1C4332ED10C04FE18EC6345BDC_130, PutCachedData=, CacheKey=PhysXPC_FULL_5DF9E1AAB7CC4DCCB2965BA1A78DFE8_8E1888C9B3E906BE0574A981C59D9F8F, StartTime=2016.04.01-22.23.52, HierarchicalDDC=, DataSize=64618, Duration=0.164755, RunGuid=RunID1C79A73A414D7D2E6B3A949852008D6F
DDCTransactionIdFC1C83824942CA647BFFB5A59F97735F_126, PutCachedData=, CacheKey=PhysXPC_VIS_5DF9E1AAB7CC4DCCB2965BA1A78DFE8_1A2B442E49ACD489E278A6A10846DD23, StartTime=2016.04.01-22.23.52, HierarchicalDDC=, DataSize=64618, Duration=0.255689, RunGuid=RunID1C79A73A414D7D2E6B3A949852008D6F
DDCTransactionId01384B1C4332ED10C04FE18EC6345BDC_131, PutCachedData=, CacheKey=PhysXPC_FULL_5DF9E1AAB7CC4DCCB2965BA1A78DFE8_38584850151A47CE6931C358A7976ADD, StartTime=2016.04.01-22.23.52, HierarchicalDDC=, DataSize=64618, Duration=0.133466, RunGuid=RunID1C79A73A414D7D2E6B3A949852008D6F
DDCTransactionIdFC1C83824942CA647BFFB5A59F97735F_127, PutCachedData=, CacheKey=PhysXPC_VIS_5DF9E1AAB7CC4DCCB2965BA1A78DFE8_0B4D32074BA9413E887604A192B44196, StartTime=2016.04.01-22.23.52, HierarchicalDDC=, DataSize=64618, Duration=0.138845, RunGuid=RunID1C79A73A414D7D2E6B3A949852008D6F
DDCTransactionId01384B1C4332ED10C04FE18EC6345BDC_132, PutCachedData=, CacheKey=PhysXPC_FULL_5DF9E1AAB7CC4DCCB2965BA1A78DFE8_05291897F99512A22013DADE459148AA, StartTime=2016.04.01-22.23.52, HierarchicalDDC=, DataSize=64618, Duration=0.135913, RunGuid=RunID1C79A73A414D7D2E6B3A949852008D6F
DDCTransactionIdFC1C83824942CA647BFFB5A59F97735F_128, PutCachedData=, CacheKey=PhysXPC_VIS_5DF9E1AAB7CC4DCCB2965BA1A78DFE8_9F672DD1483C40B6CA73A5815CE82E41, StartTime=2016.04.01-22.23.52, HierarchicalDDC=, DataSize=64618, Duration=0.138354, RunGuid=RunID1C79A73A414D7D2E6B3A949852008D6F
DDCTransactionId01384B1C4332ED10C04FE18EC6345BDC_133, PutCachedData=, CacheKey=PhysXPC_FULL_5DF9E1AAB7CC4DCCB2965BA1A78DFE8_AA68CAE0453C5C38D36FC48282045A8A, StartTime=2016.04.01-22.23.52, HierarchicalDDC=, DataSize=64618, Duration=0.137378, RunGuid=RunID1C79A73A414D7D2E6B3A949852008D6F
DDCTransactionIdFC1C83824942CA647BFFB5A59F97735F_129, PutCachedData=, CacheKey=PhysXPC_VIS_5DF9E1AAB7CC4DCCB2965BA1A78DFE8_7D84E79441E5173208DF918E8BBA1AF7, StartTime=2016.04.01-22.23.52, HierarchicalDDC=, DataSize=64618, Duration=0.132978, RunGuid=RunID1C79A73A414D7D2E6B3A949852008D6F
DDCTransactionId01384B1C4332ED10C04FE18EC6345BDC_134, PutCachedData=, CacheKey=PhysXPC_FULL_5DF9E1AAB7CC4DCCB2965BA1A78DFE8_16F0FC66C38F287091568EF23484DFB6, StartTime=2016.04.01-22.23.52, HierarchicalDDC=, DataSize=64618, Duration=0.121731, RunGuid=RunID1C79A73A414D7D2E6B3A949852008D6F
DDCTransactionIdFC1C83824942CA647BFFB5A59F97735F_130, PutCachedData=, CacheKey=PhysXPC_VIS_5DF9E1AAB7CC4DCCB2965BA1A78DFE8_D29F3BF044C2563FD0B140A7B552181E, StartTime=2016.04.01-22.23.52, HierarchicalDDC=, DataSize=64618, Duration=0.144221, RunGuid=RunID1C79A73A414D7D2E6B3A949852008D6F
DDCTransactionId01384B1C4332ED10C04FE18EC6345BDC_135, PutCachedData=, CacheKey=PhysXPC_FULL_5DF9E1AAB7CC4DCCB2965BA1A78DFE8_2BDD662DFF5CB1D197BD292552DB6386, StartTime=2016.04.01-22.23.52, HierarchicalDDC=, DataSize=64618, Duration=0.187248, RunGuid=RunID1C79A73A414D7D2E6B3A949852008D6F
DDCTransactionIdFC1C83824942CA647BFFB5A59F97735F_131, PutCachedData=, CacheKey=PhysXPC_VIS_5DF9E1AAB7CC4DCCB2965BA1A78DFE8_F6D32D55448499A168BAE8A4399F9B2C, StartTime=2016.04.01-22.23.52, HierarchicalDDC=, DataSize=64618, Duration=0.304088, RunGuid=RunID1C79A73A414D7D2E6B3A949852008D6F
DDCTransactionId01384B1C4332ED10C04FE18EC6345BDC_136, PutCachedData=, CacheKey=PhysXPC_FULL_5DF9E1AAB7CC4DCCB2965BA1A78DFE8_667BFBE177B7417212CE7597C0F0B972, StartTime=2016.04.01-22.23.52, HierarchicalDDC=, DataSize=64618, Duration=0.149600, RunGuid=RunID1C79A73A414D7D2E6B3A949852008D6F
DDCTransactionId01384B1C4332ED10C04FE18EC6345BDC_137, PutCachedData=, CacheKey=PhysXPC_VIS_5DF9E1AAB7CC4DCCB2965BA1A78DFE8_A166D6A04AF88F9B98606A97D72AB979, StartTime=2016.04.01-22.23.52, HierarchicalDDC=, DataSize=64618, Duration=0.150580, RunGuid=RunID1C79A73A414D7D2E6B3A949852008D6F
DDCTransactionIdFC1C83824942CA647BFFB5A59F97735F_132, PutCachedData=, CacheKey=PhysXPC_FULL_5DF9E1AAB7CC4DCCB2965BA1A78DFE8_D34E75FC571C4F1397A5094B2B6F6612, StartTime=2016.04.01-22.23.52, HierarchicalDDC=, DataSize=64618, Duration=0.200931, RunGuid=RunID1C79A73A414D7D2E6B3A949852008D6F
DDCTransactionId01384B1C4332ED10C04FE18EC6345BDC_138, PutCachedData=, CacheKey=PhysXPC_VIS_5DF9E1AAB7CC4DCCB2965BA1A78DFE8_998439244C8C6B6DB41B70AA560D1A6D, StartTime=2016.04.01-22.23.52, HierarchicalDDC=, DataSize=64618, Duration=0.138845, RunGuid=RunID1C79A73A414D7D2E6B3A949852008D6F
DDCTransactionIdFC1C83824942CA647BFFB5A59F97735F_133, PutCachedData=, CacheKey=PhysXPC_FULL_5DF9E1AAB7CC4DCCB2965BA1A78DFE8_A12B2A4DF091EBA4B01C5A72A552BD3E, StartTime=2016.04.01-22.23.52, HierarchicalDDC=, DataSize=64618, Duration=0.164267, RunGuid=RunID1C79A73A414D7D2E6B3A949852008D6F
DDCTransactionId01384B1C4332ED10C04FE18EC6345BDC_139, PutCachedData=, CacheKey=PhysXPC_VIS_5DF9E1AAB7CC4DCCB2965BA1A78DFE8_493D281B4D65D016895ADC8184A9B2A8, StartTime=2016.04.01-22.23.52, HierarchicalDDC=, DataSize=64618, Duration=0.140797, RunGuid=RunID1C79A73A414D7D2E6B3A949852008D6F
DDCTransactionIdFC1C83824942CA647BFFB5A59F97735F_134, PutCachedData=, CacheKey=PhysXPC_FULL_5DF9E1AAB7CC4DCCB2965BA1A78DFE8_756826382D593942156F414B517059E5, StartTime=2016.04.01-22.23.52, HierarchicalDDC=, DataSize=64618, Duration=0.202890, RunGuid=RunID1C79A73A414D7D2E6B3A949852008D6F
DDCTransactionId01384B1C4332ED10C04FE18EC6345BDC_140, PutCachedData=, CacheKey=PhysXPC_VIS_5DF9E1AAB7CC4DCCB2965BA1A78DFE8_7C1E4F2A4A9EBD8D448D4C8CD3E25EA7, StartTime=2016.04.01-22.23.52, HierarchicalDDC=, DataSize=64618, Duration=0.137866, RunGuid=RunID1C79A73A414D7D2E6B3A949852008D6F
DDCTransactionId01384B1C4332ED10C04FE18EC6345BDC_141, PutCachedData=, CacheKey=PhysXPC_FULL_5DF9E1AAB7CC4DCCB2965BA1A78DFE8_3276F179D7A27AA8B65F3E5CB3235038, StartTime=2016.04.01-22.23.52, HierarchicalDDC=, DataSize=64618, Duration=0.137378, RunGuid=RunID1C79A73A414D7D2E6B3A949852008D6F
DDCTransactionIdFC1C83824942CA647BFFB5A59F97735F_135, PutCachedData=, CacheKey=PhysXPC_VIS_5DF9E1AAB7CC4DCCB2965BA1A78DFE8_6DD95C0746A6E4151F0169B5174B0997, StartTime=2016.04.01-22.23.52, HierarchicalDDC=, DataSize=64618, Duration=0.181865, RunGuid=RunID1C79A73A414D7D2E6B3A949852008D6F
DDCTransactionId01384B1C4332ED10C04FE18EC6345BDC_142, PutCachedData=, CacheKey=PhysXPC_FULL_5DF9E1AAB7CC4DCCB2965BA1A78DFE8_A19EF7826E0BDA4BA24BBFD0D7880EDF, StartTime=2016.04.01-22.23.52, HierarchicalDDC=, DataSize=64618, Duration=0.201911, RunGuid=RunID1C79A73A414D7D2E6B3A949852008D6F
DDCTransactionIdFC1C83824942CA647BFFB5A59F97735F_136, PutCachedData=, CacheKey=PhysXPC_VIS_5DF9E1AAB7CC4DCCB2965BA1A78DFE8_3B0637E24D4E7ACED0015D8C7C543867, StartTime=2016.04.01-22.23.52, HierarchicalDDC=, DataSize=64618, Duration=0.174534, RunGuid=RunID1C79A73A414D7D2E6B3A949852008D6F
DDCTransactionIdFC1C83824942CA647BFFB5A59F97735F_137, PutCachedData=, CacheKey=PhysXPC_FULL_5DF9E1AAB7CC4DCCB2965BA1A78DFE8_D986BD6E3F5318D8125A312540DD0A36, StartTime=2016.04.01-22.23.52, HierarchicalDDC=, DataSize=64618, Duration=0.143737, RunGuid=RunID1C79A73A414D7D2E6B3A949852008D6F
DDCTransactionId01384B1C4332ED10C04FE18EC6345BDC_143, PutCachedData=, CacheKey=PhysXPC_VIS_5DF9E1AAB7CC4DCCB2965BA1A78DFE8_8B6B599E468B2F88CE48C0A7026E2558, StartTime=2016.04.01-22.23.52, HierarchicalDDC=, DataSize=64618, Duration=0.149600, RunGuid=RunID1C79A73A414D7D2E6B3A949852008D6F
DDCTransactionIdFC1C83824942CA647BFFB5A59F97735F_138, PutCachedData=, CacheKey=PhysXPC_FULL_5DF9E1AAB7CC4DCCB2965BA1A78DFE8_C7F540B3D9DD8ACC518F205E2B168649, StartTime=2016.04.01-22.23.52, HierarchicalDDC=, DataSize=64618, Duration=0.151068, RunGuid=RunID1C79A73A414D7D2E6B3A949852008D6F
DDCTransactionId01384B1C4332ED10C04FE18EC6345BDC_144, PutCachedData=, CacheKey=PhysXPC_VIS_5DF9E1AAB7CC4DCCB2965BA1A78DFE8_8891CB4A4AF83039305D0FBA42563FDE, StartTime=2016.04.01-22.23.52, HierarchicalDDC=, DataSize=64618, Duration=0.137378, RunGuid=RunID1C79A73A414D7D2E6B3A949852008D6F
DDCTransactionId01384B1C4332ED10C04FE18EC6345BDC_145, PutCachedData=, CacheKey=PhysXPC_FULL_5DF9E1AAB7CC4DCCB2965BA1A78DFE8_9B9BA68BFA07CDA17437F102AAE58C61, StartTime=2016.04.01-22.23.52, HierarchicalDDC=, DataSize=64618, Duration=0.168666, RunGuid=RunID1C79A73A414D7D2E6B3A949852008D6F
DDCTransactionIdFC1C83824942CA647BFFB5A59F97735F_139, PutCachedData=, CacheKey=PhysXPC_VIS_5DF9E1AAB7CC4DCCB2965BA1A78DFE8_14CDE87F48A3FF8A03D058952068791F, StartTime=2016.04.01-22.23.52, HierarchicalDDC=, DataSize=64618, Duration=0.154492, RunGuid=RunID1C79A73A414D7D2E6B3A949852008D6F
DDCTransactionId01384B1C4332ED10C04FE18EC6345BDC_146, PutCachedData=, CacheKey=PhysXPC_FULL_5DF9E1AAB7CC4DCCB2965BA1A78DFE8_A58DC1D789F663FE09A8CAC3FCA894A5, StartTime=2016.04.01-22.23.52, HierarchicalDDC=, DataSize=64618, Duration=0.181869, RunGuid=RunID1C79A73A414D7D2E6B3A949852008D6F
DDCTransactionIdFC1C83824942CA647BFFB5A59F97735F_140, PutCachedData=, CacheKey=PhysXPC_VIS_5DF9E1AAB7CC4DCCB2965BA1A78DFE8_C77323714479D286EA7D60B086F8B2EA, StartTime=2016.04.01-22.23.52, HierarchicalDDC=, DataSize=64618, Duration=0.134934, RunGuid=RunID1C79A73A414D7D2E6B3A949852008D6F
DDCTransactionIdFC1C83824942CA647BFFB5A59F97735F_141, PutCachedData=, CacheKey=PhysXPC_FULL_5DF9E1AAB7CC4DCCB2965BA1A78DFE8_93CA0F2695D100558935B9562B14573C, StartTime=2016.04.01-22.23.52, HierarchicalDDC=, DataSize=64618, Duration=0.231732, RunGuid=RunID1C79A73A414D7D2E6B3A949852008D6F
DDCTransactionId01384B1C4332ED10C04FE18EC6345BDC_147, PutCachedData=, CacheKey=PhysXPC_VIS_5DF9E1AAB7CC4DCCB2965BA1A78DFE8_03D4C52E468BAF6DACEE48B56C64F2B2, StartTime=2016.04.01-22.23.52, HierarchicalDDC=, DataSize=64618, Duration=0.169158, RunGuid=RunID1C79A73A414D7D2E6B3A949852008D6F
DDCTransactionId01384B1C4332ED10C04FE18EC6345BDC_148, PutCachedData=, CacheKey=PhysXPC_FULL_5DF9E1AAB7CC4DCCB2965BA1A78DFE8_3E87D59DDC7B4BBF22C7460B6FF008E7, StartTime=2016.04.01-22.23.52, HierarchicalDDC=, DataSize=64618, Duration=0.159375, RunGuid=RunID1C79A73A414D7D2E6B3A949852008D6F
DDCTransactionIdFC1C83824942CA647BFFB5A59F97735F_142, PutCachedData=, CacheKey=PhysXPC_VIS_5DF9E1AAB7CC4DCCB2965BA1A78DFE8_CF9193CA4DBE12FB4D48A7BE010C667E, StartTime=2016.04.01-22.23.52, HierarchicalDDC=, DataSize=64618, Duration=0.160843, RunGuid=RunID1C79A73A414D7D2E6B3A949852008D6F
DDCTransactionId01384B1C4332ED10C04FE18EC6345BDC_149, PutCachedData=, CacheKey=PhysXPC_FULL_5DF9E1AAB7CC4DCCB2965BA1A78DFE8_CF11DCF88AD883AD55ED8E469A7B5BC7, StartTime=2016.04.01-22.23.52, HierarchicalDDC=, DataSize=64618, Duration=0.158403, RunGuid=RunID1C79A73A414D7D2E6B3A949852008D6F
DDCTransactionIdFC1C83824942CA647BFFB5A59F97735F_143, PutCachedData=, CacheKey=PhysXPC_VIS_5DF9E1AAB7CC4DCCB2965BA1A78DFE8_A477D7F04E521863507598B34ACDDA1C, StartTime=2016.04.01-22.23.52, HierarchicalDDC=, DataSize=64618, Duration=0.139821, RunGuid=RunID1C79A73A414D7D2E6B3A949852008D6F
DDCTransactionId01384B1C4332ED10C04FE18EC6345BDC_150, PutCachedData=, CacheKey=PhysXPC_FULL_5DF9E1AAB7CC4DCCB2965BA1A78DFE8_986C714252DE9BE2542FDC0F498AACDA, StartTime=2016.04.01-22.23.52, HierarchicalDDC=, DataSize=64618, Duration=0.173558, RunGuid=RunID1C79A73A414D7D2E6B3A949852008D6F
DDCTransactionIdFC1C83824942CA647BFFB5A59F97735F_144, PutCachedData=, CacheKey=PhysXPC_VIS_5DF9E1AAB7CC4DCCB2965BA1A78DFE8_0910A5BA4D79771F49CB33AAA9A8B618, StartTime=2016.04.01-22.23.52, HierarchicalDDC=, DataSize=64618, Duration=0.200447, RunGuid=RunID1C79A73A414D7D2E6B3A949852008D6F
DDCTransactionId01384B1C4332ED10C04FE18EC6345BDC_151, PutCachedData=, CacheKey=PhysXPC_FULL_5DF9E1AAB7CC4DCCB2965BA1A78DFE8_D1FD7C880E212FA6E8FDA594EDF89268, StartTime=2016.04.01-22.23.52, HierarchicalDDC=, DataSize=64618, Duration=0.163775, RunGuid=RunID1C79A73A414D7D2E6B3A949852008D6F
DDCTransactionIdFC1C83824942CA647BFFB5A59F97735F_145, PutCachedData=, CacheKey=PhysXPC_VIS_5DF9E1AAB7CC4DCCB2965BA1A78DFE8_D31D414043BAFDA41DB81182265C0FD3, StartTime=2016.04.01-22.23.52, HierarchicalDDC=, DataSize=64618, Duration=0.251289, RunGuid=RunID1C79A73A414D7D2E6B3A949852008D6F
DDCTransactionId01384B1C4332ED10C04FE18EC6345BDC_152, PutCachedData=, CacheKey=PhysXPC_FULL_5DF9E1AAB7CC4DCCB2965BA1A78DFE8_39209C2F14A18A103785ABCAE91E3D94, StartTime=2016.04.01-22.23.52, HierarchicalDDC=, DataSize=64618, Duration=0.161335, RunGuid=RunID1C79A73A414D7D2E6B3A949852008D6F
DDCTransactionIdFC1C83824942CA647BFFB5A59F97735F_146, PutCachedData=, CacheKey=PhysXPC_VIS_5DF9E1AAB7CC4DCCB2965BA1A78DFE8_8DFC5A6E47E69B5D281EDEA1A01D2AF0, StartTime=2016.04.01-22.23.52, HierarchicalDDC=, DataSize=64618, Duration=0.203378, RunGuid=RunID1C79A73A414D7D2E6B3A949852008D6F
DDCTransactionId01384B1C4332ED10C04FE18EC6345BDC_153, PutCachedData=, CacheKey=PhysXPC_FULL_5DF9E1AAB7CC4DCCB2965BA1A78DFE8_C03998BDD9AE180599480EE7D6FDC93E, StartTime=2016.04.01-22.23.52, HierarchicalDDC=, DataSize=64618, Duration=0.174534, RunGuid=RunID1C79A73A414D7D2E6B3A949852008D6F
DDCTransactionIdFC1C83824942CA647BFFB5A59F97735F_147, PutCachedData=, CacheKey=PhysXPC_VIS_5DF9E1AAB7CC4DCCB2965BA1A78DFE8_D6C61809478C2F5AB5EEA785659A4850, StartTime=2016.04.01-22.23.52, HierarchicalDDC=, DataSize=64618, Duration=0.124179, RunGuid=RunID1C79A73A414D7D2E6B3A949852008D6F
DDCTransactionId01384B1C4332ED10C04FE18EC6345BDC_154, PutCachedData=, CacheKey=PhysXPC_FULL_5DF9E1AAB7CC4DCCB2965BA1A78DFE8_000F215B0324E4DF55143E7144C4FAA2, StartTime=2016.04.01-22.23.52, HierarchicalDDC=, DataSize=64618, Duration=0.148620, RunGuid=RunID1C79A73A414D7D2E6B3A949852008D6F
DDCTransactionIdFC1C83824942CA647BFFB5A59F97735F_148, PutCachedData=, CacheKey=PhysXPC_VIS_5DF9E1AAB7CC4DCCB2965BA1A78DFE8_55A662DF4010E969AC0100AEDF7BEEFC, StartTime=2016.04.01-22.23.52, HierarchicalDDC=, DataSize=64618, Duration=0.122711, RunGuid=RunID1C79A73A414D7D2E6B3A949852008D6F
DDCTransactionId01384B1C4332ED10C04FE18EC6345BDC_155, PutCachedData=, CacheKey=PhysXPC_FULL_5DF9E1AAB7CC4DCCB2965BA1A78DFE8_AE9A749B586E78D95DEE72D380E46176, StartTime=2016.04.01-22.23.52, HierarchicalDDC=, DataSize=64618, Duration=0.153024, RunGuid=RunID1C79A73A414D7D2E6B3A949852008D6F
DDCTransactionIdFC1C83824942CA647BFFB5A59F97735F_149, PutCachedData=, CacheKey=PhysXPC_VIS_5DF9E1AAB7CC4DCCB2965BA1A78DFE8_C53038B7497DA466A4EB839D9580A02D, StartTime=2016.04.01-22.23.52, HierarchicalDDC=, DataSize=64618, Duration=0.140313, RunGuid=RunID1C79A73A414D7D2E6B3A949852008D6F
DDCTransactionId01384B1C4332ED10C04FE18EC6345BDC_156, PutCachedData=, CacheKey=PhysXPC_FULL_5DF9E1AAB7CC4DCCB2965BA1A78DFE8_09CB2DE7662D4D8ECB56BA7F5F72388B, StartTime=2016.04.01-22.23.52, HierarchicalDDC=, DataSize=64618, Duration=0.132490, RunGuid=RunID1C79A73A414D7D2E6B3A949852008D6F
DDCTransactionIdFC1C83824942CA647BFFB5A59F97735F_150, PutCachedData=, CacheKey=PhysXPC_VIS_5DF9E1AAB7CC4DCCB2965BA1A78DFE8_6131613B438A3FB5C4FA7EAD28F313BC, StartTime=2016.04.01-22.23.52, HierarchicalDDC=, DataSize=64618, Duration=0.124175, RunGuid=RunID1C79A73A414D7D2E6B3A949852008D6F
DDCTransactionId01384B1C4332ED10C04FE18EC6345BDC_157, PutCachedData=, CacheKey=PhysXPC_FULL_5DF9E1AAB7CC4DCCB2965BA1A78DFE8_7261046485140CCA446C37B90E08BB4A, StartTime=2016.04.01-22.23.52, HierarchicalDDC=, DataSize=64618, Duration=0.124667, RunGuid=RunID1C79A73A414D7D2E6B3A949852008D6F
DDCTransactionIdFC1C83824942CA647BFFB5A59F97735F_151, PutCachedData=, CacheKey=PhysXPC_VIS_5DF9E1AAB7CC4DCCB2965BA1A78DFE8_588EFEAA42730E86D0796A9A37D3ED5C, StartTime=2016.04.01-22.23.52, HierarchicalDDC=, DataSize=64618, Duration=0.118800, RunGuid=RunID1C79A73A414D7D2E6B3A949852008D6F
DDCTransactionId01384B1C4332ED10C04FE18EC6345BDC_158, PutCachedData=, CacheKey=PhysXPC_FULL_5DF9E1AAB7CC4DCCB2965BA1A78DFE8_1DEC5D076ABC278335C5B27A1ECE73E2, StartTime=2016.04.01-22.23.52, HierarchicalDDC=, DataSize=64618, Duration=0.121243, RunGuid=RunID1C79A73A414D7D2E6B3A949852008D6F
DDCTransactionIdFC1C83824942CA647BFFB5A59F97735F_152, PutCachedData=, CacheKey=PhysXPC_VIS_5DF9E1AAB7CC4DCCB2965BA1A78DFE8_EC9BBFCA4D4D0F335AD73BAC9F980C37, StartTime=2016.04.01-22.23.52, HierarchicalDDC=, DataSize=64618, Duration=0.123687, RunGuid=RunID1C79A73A414D7D2E6B3A949852008D6F
DDCTransactionId01384B1C4332ED10C04FE18EC6345BDC_159, PutCachedData=, CacheKey=PhysXPC_FULL_5DF9E1AAB7CC4DCCB2965BA1A78DFE8_1719D63F81F1BD8C64B5C97861BEAAFD, StartTime=2016.04.01-22.23.52, HierarchicalDDC=, DataSize=64618, Duration=0.129066, RunGuid=RunID1C79A73A414D7D2E6B3A949852008D6F
DDCTransactionIdFC1C83824942CA647BFFB5A59F97735F_153, PutCachedData=, CacheKey=PhysXPC_VIS_5DF9E1AAB7CC4DCCB2965BA1A78DFE8_0BCA26E841ACAB23098A42BD0B0D0373, StartTime=2016.04.01-22.23.52, HierarchicalDDC=, DataSize=64618, Duration=0.128090, RunGuid=RunID1C79A73A414D7D2E6B3A949852008D6F
DDCTransactionId01384B1C4332ED10C04FE18EC6345BDC_160, PutCachedData=, CacheKey=PhysXPC_FULL_5DF9E1AAB7CC4DCCB2965BA1A78DFE8_67F3F03BF369C58F27EB80CC90E9E952, StartTime=2016.04.01-22.23.52, HierarchicalDDC=, DataSize=64618, Duration=0.129066, RunGuid=RunID1C79A73A414D7D2E6B3A949852008D6F
DDCTransactionIdFC1C83824942CA647BFFB5A59F97735F_154, PutCachedData=, CacheKey=PhysXPC_VIS_5DF9E1AAB7CC4DCCB2965BA1A78DFE8_BE698AD74ABE1CB6106676A89CA08B91, StartTime=2016.04.01-22.23.52, HierarchicalDDC=, DataSize=64618, Duration=0.131998, RunGuid=RunID1C79A73A414D7D2E6B3A949852008D6F
DDCTransactionId01384B1C4332ED10C04FE18EC6345BDC_161, PutCachedData=, CacheKey=PhysXPC_FULL_5DF9E1AAB7CC4DCCB2965BA1A78DFE8_8CA65CB77F00EF028401C9E62ED3CE1B, StartTime=2016.04.01-22.23.52, HierarchicalDDC=, DataSize=64618, Duration=0.130042, RunGuid=RunID1C79A73A414D7D2E6B3A949852008D6F
DDCTransactionIdFC1C83824942CA647BFFB5A59F97735F_155, PutCachedData=, CacheKey=PhysXPC_VIS_5DF9E1AAB7CC4DCCB2965BA1A78DFE8_213A5E7849DFE46A6C79F39F3CAAA6DF, StartTime=2016.04.01-22.23.52, HierarchicalDDC=, DataSize=64618, Duration=0.126619, RunGuid=RunID1C79A73A414D7D2E6B3A949852008D6F
DDCTransactionId01384B1C4332ED10C04FE18EC6345BDC_162, PutCachedData=, CacheKey=PhysXPC_FULL_5DF9E1AAB7CC4DCCB2965BA1A78DFE8_7190535748687553C1253C69BDF5942A, StartTime=2016.04.01-22.23.52, HierarchicalDDC=, DataSize=64618, Duration=0.132486, RunGuid=RunID1C79A73A414D7D2E6B3A949852008D6F
DDCTransactionIdFC1C83824942CA647BFFB5A59F97735F_156, PutCachedData=, CacheKey=PhysXPC_VIS_5DF9E1AAB7CC4DCCB2965BA1A78DFE8_E4A4AD174275FAED81FB7EAF14216537, StartTime=2016.04.01-22.23.52, HierarchicalDDC=, DataSize=64618, Duration=0.126623, RunGuid=RunID1C79A73A414D7D2E6B3A949852008D6F
DDCTransactionId01384B1C4332ED10C04FE18EC6345BDC_163, PutCachedData=, CacheKey=PhysXPC_FULL_5DF9E1AAB7CC4DCCB2965BA1A78DFE8_21AD679F931A2F74978F4E82024BC339, StartTime=2016.04.01-22.23.52, HierarchicalDDC=, DataSize=64618, Duration=0.134934, RunGuid=RunID1C79A73A414D7D2E6B3A949852008D6F
DDCTransactionIdFC1C83824942CA647BFFB5A59F97735F_157, PutCachedData=, CacheKey=PhysXPC_VIS_5DF9E1AAB7CC4DCCB2965BA1A78DFE8_2CC7E99B4A8275177EBFA89BDDF85F0A, StartTime=2016.04.01-22.23.52, HierarchicalDDC=, DataSize=64618, Duration=0.133954, RunGuid=RunID1C79A73A414D7D2E6B3A949852008D6F
DDCTransactionId01384B1C4332ED10C04FE18EC6345BDC_164, PutCachedData=, CacheKey=PhysXPC_FULL_5DF9E1AAB7CC4DCCB2965BA1A78DFE8_0BA59CAD8DC0FD8115FA7E2BE127313E, StartTime=2016.04.01-22.23.52, HierarchicalDDC=, DataSize=64618, Duration=0.131510, RunGuid=RunID1C79A73A414D7D2E6B3A949852008D6F
DDCTransactionIdFC1C83824942CA647BFFB5A59F97735F_158, PutCachedData=, CacheKey=PhysXPC_VIS_5DF9E1AAB7CC4DCCB2965BA1A78DFE8_CF6F073C4BA06677017414A39B685AAE, StartTime=2016.04.01-22.23.52, HierarchicalDDC=, DataSize=64618, Duration=0.129066, RunGuid=RunID1C79A73A414D7D2E6B3A949852008D6F
DDCTransactionIdFC1C83824942CA647BFFB5A59F97735F_159, PutCachedData=, CacheKey=PhysXPC_FULL_5DF9E1AAB7CC4DCCB2965BA1A78DFE8_7C475E553C2CF87833AC95729FF179C3, StartTime=2016.04.01-22.23.52, HierarchicalDDC=, DataSize=64618, Duration=0.133466, RunGuid=RunID1C79A73A414D7D2E6B3A949852008D6F
DDCTransactionId01384B1C4332ED10C04FE18EC6345BDC_165, PutCachedData=, CacheKey=PhysXPC_VIS_5DF9E1AAB7CC4DCCB2965BA1A78DFE8_B50EF41B4634A292B5FA54A4F541FA8F, StartTime=2016.04.01-22.23.52, HierarchicalDDC=, DataSize=64618, Duration=0.132490, RunGuid=RunID1C79A73A414D7D2E6B3A949852008D6F
DDCTransactionId01384B1C4332ED10C04FE18EC6345BDC_166, PutCachedData=, CacheKey=PhysXPC_FULL_5DF9E1AAB7CC4DCCB2965BA1A78DFE8_D56D39D2A9D83F45918705E55BBD9EEF, StartTime=2016.04.01-22.23.52, HierarchicalDDC=, DataSize=64618, Duration=0.116356, RunGuid=RunID1C79A73A414D7D2E6B3A949852008D6F
DDCTransactionIdFC1C83824942CA647BFFB5A59F97735F_160, PutCachedData=, CacheKey=PhysXPC_VIS_5DF9E1AAB7CC4DCCB2965BA1A78DFE8_6EF938D2483F89D7E3357AAAC3187349, StartTime=2016.04.01-22.23.52, HierarchicalDDC=, DataSize=64618, Duration=0.155468, RunGuid=RunID1C79A73A414D7D2E6B3A949852008D6F
DDCTransactionId01384B1C4332ED10C04FE18EC6345BDC_167, PutCachedData=, CacheKey=PhysXPC_FULL_5DF9E1AAB7CC4DCCB2965BA1A78DFE8_7DDC61E83FED51A4D9DD814242EFBA08, StartTime=2016.04.01-22.23.52, HierarchicalDDC=, DataSize=64618, Duration=0.142757, RunGuid=RunID1C79A73A414D7D2E6B3A949852008D6F
DDCTransactionIdFC1C83824942CA647BFFB5A59F97735F_161, PutCachedData=, CacheKey=PhysXPC_VIS_5DF9E1AAB7CC4DCCB2965BA1A78DFE8_1D1E1CC24D7BCF0F0A98038500D7084F, StartTime=2016.04.01-22.23.52, HierarchicalDDC=, DataSize=64618, Duration=0.143245, RunGuid=RunID1C79A73A414D7D2E6B3A949852008D6F
DDCTransactionId01384B1C4332ED10C04FE18EC6345BDC_168, PutCachedData=, CacheKey=PhysXPC_FULL_5DF9E1AAB7CC4DCCB2965BA1A78DFE8_3E047A79CF0B1A8E017088236CD67DC9, StartTime=2016.04.01-22.23.52, HierarchicalDDC=, DataSize=64618, Duration=0.178445, RunGuid=RunID1C79A73A414D7D2E6B3A949852008D6F
DDCTransactionIdFC1C83824942CA647BFFB5A59F97735F_162, PutCachedData=, CacheKey=PhysXPC_VIS_5DF9E1AAB7CC4DCCB2965BA1A78DFE8_57C9384A445F76E075F055BFD7AAB027, StartTime=2016.04.01-22.23.52, HierarchicalDDC=, DataSize=64618, Duration=0.138357, RunGuid=RunID1C79A73A414D7D2E6B3A949852008D6F
DDCTransactionIdFC1C83824942CA647BFFB5A59F97735F_163, PutCachedData=, CacheKey=PhysXPC_FULL_5DF9E1AAB7CC4DCCB2965BA1A78DFE8_F4B9EFD6BF0245B41762B7A7699E9626, StartTime=2016.04.01-22.23.52, HierarchicalDDC=, DataSize=64618, Duration=0.160843, RunGuid=RunID1C79A73A414D7D2E6B3A949852008D6F
DDCTransactionId01384B1C4332ED10C04FE18EC6345BDC_169, PutCachedData=, CacheKey=PhysXPC_VIS_5DF9E1AAB7CC4DCCB2965BA1A78DFE8_7334DE3945BE15E9DF8733BF7C700BD5, StartTime=2016.04.01-22.23.52, HierarchicalDDC=, DataSize=64618, Duration=0.139825, RunGuid=RunID1C79A73A414D7D2E6B3A949852008D6F
DDCTransactionId01384B1C4332ED10C04FE18EC6345BDC_170, PutCachedData=, CacheKey=PhysXPC_FULL_5DF9E1AAB7CC4DCCB2965BA1A78DFE8_C289F3B2C96F29A59BFCF4682413AC8B, StartTime=2016.04.01-22.23.52, HierarchicalDDC=, DataSize=64618, Duration=0.131022, RunGuid=RunID1C79A73A414D7D2E6B3A949852008D6F
DDCTransactionIdFC1C83824942CA647BFFB5A59F97735F_164, PutCachedData=, CacheKey=PhysXPC_VIS_5DF9E1AAB7CC4DCCB2965BA1A78DFE8_BDB0135449936CA41D85B2B1EE993C32, StartTime=2016.04.01-22.23.52, HierarchicalDDC=, DataSize=64618, Duration=0.250801, RunGuid=RunID1C79A73A414D7D2E6B3A949852008D6F
DDCTransactionId01384B1C4332ED10C04FE18EC6345BDC_171, PutCachedData=, CacheKey=PhysXPC_FULL_5DF9E1AAB7CC4DCCB2965BA1A78DFE8_1BE8BA48BC40D239896C307710A716C4, StartTime=2016.04.01-22.23.52, HierarchicalDDC=, DataSize=64618, Duration=0.135422, RunGuid=RunID1C79A73A414D7D2E6B3A949852008D6F
DDCTransactionId01384B1C4332ED10C04FE18EC6345BDC_172, PutCachedData=, CacheKey=PhysXPC_VIS_5DF9E1AAB7CC4DCCB2965BA1A78DFE8_DE4D71DD4D610F6376D5708FEFCCF696, StartTime=2016.04.01-22.23.52, HierarchicalDDC=, DataSize=64618, Duration=0.304576, RunGuid=RunID1C79A73A414D7D2E6B3A949852008D6F
DDCTransactionIdFC1C83824942CA647BFFB5A59F97735F_165, PutCachedData=, CacheKey=PhysXPC_FULL_5DF9E1AAB7CC4DCCB2965BA1A78DFE8_E19B8ED3324BA22FCA1AE0A02F9152ED, StartTime=2016.04.01-22.23.52, HierarchicalDDC=, DataSize=64618, Duration=0.146177, RunGuid=RunID1C79A73A414D7D2E6B3A949852008D6F
DDCTransactionIdFC1C83824942CA647BFFB5A59F97735F_166, PutCachedData=, CacheKey=PhysXPC_VIS_5DF9E1AAB7CC4DCCB2965BA1A78DFE8_3CA1DABD47293E17D1C38887A9ED9EBA, StartTime=2016.04.01-22.23.52, HierarchicalDDC=, DataSize=64618, Duration=0.138845, RunGuid=RunID1C79A73A414D7D2E6B3A949852008D6F
DDCTransactionId01384B1C4332ED10C04FE18EC6345BDC_173, PutCachedData=, CacheKey=PhysXPC_FULL_5DF9E1AAB7CC4DCCB2965BA1A78DFE8_500FED9A17CE40934D6C7CE51A4BB558, StartTime=2016.04.01-22.23.52, HierarchicalDDC=, DataSize=64618, Duration=0.140309, RunGuid=RunID1C79A73A414D7D2E6B3A949852008D6F
DDCTransactionIdFC1C83824942CA647BFFB5A59F97735F_167, PutCachedData=, CacheKey=PhysXPC_VIS_5DF9E1AAB7CC4DCCB2965BA1A78DFE8_6B86DA3C45750C1CD9BD1BB899714C95, StartTime=2016.04.01-22.23.52, HierarchicalDDC=, DataSize=64618, Duration=0.138357, RunGuid=RunID1C79A73A414D7D2E6B3A949852008D6F
DDCTransactionId01384B1C4332ED10C04FE18EC6345BDC_174, PutCachedData=, CacheKey=PhysXPC_FULL_5DF9E1AAB7CC4DCCB2965BA1A78DFE8_DB6B098D30F4D262D96F2108B027FAB3, StartTime=2016.04.01-22.23.52, HierarchicalDDC=, DataSize=64618, Duration=0.166222, RunGuid=RunID1C79A73A414D7D2E6B3A949852008D6F
DDCTransactionIdFC1C83824942CA647BFFB5A59F97735F_168, PutCachedData=, CacheKey=PhysXPC_VIS_5DF9E1AAB7CC4DCCB2965BA1A78DFE8_2ECEBA0A43D50C0E1CE643A8FC94DAFD, StartTime=2016.04.01-22.23.52, HierarchicalDDC=, DataSize=64618, Duration=0.132978, RunGuid=RunID1C79A73A414D7D2E6B3A949852008D6F
DDCTransactionIdFC1C83824942CA647BFFB5A59F97735F_169, PutCachedData=, CacheKey=PhysXPC_FULL_5DF9E1AAB7CC4DCCB2965BA1A78DFE8_4929D7E1805A18B8BD8143700CF40BBB, StartTime=2016.04.01-22.23.52, HierarchicalDDC=, DataSize=64618, Duration=0.132490, RunGuid=RunID1C79A73A414D7D2E6B3A949852008D6F
DDCTransactionId01384B1C4332ED10C04FE18EC6345BDC_175, PutCachedData=, CacheKey=PhysXPC_VIS_5DF9E1AAB7CC4DCCB2965BA1A78DFE8_4C2F1EDF4E850432D9F600A3B87A9BDB, StartTime=2016.04.01-22.23.52, HierarchicalDDC=, DataSize=64618, Duration=0.131022, RunGuid=RunID1C79A73A414D7D2E6B3A949852008D6F
DDCTransactionIdFC1C83824942CA647BFFB5A59F97735F_170, PutCachedData=, CacheKey=PhysXPC_FULL_5DF9E1AAB7CC4DCCB2965BA1A78DFE8_9561A7F5EC95831D9DAE1C130E92E952, StartTime=2016.04.01-22.23.52, HierarchicalDDC=, DataSize=64618, Duration=0.140309, RunGuid=RunID1C79A73A414D7D2E6B3A949852008D6F
DDCTransactionId01384B1C4332ED10C04FE18EC6345BDC_176, PutCachedData=, CacheKey=PhysXPC_VIS_5DF9E1AAB7CC4DCCB2965BA1A78DFE8_547D22A94C27359FEE5DC98A88541810, StartTime=2016.04.01-22.23.52, HierarchicalDDC=, DataSize=64618, Duration=0.138845, RunGuid=RunID1C79A73A414D7D2E6B3A949852008D6F
DDCTransactionIdFC1C83824942CA647BFFB5A59F97735F_171, PutCachedData=, CacheKey=PhysXPC_FULL_5DF9E1AAB7CC4DCCB2965BA1A78DFE8_586E06F593B89FE5376939B66EC18007, StartTime=2016.04.01-22.23.52, HierarchicalDDC=, DataSize=64618, Duration=0.130534, RunGuid=RunID1C79A73A414D7D2E6B3A949852008D6F
DDCTransactionId01384B1C4332ED10C04FE18EC6345BDC_177, PutCachedData=, CacheKey=PhysXPC_VIS_5DF9E1AAB7CC4DCCB2965BA1A78DFE8_103F16BC4D8CDA8BD1D1D7A32BE0595D, StartTime=2016.04.01-22.23.52, HierarchicalDDC=, DataSize=64618, Duration=0.124667, RunGuid=RunID1C79A73A414D7D2E6B3A949852008D6F
DDCTransactionIdFC1C83824942CA647BFFB5A59F97735F_172, PutCachedData=, CacheKey=PhysXPC_FULL_5DF9E1AAB7CC4DCCB2965BA1A78DFE8_7FCC58DE5735288C9697B7D31A5DAC12, StartTime=2016.04.01-22.23.52, HierarchicalDDC=, DataSize=64618, Duration=0.133958, RunGuid=RunID1C79A73A414D7D2E6B3A949852008D6F
DDCTransactionId01384B1C4332ED10C04FE18EC6345BDC_178, PutCachedData=, CacheKey=PhysXPC_VIS_5DF9E1AAB7CC4DCCB2965BA1A78DFE8_2D5AAA344B55050ECCDEEC95BE8AAB4D, StartTime=2016.04.01-22.23.52, HierarchicalDDC=, DataSize=64618, Duration=0.202890, RunGuid=RunID1C79A73A414D7D2E6B3A949852008D6F
DDCTransactionIdFC1C83824942CA647BFFB5A59F97735F_173, PutCachedData=, CacheKey=PhysXPC_FULL_5DF9E1AAB7CC4DCCB2965BA1A78DFE8_33C6F31F04DD579A465EE2B905D50B34, StartTime=2016.04.01-22.23.52, HierarchicalDDC=, DataSize=64618, Duration=0.134934, RunGuid=RunID1C79A73A414D7D2E6B3A949852008D6F
DDCTransactionId01384B1C4332ED10C04FE18EC6345BDC_179, PutCachedData=, CacheKey=PhysXPC_VIS_5DF9E1AAB7CC4DCCB2965BA1A78DFE8_E715DDD3498A72D1075B67A69266066C, StartTime=2016.04.01-22.23.52, HierarchicalDDC=, DataSize=64618, Duration=0.140309, RunGuid=RunID1C79A73A414D7D2E6B3A949852008D6F
DDCTransactionIdFC1C83824942CA647BFFB5A59F97735F_174, PutCachedData=, CacheKey=PhysXPC_FULL_5DF9E1AAB7CC4DCCB2965BA1A78DFE8_CEA0FF697A4A1EC9EFA1FA6384C7F86E, StartTime=2016.04.01-22.23.52, HierarchicalDDC=, DataSize=64618, Duration=0.184312, RunGuid=RunID1C79A73A414D7D2E6B3A949852008D6F
DDCTransactionId01384B1C4332ED10C04FE18EC6345BDC_180, PutCachedData=, CacheKey=PhysXPC_VIS_5DF9E1AAB7CC4DCCB2965BA1A78DFE8_E96920A548F99C8BB6A63CB33712F315, StartTime=2016.04.01-22.23.52, HierarchicalDDC=, DataSize=64618, Duration=0.154488, RunGuid=RunID1C79A73A414D7D2E6B3A949852008D6F
DDCTransactionIdFC1C83824942CA647BFFB5A59F97735F_175, PutCachedData=, CacheKey=PhysXPC_FULL_5DF9E1AAB7CC4DCCB2965BA1A78DFE8_A606AA1E8BD46770A22C4994427B65FF, StartTime=2016.04.01-22.23.52, HierarchicalDDC=, DataSize=64618, Duration=0.125647, RunGuid=RunID1C79A73A414D7D2E6B3A949852008D6F
DDCTransactionId01384B1C4332ED10C04FE18EC6345BDC_181, PutCachedData=, CacheKey=PhysXPC_VIS_5DF9E1AAB7CC4DCCB2965BA1A78DFE8_820580464B8EC0CD4E3447B09C438024, StartTime=2016.04.01-22.23.52, HierarchicalDDC=, DataSize=64618, Duration=0.133470, RunGuid=RunID1C79A73A414D7D2E6B3A949852008D6F
DDCTransactionIdFC1C83824942CA647BFFB5A59F97735F_176, PutCachedData=, CacheKey=PhysXPC_FULL_5DF9E1AAB7CC4DCCB2965BA1A78DFE8_4F21EC7FA94AA954C50471CBF7BAC60F, StartTime=2016.04.01-22.23.52, HierarchicalDDC=, DataSize=64618, Duration=0.116844, RunGuid=RunID1C79A73A414D7D2E6B3A949852008D6F
DDCTransactionId01384B1C4332ED10C04FE18EC6345BDC_182, PutCachedData=, CacheKey=PhysXPC_VIS_5DF9E1AAB7CC4DCCB2965BA1A78DFE8_C84D90814ABBF0FD1D12BAA5C3D472E8, StartTime=2016.04.01-22.23.52, HierarchicalDDC=, DataSize=64618, Duration=0.131022, RunGuid=RunID1C79A73A414D7D2E6B3A949852008D6F
DDCTransactionIdFC1C83824942CA647BFFB5A59F97735F_177, PutCachedData=, CacheKey=PhysXPC_FULL_5DF9E1AAB7CC4DCCB2965BA1A78DFE8_A04D6E0E458ABD785EAA465332628D41, StartTime=2016.04.01-22.23.52, HierarchicalDDC=, DataSize=64618, Duration=0.132974, RunGuid=RunID1C79A73A414D7D2E6B3A949852008D6F
DDCTransactionId01384B1C4332ED10C04FE18EC6345BDC_183, PutCachedData=, CacheKey=PhysXPC_VIS_5DF9E1AAB7CC4DCCB2965BA1A78DFE8_BA2FE3A142D61C5C8452ED8008A04115, StartTime=2016.04.01-22.23.52, HierarchicalDDC=, DataSize=64618, Duration=0.124175, RunGuid=RunID1C79A73A414D7D2E6B3A949852008D6F
DDCTransactionIdFC1C83824942CA647BFFB5A59F97735F_178, PutCachedData=, CacheKey=PhysXPC_FULL_5DF9E1AAB7CC4DCCB2965BA1A78DFE8_6D1D0A16B4A3289F77DFC443D4172CE5, StartTime=2016.04.01-22.23.52, HierarchicalDDC=, DataSize=64618, Duration=0.133958, RunGuid=RunID1C79A73A414D7D2E6B3A949852008D6F
DDCTransactionId01384B1C4332ED10C04FE18EC6345BDC_184, PutCachedData=, CacheKey=PhysXPC_VIS_5DF9E1AAB7CC4DCCB2965BA1A78DFE8_1443456D4DA559339AFEC2A7008DF0F4, StartTime=2016.04.01-22.23.52, HierarchicalDDC=, DataSize=64618, Duration=0.157423, RunGuid=RunID1C79A73A414D7D2E6B3A949852008D6F
DDCTransactionIdFC1C83824942CA647BFFB5A59F97735F_179, PutCachedData=, CacheKey=PhysXPC_FULL_5DF9E1AAB7CC4DCCB2965BA1A78DFE8_4AC42BD0F177166F44A37613EF31F15A, StartTime=2016.04.01-22.23.52, HierarchicalDDC=, DataSize=64618, Duration=0.125159, RunGuid=RunID1C79A73A414D7D2E6B3A949852008D6F
DDCTransactionId01384B1C4332ED10C04FE18EC6345BDC_185, PutCachedData=, CacheKey=PhysXPC_VIS_5DF9E1AAB7CC4DCCB2965BA1A78DFE8_E6729ED2489C9670D4A8079395DB6B1D, StartTime=2016.04.01-22.23.52, HierarchicalDDC=, DataSize=64618, Duration=0.132002, RunGuid=RunID1C79A73A414D7D2E6B3A949852008D6F
DDCTransactionIdFC1C83824942CA647BFFB5A59F97735F_180, PutCachedData=, CacheKey=PhysXPC_FULL_5DF9E1AAB7CC4DCCB2965BA1A78DFE8_E84FE3FC401625A77AAD6A91F8C6B3CE, StartTime=2016.04.01-22.23.52, HierarchicalDDC=, DataSize=64618, Duration=0.136890, RunGuid=RunID1C79A73A414D7D2E6B3A949852008D6F
DDCTransactionId01384B1C4332ED10C04FE18EC6345BDC_186, PutCachedData=, CacheKey=PhysXPC_VIS_5DF9E1AAB7CC4DCCB2965BA1A78DFE8_C3710F314BA4963747FDA39383B7DF64, StartTime=2016.04.01-22.23.52, HierarchicalDDC=, DataSize=64618, Duration=0.132490, RunGuid=RunID1C79A73A414D7D2E6B3A949852008D6F
DDCTransactionIdFC1C83824942CA647BFFB5A59F97735F_181, PutCachedData=, CacheKey=PhysXPC_FULL_5DF9E1AAB7CC4DCCB2965BA1A78DFE8_6431D3D9C37DD02F6400D7A3965C8183, StartTime=2016.04.01-22.23.52, HierarchicalDDC=, DataSize=64618, Duration=0.121735, RunGuid=RunID1C79A73A414D7D2E6B3A949852008D6F
DDCTransactionId01384B1C4332ED10C04FE18EC6345BDC_187, PutCachedData=, CacheKey=PhysXPC_VIS_5DF9E1AAB7CC4DCCB2965BA1A78DFE8_08E0CF8E4B6091229671579C0FFF54E8, StartTime=2016.04.01-22.23.52, HierarchicalDDC=, DataSize=64618, Duration=0.143733, RunGuid=RunID1C79A73A414D7D2E6B3A949852008D6F
DDCTransactionIdFC1C83824942CA647BFFB5A59F97735F_182, PutCachedData=, CacheKey=PhysXPC_FULL_5DF9E1AAB7CC4DCCB2965BA1A78DFE8_1ABC64A8EDF6A05D537624F0081BCCC5, StartTime=2016.04.01-22.23.52, HierarchicalDDC=, DataSize=64618, Duration=0.140801, RunGuid=RunID1C79A73A414D7D2E6B3A949852008D6F
DDCTransactionId01384B1C4332ED10C04FE18EC6345BDC_188, PutCachedData=, CacheKey=PhysXPC_VIS_5DF9E1AAB7CC4DCCB2965BA1A78DFE8_37F4062E47A9C63A9B7F6482412C0395, StartTime=2016.04.01-22.23.52, HierarchicalDDC=, DataSize=64618, Duration=0.158887, RunGuid=RunID1C79A73A414D7D2E6B3A949852008D6F
DDCTransactionIdFC1C83824942CA647BFFB5A59F97735F_183, PutCachedData=, CacheKey=PhysXPC_FULL_5DF9E1AAB7CC4DCCB2965BA1A78DFE8_5B62588338389B8844DFE02A865AF3F6, StartTime=2016.04.01-22.23.52, HierarchicalDDC=, DataSize=64618, Duration=0.125155, RunGuid=RunID1C79A73A414D7D2E6B3A949852008D6F
DDCTransactionId01384B1C4332ED10C04FE18EC6345BDC_189, PutCachedData=, CacheKey=PhysXPC_VIS_5DF9E1AAB7CC4DCCB2965BA1A78DFE8_32D89A4E4CBAC6145403C1ACA166801F, StartTime=2016.04.01-22.23.52, HierarchicalDDC=, DataSize=64618, Duration=0.151556, RunGuid=RunID1C79A73A414D7D2E6B3A949852008D6F
DDCTransactionIdFC1C83824942CA647BFFB5A59F97735F_184, PutCachedData=, CacheKey=PhysXPC_FULL_5DF9E1AAB7CC4DCCB2965BA1A78DFE8_185EF3C0F4E9870239ED6A493B320F58, StartTime=2016.04.01-22.23.52, HierarchicalDDC=, DataSize=64618, Duration=0.129066, RunGuid=RunID1C79A73A414D7D2E6B3A949852008D6F
DDCTransactionIdFC1C83824942CA647BFFB5A59F97735F_185, PutCachedData=, CacheKey=PhysXPC_VIS_5DF9E1AAB7CC4DCCB2965BA1A78DFE8_B01CD5CE42FD906E41C05D8689A67EDE, StartTime=2016.04.01-22.23.52, HierarchicalDDC=, DataSize=64618, Duration=0.134934, RunGuid=RunID1C79A73A414D7D2E6B3A949852008D6F
DDCTransactionId01384B1C4332ED10C04FE18EC6345BDC_190, PutCachedData=, CacheKey=PhysXPC_FULL_5DF9E1AAB7CC4DCCB2965BA1A78DFE8_0CA2789032CEE133F961491CB6CE0FCA, StartTime=2016.04.01-22.23.52, HierarchicalDDC=, DataSize=64618, Duration=0.145201, RunGuid=RunID1C79A73A414D7D2E6B3A949852008D6F
DDCTransactionIdFC1C83824942CA647BFFB5A59F97735F_186, PutCachedData=, CacheKey=PhysXPC_VIS_5DF9E1AAB7CC4DCCB2965BA1A78DFE8_600D49AF442E585919B758A811496846, StartTime=2016.04.01-22.23.52, HierarchicalDDC=, DataSize=64618, Duration=0.127599, RunGuid=RunID1C79A73A414D7D2E6B3A949852008D6F
DDCTransactionId01384B1C4332ED10C04FE18EC6345BDC_191, PutCachedData=, CacheKey=PhysXPC_FULL_5DF9E1AAB7CC4DCCB2965BA1A78DFE8_C702CEBFCCCAFCE347F1E2980D3A3C82, StartTime=2016.04.01-22.23.52, HierarchicalDDC=, DataSize=64618, Duration=0.148620, RunGuid=RunID1C79A73A414D7D2E6B3A949852008D6F
DDCTransactionIdFC1C83824942CA647BFFB5A59F97735F_187, PutCachedData=, CacheKey=PhysXPC_VIS_5DF9E1AAB7CC4DCCB2965BA1A78DFE8_CBF1289E44FF5ECE495C7C82EC58E330, StartTime=2016.04.01-22.23.52, HierarchicalDDC=, DataSize=64618, Duration=0.122711, RunGuid=RunID1C79A73A414D7D2E6B3A949852008D6F
DDCTransactionId01384B1C4332ED10C04FE18EC6345BDC_192, PutCachedData=, CacheKey=PhysXPC_FULL_5DF9E1AAB7CC4DCCB2965BA1A78DFE8_DB981BA3313FE6BB686C975F96ADA34E, StartTime=2016.04.01-22.23.52, HierarchicalDDC=, DataSize=64618, Duration=0.191644, RunGuid=RunID1C79A73A414D7D2E6B3A949852008D6F
DDCTransactionIdFC1C83824942CA647BFFB5A59F97735F_188, PutCachedData=, CacheKey=PhysXPC_VIS_5DF9E1AAB7CC4DCCB2965BA1A78DFE8_ABDD82E44BD4057B661B2F8EDB4FABBD, StartTime=2016.04.01-22.23.52, HierarchicalDDC=, DataSize=64618, Duration=0.124667, RunGuid=RunID1C79A73A414D7D2E6B3A949852008D6F
DDCTransactionId01384B1C4332ED10C04FE18EC6345BDC_193, PutCachedData=, CacheKey=PhysXPC_FULL_5DF9E1AAB7CC4DCCB2965BA1A78DFE8_407B5E6BEE400FA66637F913517D8A85, StartTime=2016.04.01-22.23.52, HierarchicalDDC=, DataSize=64618, Duration=0.141781, RunGuid=RunID1C79A73A414D7D2E6B3A949852008D6F
DDCTransactionIdFC1C83824942CA647BFFB5A59F97735F_189, PutCachedData=, CacheKey=PhysXPC_VIS_5DF9E1AAB7CC4DCCB2965BA1A78DFE8_492D5C17475D6906868E489D7C7E780C, StartTime=2016.04.01-22.23.52, HierarchicalDDC=, DataSize=64618, Duration=0.126131, RunGuid=RunID1C79A73A414D7D2E6B3A949852008D6F
DDCTransactionIdFC1C83824942CA647BFFB5A59F97735F_190, PutCachedData=, CacheKey=PhysXPC_FULL_5DF9E1AAB7CC4DCCB2965BA1A78DFE8_0EB142BC87351401F31AF6825973AA8B, StartTime=2016.04.01-22.23.52, HierarchicalDDC=, DataSize=64618, Duration=0.135422, RunGuid=RunID1C79A73A414D7D2E6B3A949852008D6F
DDCTransactionId01384B1C4332ED10C04FE18EC6345BDC_194, PutCachedData=, CacheKey=PhysXPC_VIS_5DF9E1AAB7CC4DCCB2965BA1A78DFE8_9F081F5E4C4B3856EA15DBAB3636906F, StartTime=2016.04.01-22.23.52, HierarchicalDDC=, DataSize=64618, Duration=0.142265, RunGuid=RunID1C79A73A414D7D2E6B3A949852008D6F
DDCTransactionIdFC1C83824942CA647BFFB5A59F97735F_191, PutCachedData=, CacheKey=PhysXPC_FULL_5DF9E1AAB7CC4DCCB2965BA1A78DFE8_850F9D6C5709C6D70C3BE0D28B90E48C, StartTime=2016.04.01-22.23.52, HierarchicalDDC=, DataSize=64618, Duration=0.133958, RunGuid=RunID1C79A73A414D7D2E6B3A949852008D6F
DDCTransactionId01384B1C4332ED10C04FE18EC6345BDC_195, PutCachedData=, CacheKey=PhysXPC_VIS_5DF9E1AAB7CC4DCCB2965BA1A78DFE8_E719EF674EB92C59F3BA3F97F607D2A1, StartTime=2016.04.01-22.23.52, HierarchicalDDC=, DataSize=64618, Duration=0.143733, RunGuid=RunID1C79A73A414D7D2E6B3A949852008D6F
DDCTransactionIdFC1C83824942CA647BFFB5A59F97735F_192, PutCachedData=, CacheKey=PhysXPC_FULL_5DF9E1AAB7CC4DCCB2965BA1A78DFE8_962B963DA5DAE1D76D3E5A36608B0621, StartTime=2016.04.01-22.23.52, HierarchicalDDC=, DataSize=64618, Duration=0.152044, RunGuid=RunID1C79A73A414D7D2E6B3A949852008D6F
DDCTransactionId01384B1C4332ED10C04FE18EC6345BDC_196, PutCachedData=, CacheKey=PhysXPC_VIS_5DF9E1AAB7CC4DCCB2965BA1A78DFE8_2EA5648147322EE8C7C61FA075210D09, StartTime=2016.04.01-22.23.52, HierarchicalDDC=, DataSize=64618, Duration=0.136890, RunGuid=RunID1C79A73A414D7D2E6B3A949852008D6F
DDCTransactionIdFC1C83824942CA647BFFB5A59F97735F_193, PutCachedData=, CacheKey=PhysXPC_FULL_5DF9E1AAB7CC4DCCB2965BA1A78DFE8_FE6AE47220B0CDCB2F28AC60C24B3631, StartTime=2016.04.01-22.23.52, HierarchicalDDC=, DataSize=64618, Duration=0.133466, RunGuid=RunID1C79A73A414D7D2E6B3A949852008D6F
DDCTransactionId01384B1C4332ED10C04FE18EC6345BDC_197, PutCachedData=, CacheKey=PhysXPC_VIS_5DF9E1AAB7CC4DCCB2965BA1A78DFE8_6748EB1C4EB8AACFEBC2DDB9FDA7A3C6, StartTime=2016.04.01-22.23.52, HierarchicalDDC=, DataSize=64618, Duration=0.138357, RunGuid=RunID1C79A73A414D7D2E6B3A949852008D6F
DDCTransactionIdFC1C83824942CA647BFFB5A59F97735F_194, PutCachedData=, CacheKey=PhysXPC_FULL_5DF9E1AAB7CC4DCCB2965BA1A78DFE8_DE943DCFF1B543818DA484B78AB348DB, StartTime=2016.04.01-22.23.52, HierarchicalDDC=, DataSize=64618, Duration=0.138842, RunGuid=RunID1C79A73A414D7D2E6B3A949852008D6F
DDCTransactionId01384B1C4332ED10C04FE18EC6345BDC_198, PutCachedData=, CacheKey=PhysXPC_VIS_5DF9E1AAB7CC4DCCB2965BA1A78DFE8_6172030D4A414E253E79BB858FA40AB9, StartTime=2016.04.01-22.23.52, HierarchicalDDC=, DataSize=64618, Duration=0.138354, RunGuid=RunID1C79A73A414D7D2E6B3A949852008D6F
DDCTransactionIdFC1C83824942CA647BFFB5A59F97735F_195, PutCachedData=, CacheKey=PhysXPC_FULL_5DF9E1AAB7CC4DCCB2965BA1A78DFE8_552A53150AF8899A06F43B07F8371DF3, StartTime=2016.04.01-22.23.52, HierarchicalDDC=, DataSize=64618, Duration=0.137378, RunGuid=RunID1C79A73A414D7D2E6B3A949852008D6F
DDCTransactionId01384B1C4332ED10C04FE18EC6345BDC_199, PutCachedData=, CacheKey=PhysXPC_VIS_5DF9E1AAB7CC4DCCB2965BA1A78DFE8_EA7E09FF426112B8A2AD2885E7D5D639, StartTime=2016.04.01-22.23.52, HierarchicalDDC=, DataSize=64618, Duration=0.138845, RunGuid=RunID1C79A73A414D7D2E6B3A949852008D6F
DDCTransactionIdFC1C83824942CA647BFFB5A59F97735F_196, PutCachedData=, CacheKey=PhysXPC_FULL_5DF9E1AAB7CC4DCCB2965BA1A78DFE8_865F3AC7328EA3D78E73F49BA3E74300, StartTime=2016.04.01-22.23.52, HierarchicalDDC=, DataSize=64618, Duration=0.137378, RunGuid=RunID1C79A73A414D7D2E6B3A949852008D6F
DDCTransactionId01384B1C4332ED10C04FE18EC6345BDC_200, PutCachedData=, CacheKey=PhysXPC_VIS_5DF9E1AAB7CC4DCCB2965BA1A78DFE8_DA5EBCAD492077A7C2B5C89D889423D8, StartTime=2016.04.01-22.23.52, HierarchicalDDC=, DataSize=64618, Duration=0.144221, RunGuid=RunID1C79A73A414D7D2E6B3A949852008D6F
DDCTransactionIdFC1C83824942CA647BFFB5A59F97735F_197, PutCachedData=, CacheKey=PhysXPC_FULL_5DF9E1AAB7CC4DCCB2965BA1A78DFE8_44F9EFD031346D35B5DDD3E066A43592, StartTime=2016.04.01-22.23.52, HierarchicalDDC=, DataSize=64618, Duration=0.140309, RunGuid=RunID1C79A73A414D7D2E6B3A949852008D6F
DDCTransactionId01384B1C4332ED10C04FE18EC6345BDC_201, PutCachedData=, CacheKey=PhysXPC_VIS_5DF9E1AAB7CC4DCCB2965BA1A78DFE8_F6EEECDF4D5BE8891069A99616C20E28, StartTime=2016.04.01-22.23.52, HierarchicalDDC=, DataSize=64618, Duration=0.139333, RunGuid=RunID1C79A73A414D7D2E6B3A949852008D6F
DDCTransactionIdFC1C83824942CA647BFFB5A59F97735F_198, PutCachedData=, CacheKey=PhysXPC_FULL_5DF9E1AAB7CC4DCCB2965BA1A78DFE8_D00D547DAC33D9E30915B1C07656E052, StartTime=2016.04.01-22.23.52, HierarchicalDDC=, DataSize=64618, Duration=0.133466, RunGuid=RunID1C79A73A414D7D2E6B3A949852008D6F
DDCTransactionId01384B1C4332ED10C04FE18EC6345BDC_202, PutCachedData=, CacheKey=PhysXPC_VIS_5DF9E1AAB7CC4DCCB2965BA1A78DFE8_32F91F484266F8227C336CBF82784842, StartTime=2016.04.01-22.23.52, HierarchicalDDC=, DataSize=64618, Duration=0.136890, RunGuid=RunID1C79A73A414D7D2E6B3A949852008D6F
DDCTransactionIdFC1C83824942CA647BFFB5A59F97735F_199, PutCachedData=, CacheKey=PhysXPC_FULL_5DF9E1AAB7CC4DCCB2965BA1A78DFE8_E32340D5DAAAA48405BEA700BD3AC3B5, StartTime=2016.04.01-22.23.52, HierarchicalDDC=, DataSize=64618, Duration=0.135422, RunGuid=RunID1C79A73A414D7D2E6B3A949852008D6F
DDCTransactionId01384B1C4332ED10C04FE18EC6345BDC_203, PutCachedData=, CacheKey=PhysXPC_VIS_5DF9E1AAB7CC4DCCB2965BA1A78DFE8_EFC4A10A4BFD448A748D77A4EB8231F6, StartTime=2016.04.01-22.23.52, HierarchicalDDC=, DataSize=64618, Duration=0.144713, RunGuid=RunID1C79A73A414D7D2E6B3A949852008D6F
DDCTransactionIdFC1C83824942CA647BFFB5A59F97735F_200, PutCachedData=, CacheKey=PhysXPC_FULL_5DF9E1AAB7CC4DCCB2965BA1A78DFE8_57982985E6FDAF20697500CFA01EC757, StartTime=2016.04.01-22.23.52, HierarchicalDDC=, DataSize=64618, Duration=0.137866, RunGuid=RunID1C79A73A414D7D2E6B3A949852008D6F
DDCTransactionId01384B1C4332ED10C04FE18EC6345BDC_204, PutCachedData=, CacheKey=PhysXPC_VIS_5DF9E1AAB7CC4DCCB2965BA1A78DFE8_C540CACC4846F11EA0E6F38387D9F496, StartTime=2016.04.01-22.23.52, HierarchicalDDC=, DataSize=64618, Duration=0.145689, RunGuid=RunID1C79A73A414D7D2E6B3A949852008D6F
DDCTransactionIdFC1C83824942CA647BFFB5A59F97735F_201, PutCachedData=, CacheKey=PhysXPC_FULL_5DF9E1AAB7CC4DCCB2965BA1A78DFE8_665287AFFB8D756CC740376A5A617055, StartTime=2016.04.01-22.23.52, HierarchicalDDC=, DataSize=64618, Duration=0.139333, RunGuid=RunID1C79A73A414D7D2E6B3A949852008D6F
DDCTransactionId01384B1C4332ED10C04FE18EC6345BDC_205, PutCachedData=, CacheKey=PhysXPC_VIS_5DF9E1AAB7CC4DCCB2965BA1A78DFE8_E486C4704E401E6DF194C49D4E9DA1A9, StartTime=2016.04.01-22.23.52, HierarchicalDDC=, DataSize=64618, Duration=0.142265, RunGuid=RunID1C79A73A414D7D2E6B3A949852008D6F
DDCTransactionIdFC1C83824942CA647BFFB5A59F97735F_202, PutCachedData=, CacheKey=PhysXPC_FULL_5DF9E1AAB7CC4DCCB2965BA1A78DFE8_45BDF87D7DB48695C26457AB97EC0D82, StartTime=2016.04.01-22.23.52, HierarchicalDDC=, DataSize=64618, Duration=0.137378, RunGuid=RunID1C79A73A414D7D2E6B3A949852008D6F
DDCTransactionId01384B1C4332ED10C04FE18EC6345BDC_206, PutCachedData=, CacheKey=PhysXPC_VIS_5DF9E1AAB7CC4DCCB2965BA1A78DFE8_58DC3899427D7B8DD143FB90377FB4B7, StartTime=2016.04.01-22.23.52, HierarchicalDDC=, DataSize=64618, Duration=0.140801, RunGuid=RunID1C79A73A414D7D2E6B3A949852008D6F
DDCTransactionIdFC1C83824942CA647BFFB5A59F97735F_203, PutCachedData=, CacheKey=PhysXPC_FULL_5DF9E1AAB7CC4DCCB2965BA1A78DFE8_BF25086E0E35491F718E942EAE655DB9, StartTime=2016.04.01-22.23.52, HierarchicalDDC=, DataSize=64618, Duration=0.142269, RunGuid=RunID1C79A73A414D7D2E6B3A949852008D6F
DDCTransactionId01384B1C4332ED10C04FE18EC6345BDC_207, PutCachedData=, CacheKey=PhysXPC_VIS_5DF9E1AAB7CC4DCCB2965BA1A78DFE8_62DED05F405E556AC2129CAFF5FF2A46, StartTime=2016.04.01-22.23.52, HierarchicalDDC=, DataSize=64618, Duration=0.144221, RunGuid=RunID1C79A73A414D7D2E6B3A949852008D6F
DDCTransactionIdFC1C83824942CA647BFFB5A59F97735F_204, PutCachedData=, CacheKey=PhysXPC_FULL_5DF9E1AAB7CC4DCCB2965BA1A78DFE8_7364B29810EA885F5DA6D3097579DEFF, StartTime=2016.04.01-22.23.52, HierarchicalDDC=, DataSize=64618, Duration=0.141289, RunGuid=RunID1C79A73A414D7D2E6B3A949852008D6F
DDCTransactionId01384B1C4332ED10C04FE18EC6345BDC_208, PutCachedData=, CacheKey=PhysXPC_VIS_5DF9E1AAB7CC4DCCB2965BA1A78DFE8_31FF3CA44ADB63CFBA8256A530A3DAF7, StartTime=2016.04.01-22.23.52, HierarchicalDDC=, DataSize=64618, Duration=0.138845, RunGuid=RunID1C79A73A414D7D2E6B3A949852008D6F
DDCTransactionIdFC1C83824942CA647BFFB5A59F97735F_205, PutCachedData=, CacheKey=PhysXPC_FULL_5DF9E1AAB7CC4DCCB2965BA1A78DFE8_ECDE1895A15EEF8619C84A5B0C26A073, StartTime=2016.04.01-22.23.52, HierarchicalDDC=, DataSize=64618, Duration=0.144709, RunGuid=RunID1C79A73A414D7D2E6B3A949852008D6F
DDCTransactionId01384B1C4332ED10C04FE18EC6345BDC_209, PutCachedData=, CacheKey=PhysXPC_VIS_5DF9E1AAB7CC4DCCB2965BA1A78DFE8_A2011921408A0933DFE54C8C049B9A38, StartTime=2016.04.01-22.23.52, HierarchicalDDC=, DataSize=64618, Duration=0.141289, RunGuid=RunID1C79A73A414D7D2E6B3A949852008D6F
DDCTransactionIdFC1C83824942CA647BFFB5A59F97735F_206, PutCachedData=, CacheKey=PhysXPC_FULL_5DF9E1AAB7CC4DCCB2965BA1A78DFE8_AA5CF4A73BD324206A369CA3915C0866, StartTime=2016.04.01-22.23.52, HierarchicalDDC=, DataSize=64618, Duration=0.155956, RunGuid=RunID1C79A73A414D7D2E6B3A949852008D6F
DDCTransactionId01384B1C4332ED10C04FE18EC6345BDC_210, PutCachedData=, CacheKey=PhysXPC_VIS_5DF9E1AAB7CC4DCCB2965BA1A78DFE8_C1E63A9643A1395597978DBE41422860, StartTime=2016.04.01-22.23.52, HierarchicalDDC=, DataSize=64618, Duration=0.148624, RunGuid=RunID1C79A73A414D7D2E6B3A949852008D6F
DDCTransactionIdFC1C83824942CA647BFFB5A59F97735F_207, PutCachedData=, CacheKey=PhysXPC_FULL_5DF9E1AAB7CC4DCCB2965BA1A78DFE8_092C5E1E8BEB06308D067858A8B357A6, StartTime=2016.04.01-22.23.52, HierarchicalDDC=, DataSize=64618, Duration=0.130534, RunGuid=RunID1C79A73A414D7D2E6B3A949852008D6F
DDCTransactionId01384B1C4332ED10C04FE18EC6345BDC_211, PutCachedData=, CacheKey=PhysXPC_VIS_5DF9E1AAB7CC4DCCB2965BA1A78DFE8_195A51DE4E4F7F302EC0619D2FBD14AB, StartTime=2016.04.01-22.23.52, HierarchicalDDC=, DataSize=64618, Duration=0.132490, RunGuid=RunID1C79A73A414D7D2E6B3A949852008D6F
DDCTransactionIdFC1C83824942CA647BFFB5A59F97735F_208, PutCachedData=, CacheKey=PhysXPC_FULL_5DF9E1AAB7CC4DCCB2965BA1A78DFE8_45694A09183E85B09F8D59310AC55530, StartTime=2016.04.01-22.23.52, HierarchicalDDC=, DataSize=64618, Duration=0.132490, RunGuid=RunID1C79A73A414D7D2E6B3A949852008D6F
DDCTransactionId01384B1C4332ED10C04FE18EC6345BDC_212, PutCachedData=, CacheKey=PhysXPC_VIS_5DF9E1AAB7CC4DCCB2965BA1A78DFE8_69DFB8F14E7D9A071A634D99E8642A32, StartTime=2016.04.01-22.23.52, HierarchicalDDC=, DataSize=64618, Duration=0.129554, RunGuid=RunID1C79A73A414D7D2E6B3A949852008D6F
DDCTransactionIdFC1C83824942CA647BFFB5A59F97735F_209, PutCachedData=, CacheKey=PhysXPC_FULL_5DF9E1AAB7CC4DCCB2965BA1A78DFE8_2BDB9884BCD2712681828B9D2FFA2593, StartTime=2016.04.01-22.23.52, HierarchicalDDC=, DataSize=64618, Duration=0.127599, RunGuid=RunID1C79A73A414D7D2E6B3A949852008D6F
DDCTransactionId01384B1C4332ED10C04FE18EC6345BDC_213, PutCachedData=, CacheKey=PhysXPC_VIS_5DF9E1AAB7CC4DCCB2965BA1A78DFE8_B66E360646D1CD14A3F4D2B1D89292EB, StartTime=2016.04.01-22.23.52, HierarchicalDDC=, DataSize=64618, Duration=0.129066, RunGuid=RunID1C79A73A414D7D2E6B3A949852008D6F
DDCTransactionIdFC1C83824942CA647BFFB5A59F97735F_210, PutCachedData=, CacheKey=PhysXPC_FULL_5DF9E1AAB7CC4DCCB2965BA1A78DFE8_9ABAD268281B8BBD7E88BA96ED40D2ED, StartTime=2016.04.01-22.23.52, HierarchicalDDC=, DataSize=64618, Duration=0.129066, RunGuid=RunID1C79A73A414D7D2E6B3A949852008D6F
DDCTransactionId01384B1C4332ED10C04FE18EC6345BDC_214, PutCachedData=, CacheKey=PhysXPC_VIS_5DF9E1AAB7CC4DCCB2965BA1A78DFE8_2A7177F6478596AE65849091D4012C35, StartTime=2016.04.01-22.23.52, HierarchicalDDC=, DataSize=64618, Duration=0.128087, RunGuid=RunID1C79A73A414D7D2E6B3A949852008D6F
DDCTransactionIdFC1C83824942CA647BFFB5A59F97735F_211, PutCachedData=, CacheKey=PhysXPC_FULL_5DF9E1AAB7CC4DCCB2965BA1A78DFE8_F4815C71BBF51DB170C6CD081D4B5AB0, StartTime=2016.04.01-22.23.52, HierarchicalDDC=, DataSize=64618, Duration=0.129066, RunGuid=RunID1C79A73A414D7D2E6B3A949852008D6F
DDCTransactionId01384B1C4332ED10C04FE18EC6345BDC_215, PutCachedData=, CacheKey=PhysXPC_VIS_5DF9E1AAB7CC4DCCB2965BA1A78DFE8_52B506A24DDAA597277BDA944FA7DBEE, StartTime=2016.04.01-22.23.52, HierarchicalDDC=, DataSize=64618, Duration=0.129066, RunGuid=RunID1C79A73A414D7D2E6B3A949852008D6F
DDCTransactionIdFC1C83824942CA647BFFB5A59F97735F_212, PutCachedData=, CacheKey=PhysXPC_FULL_5DF9E1AAB7CC4DCCB2965BA1A78DFE8_4E37041380E8023B648AB5408072FC8D, StartTime=2016.04.01-22.23.52, HierarchicalDDC=, DataSize=64618, Duration=0.131022, RunGuid=RunID1C79A73A414D7D2E6B3A949852008D6F
DDCTransactionId01384B1C4332ED10C04FE18EC6345BDC_216, PutCachedData=, CacheKey=PhysXPC_VIS_5DF9E1AAB7CC4DCCB2965BA1A78DFE8_B77DF9EF424150A220D8CAA6B373209D, StartTime=2016.04.01-22.23.52, HierarchicalDDC=, DataSize=64618, Duration=0.138357, RunGuid=RunID1C79A73A414D7D2E6B3A949852008D6F
DDCTransactionId01384B1C4332ED10C04FE18EC6345BDC_217, PutCachedData=, CacheKey=PhysXPC_FULL_5DF9E1AAB7CC4DCCB2965BA1A78DFE8_04D0C3DBCC45395619D5DA9C1BE7742B, StartTime=2016.04.01-22.23.52, HierarchicalDDC=, DataSize=64618, Duration=0.132978, RunGuid=RunID1C79A73A414D7D2E6B3A949852008D6F
DDCTransactionId01384B1C4332ED10C04FE18EC6345BDC_218, PutCachedData=, CacheKey=PhysXPC_VIS_5DF9E1AAB7CC4DCCB2965BA1A78DFE8_49DD98314F7EC73777D36099905CE9E2, StartTime=2016.04.01-22.23.52, HierarchicalDDC=, DataSize=64618, Duration=0.169646, RunGuid=RunID1C79A73A414D7D2E6B3A949852008D6F
DDCTransactionIdFC1C83824942CA647BFFB5A59F97735F_213, PutCachedData=, CacheKey=PhysXPC_FULL_5DF9E1AAB7CC4DCCB2965BA1A78DFE8_2CE13F59AECE0D2BA738B6190CB7C9E9, StartTime=2016.04.01-22.23.52, HierarchicalDDC=, DataSize=64618, Duration=0.223912, RunGuid=RunID1C79A73A414D7D2E6B3A949852008D6F
DDCTransactionId01384B1C4332ED10C04FE18EC6345BDC_219, PutCachedData=, CacheKey=PhysXPC_VIS_5DF9E1AAB7CC4DCCB2965BA1A78DFE8_67A665DC46CFD5FDB13B5A82B843F0D6, StartTime=2016.04.01-22.23.52, HierarchicalDDC=, DataSize=64618, Duration=0.138845, RunGuid=RunID1C79A73A414D7D2E6B3A949852008D6F
DDCTransactionIdFC1C83824942CA647BFFB5A59F97735F_214, PutCachedData=, CacheKey=PhysXPC_FULL_5DF9E1AAB7CC4DCCB2965BA1A78DFE8_8302727F413596F46FB1789D6CB5E754, StartTime=2016.04.01-22.23.52, HierarchicalDDC=, DataSize=64618, Duration=0.163291, RunGuid=RunID1C79A73A414D7D2E6B3A949852008D6F
DDCTransactionId01384B1C4332ED10C04FE18EC6345BDC_220, PutCachedData=, CacheKey=PhysXPC_VIS_5DF9E1AAB7CC4DCCB2965BA1A78DFE8_24B2EB554B14B131BE089EA9E4BC48E6, StartTime=2016.04.01-22.23.52, HierarchicalDDC=, DataSize=64618, Duration=0.127602, RunGuid=RunID1C79A73A414D7D2E6B3A949852008D6F
DDCTransactionIdFC1C83824942CA647BFFB5A59F97735F_215, PutCachedData=, CacheKey=PhysXPC_FULL_5DF9E1AAB7CC4DCCB2965BA1A78DFE8_F796E570088702B7AC478B59333D8E67, StartTime=2016.04.01-22.23.52, HierarchicalDDC=, DataSize=64618, Duration=0.154980, RunGuid=RunID1C79A73A414D7D2E6B3A949852008D6F
DDCTransactionId01384B1C4332ED10C04FE18EC6345BDC_221, PutCachedData=, CacheKey=PhysXPC_VIS_5DF9E1AAB7CC4DCCB2965BA1A78DFE8_9B4A324847D98685B214EF8F3C481871, StartTime=2016.04.01-22.23.52, HierarchicalDDC=, DataSize=64618, Duration=0.133958, RunGuid=RunID1C79A73A414D7D2E6B3A949852008D6F
DDCTransactionId01384B1C4332ED10C04FE18EC6345BDC_222, PutCachedData=, CacheKey=PhysXPC_FULL_5DF9E1AAB7CC4DCCB2965BA1A78DFE8_50AB4BB78DD72C50E090485F9A8D351F, StartTime=2016.04.01-22.23.52, HierarchicalDDC=, DataSize=64618, Duration=0.139821, RunGuid=RunID1C79A73A414D7D2E6B3A949852008D6F
DDCTransactionIdFC1C83824942CA647BFFB5A59F97735F_216, PutCachedData=, CacheKey=PhysXPC_VIS_5DF9E1AAB7CC4DCCB2965BA1A78DFE8_38D78C1E44DD6688A3C7A99E3C3D235F, StartTime=2016.04.01-22.23.52, HierarchicalDDC=, DataSize=64618, Duration=0.145201, RunGuid=RunID1C79A73A414D7D2E6B3A949852008D6F
DDCTransactionId01384B1C4332ED10C04FE18EC6345BDC_223, PutCachedData=, CacheKey=PhysXPC_FULL_5DF9E1AAB7CC4DCCB2965BA1A78DFE8_F00518068DFD2931C3ACE5A6294481A4, StartTime=2016.04.01-22.23.52, HierarchicalDDC=, DataSize=64618, Duration=0.135913, RunGuid=RunID1C79A73A414D7D2E6B3A949852008D6F
DDCTransactionIdFC1C83824942CA647BFFB5A59F97735F_217, PutCachedData=, CacheKey=PhysXPC_VIS_5DF9E1AAB7CC4DCCB2965BA1A78DFE8_7DAE5ECD4768F1F6B94AE18B4841337A, StartTime=2016.04.01-22.23.52, HierarchicalDDC=, DataSize=64618, Duration=0.146668, RunGuid=RunID1C79A73A414D7D2E6B3A949852008D6F
DDCTransactionId01384B1C4332ED10C04FE18EC6345BDC_224, PutCachedData=, CacheKey=PhysXPC_FULL_5DF9E1AAB7CC4DCCB2965BA1A78DFE8_B6B04D89011A874D52940F47B33A47AB, StartTime=2016.04.01-22.23.52, HierarchicalDDC=, DataSize=64618, Duration=0.128578, RunGuid=RunID1C79A73A414D7D2E6B3A949852008D6F
DDCTransactionIdFC1C83824942CA647BFFB5A59F97735F_218, PutCachedData=, CacheKey=PhysXPC_VIS_5DF9E1AAB7CC4DCCB2965BA1A78DFE8_3127500E4D3DAA2C842B49A14C04D611, StartTime=2016.04.01-22.23.52, HierarchicalDDC=, DataSize=64618, Duration=0.146665, RunGuid=RunID1C79A73A414D7D2E6B3A949852008D6F
DDCTransactionId01384B1C4332ED10C04FE18EC6345BDC_225, PutCachedData=, CacheKey=PhysXPC_FULL_5DF9E1AAB7CC4DCCB2965BA1A78DFE8_E4FF8E1E5A6406DB1E8FC9F00FEDB45E, StartTime=2016.04.01-22.23.52, HierarchicalDDC=, DataSize=64618, Duration=0.126623, RunGuid=RunID1C79A73A414D7D2E6B3A949852008D6F
DDCTransactionIdFC1C83824942CA647BFFB5A59F97735F_219, PutCachedData=, CacheKey=PhysXPC_VIS_5DF9E1AAB7CC4DCCB2965BA1A78DFE8_E473C3EC41076104661039B42DAA9A82, StartTime=2016.04.01-22.23.52, HierarchicalDDC=, DataSize=64618, Duration=0.134934, RunGuid=RunID1C79A73A414D7D2E6B3A949852008D6F
DDCTransactionId01384B1C4332ED10C04FE18EC6345BDC_226, PutCachedData=, CacheKey=PhysXPC_FULL_5DF9E1AAB7CC4DCCB2965BA1A78DFE8_D98DA1C9D9ACA2393FA6FDC8BF0C2325, StartTime=2016.04.01-22.23.52, HierarchicalDDC=, DataSize=64618, Duration=0.127111, RunGuid=RunID1C79A73A414D7D2E6B3A949852008D6F
DDCTransactionIdFC1C83824942CA647BFFB5A59F97735F_220, PutCachedData=, CacheKey=PhysXPC_VIS_5DF9E1AAB7CC4DCCB2965BA1A78DFE8_0689ED87486B73987C7C47A27684422A, StartTime=2016.04.01-22.23.52, HierarchicalDDC=, DataSize=64618, Duration=0.132978, RunGuid=RunID1C79A73A414D7D2E6B3A949852008D6F
DDCTransactionId01384B1C4332ED10C04FE18EC6345BDC_227, PutCachedData=, CacheKey=PhysXPC_FULL_5DF9E1AAB7CC4DCCB2965BA1A78DFE8_7BB6266CF507BC0713E757DE70DFB405, StartTime=2016.04.01-22.23.52, HierarchicalDDC=, DataSize=64618, Duration=0.136398, RunGuid=RunID1C79A73A414D7D2E6B3A949852008D6F
DDCTransactionIdFC1C83824942CA647BFFB5A59F97735F_221, PutCachedData=, CacheKey=PhysXPC_VIS_5DF9E1AAB7CC4DCCB2965BA1A78DFE8_0E9CBF974178DEDB4184DE9AEFA3D64B, StartTime=2016.04.01-22.23.52, HierarchicalDDC=, DataSize=64618, Duration=0.132490, RunGuid=RunID1C79A73A414D7D2E6B3A949852008D6F
DDCTransactionId01384B1C4332ED10C04FE18EC6345BDC_228, PutCachedData=, CacheKey=PhysXPC_FULL_5DF9E1AAB7CC4DCCB2965BA1A78DFE8_DEDC754A5D053B5750CA7799D3F0BD94, StartTime=2016.04.01-22.23.52, HierarchicalDDC=, DataSize=64618, Duration=0.136402, RunGuid=RunID1C79A73A414D7D2E6B3A949852008D6F
DDCTransactionIdFC1C83824942CA647BFFB5A59F97735F_222, PutCachedData=, CacheKey=PhysXPC_VIS_5DF9E1AAB7CC4DCCB2965BA1A78DFE8_B0A66ECF43699380BC874392A9F2307B, StartTime=2016.04.01-22.23.52, HierarchicalDDC=, DataSize=64618, Duration=0.132002, RunGuid=RunID1C79A73A414D7D2E6B3A949852008D6F
DDCTransactionId01384B1C4332ED10C04FE18EC6345BDC_229, PutCachedData=, CacheKey=PhysXPC_FULL_5DF9E1AAB7CC4DCCB2965BA1A78DFE8_CA6E6F9F7A332FC2C026B61CE793A0A6, StartTime=2016.04.01-22.23.52, HierarchicalDDC=, DataSize=64618, Duration=0.133954, RunGuid=RunID1C79A73A414D7D2E6B3A949852008D6F
DDCTransactionIdFC1C83824942CA647BFFB5A59F97735F_223, PutCachedData=, CacheKey=PhysXPC_VIS_5DF9E1AAB7CC4DCCB2965BA1A78DFE8_267552B0453BB47668A4FBAFAC10320D, StartTime=2016.04.01-22.23.52, HierarchicalDDC=, DataSize=64618, Duration=0.133466, RunGuid=RunID1C79A73A414D7D2E6B3A949852008D6F
DDCTransactionId01384B1C4332ED10C04FE18EC6345BDC_230, PutCachedData=, CacheKey=PhysXPC_FULL_5DF9E1AAB7CC4DCCB2965BA1A78DFE8_9EB5D474644653652B178601C6CB47A2, StartTime=2016.04.01-22.23.52, HierarchicalDDC=, DataSize=64618, Duration=0.153020, RunGuid=RunID1C79A73A414D7D2E6B3A949852008D6F
DDCTransactionIdFC1C83824942CA647BFFB5A59F97735F_224, PutCachedData=, CacheKey=PhysXPC_VIS_5DF9E1AAB7CC4DCCB2965BA1A78DFE8_D8C4793A48D8A00A379645A048BAEC34, StartTime=2016.04.01-22.23.52, HierarchicalDDC=, DataSize=64618, Duration=0.158887, RunGuid=RunID1C79A73A414D7D2E6B3A949852008D6F
DDCTransactionId01384B1C4332ED10C04FE18EC6345BDC_231, PutCachedData=, CacheKey=PhysXPC_FULL_5DF9E1AAB7CC4DCCB2965BA1A78DFE8_CCD191CF2EEF2888288DD33B9524501D, StartTime=2016.04.01-22.23.52, HierarchicalDDC=, DataSize=64618, Duration=0.128090, RunGuid=RunID1C79A73A414D7D2E6B3A949852008D6F
DDCTransactionIdFC1C83824942CA647BFFB5A59F97735F_225, PutCachedData=, CacheKey=PhysXPC_VIS_5DF9E1AAB7CC4DCCB2965BA1A78DFE8_ABED35E74BB8A73C48BFD3B08E2BFDE0, StartTime=2016.04.01-22.23.52, HierarchicalDDC=, DataSize=64618, Duration=0.148136, RunGuid=RunID1C79A73A414D7D2E6B3A949852008D6F
DDCTransactionId01384B1C4332ED10C04FE18EC6345BDC_232, PutCachedData=, CacheKey=PhysXPC_FULL_5DF9E1AAB7CC4DCCB2965BA1A78DFE8_D3AE26A54D8592E38D19402C2B877D3E, StartTime=2016.04.01-22.23.52, HierarchicalDDC=, DataSize=64618, Duration=0.124179, RunGuid=RunID1C79A73A414D7D2E6B3A949852008D6F
DDCTransactionIdFC1C83824942CA647BFFB5A59F97735F_226, PutCachedData=, CacheKey=PhysXPC_VIS_5DF9E1AAB7CC4DCCB2965BA1A78DFE8_0BDAA38D4CE6DAA473BD64A9E95520F1, StartTime=2016.04.01-22.23.52, HierarchicalDDC=, DataSize=64618, Duration=0.146665, RunGuid=RunID1C79A73A414D7D2E6B3A949852008D6F
DDCTransactionId01384B1C4332ED10C04FE18EC6345BDC_233, PutCachedData=, CacheKey=PhysXPC_FULL_5DF9E1AAB7CC4DCCB2965BA1A78DFE8_607DC749FB5877BB497E238923728AE2, StartTime=2016.04.01-22.23.52, HierarchicalDDC=, DataSize=64618, Duration=0.125647, RunGuid=RunID1C79A73A414D7D2E6B3A949852008D6F
DDCTransactionIdFC1C83824942CA647BFFB5A59F97735F_227, PutCachedData=, CacheKey=PhysXPC_VIS_5DF9E1AAB7CC4DCCB2965BA1A78DFE8_0BF0FBDD403C247546EA12B4F74AF967, StartTime=2016.04.01-22.23.52, HierarchicalDDC=, DataSize=64618, Duration=0.151068, RunGuid=RunID1C79A73A414D7D2E6B3A949852008D6F
DDCTransactionId01384B1C4332ED10C04FE18EC6345BDC_234, PutCachedData=, CacheKey=PhysXPC_FULL_5DF9E1AAB7CC4DCCB2965BA1A78DFE8_C25561D4C70125C51576C1BCD2A6EF43, StartTime=2016.04.01-22.23.52, HierarchicalDDC=, DataSize=64618, Duration=0.128578, RunGuid=RunID1C79A73A414D7D2E6B3A949852008D6F
DDCTransactionId01384B1C4332ED10C04FE18EC6345BDC_235, PutCachedData=, CacheKey=PhysXPC_VIS_5DF9E1AAB7CC4DCCB2965BA1A78DFE8_E6FAFF08499525095B7B2EBDB04DBE47, StartTime=2016.04.01-22.23.52, HierarchicalDDC=, DataSize=64618, Duration=0.133954, RunGuid=RunID1C79A73A414D7D2E6B3A949852008D6F
DDCTransactionIdFC1C83824942CA647BFFB5A59F97735F_228, PutCachedData=, CacheKey=PhysXPC_FULL_5DF9E1AAB7CC4DCCB2965BA1A78DFE8_3AEC9D2E8C603117AE78CEE71470C3CD, StartTime=2016.04.01-22.23.52, HierarchicalDDC=, DataSize=64618, Duration=0.150088, RunGuid=RunID1C79A73A414D7D2E6B3A949852008D6F
DDCTransactionId01384B1C4332ED10C04FE18EC6345BDC_236, PutCachedData=, CacheKey=PhysXPC_VIS_5DF9E1AAB7CC4DCCB2965BA1A78DFE8_E3FE6C3A457E973B6E9190B9AD4AD4AF, StartTime=2016.04.01-22.23.52, HierarchicalDDC=, DataSize=64618, Duration=0.130046, RunGuid=RunID1C79A73A414D7D2E6B3A949852008D6F
DDCTransactionIdFC1C83824942CA647BFFB5A59F97735F_229, PutCachedData=, CacheKey=PhysXPC_FULL_5DF9E1AAB7CC4DCCB2965BA1A78DFE8_DB0AA912B2483816DA139A958C86946B, StartTime=2016.04.01-22.23.52, HierarchicalDDC=, DataSize=64618, Duration=0.145201, RunGuid=RunID1C79A73A414D7D2E6B3A949852008D6F
DDCTransactionId01384B1C4332ED10C04FE18EC6345BDC_237, PutCachedData=, CacheKey=PhysXPC_VIS_5DF9E1AAB7CC4DCCB2965BA1A78DFE8_9D9B89BE44D34D8C8878C6BEAFAF1889, StartTime=2016.04.01-22.23.52, HierarchicalDDC=, DataSize=64618, Duration=0.131510, RunGuid=RunID1C79A73A414D7D2E6B3A949852008D6F
DDCTransactionIdFC1C83824942CA647BFFB5A59F97735F_230, PutCachedData=, CacheKey=PhysXPC_FULL_5DF9E1AAB7CC4DCCB2965BA1A78DFE8_84F1DBDDA94E09935D03FD657D1C8D7E, StartTime=2016.04.01-22.23.52, HierarchicalDDC=, DataSize=64618, Duration=0.265468, RunGuid=RunID1C79A73A414D7D2E6B3A949852008D6F
DDCTransactionId01384B1C4332ED10C04FE18EC6345BDC_238, PutCachedData=, CacheKey=PhysXPC_VIS_5DF9E1AAB7CC4DCCB2965BA1A78DFE8_99C9D1624B8F6913AB26389B56380B36, StartTime=2016.04.01-22.23.52, HierarchicalDDC=, DataSize=64618, Duration=0.136398, RunGuid=RunID1C79A73A414D7D2E6B3A949852008D6F
DDCTransactionId01384B1C4332ED10C04FE18EC6345BDC_239, PutCachedData=, CacheKey=PhysXPC_FULL_5DF9E1AAB7CC4DCCB2965BA1A78DFE8_F48FEFD6BAEFD1200173FA1F0D6D491E, StartTime=2016.04.01-22.23.52, HierarchicalDDC=, DataSize=64618, Duration=0.154000, RunGuid=RunID1C79A73A414D7D2E6B3A949852008D6F
DDCTransactionIdFC1C83824942CA647BFFB5A59F97735F_231, PutCachedData=, CacheKey=PhysXPC_VIS_5DF9E1AAB7CC4DCCB2965BA1A78DFE8_13E4215147B5462B84222BB5AAF2981C, StartTime=2016.04.01-22.23.52, HierarchicalDDC=, DataSize=64618, Duration=0.133466, RunGuid=RunID1C79A73A414D7D2E6B3A949852008D6F
DDCTransactionId01384B1C4332ED10C04FE18EC6345BDC_240, PutCachedData=, CacheKey=PhysXPC_FULL_5DF9E1AAB7CC4DCCB2965BA1A78DFE8_C2BE765F97FC2C19962676FA79B52509, StartTime=2016.04.01-22.23.52, HierarchicalDDC=, DataSize=64618, Duration=0.180401, RunGuid=RunID1C79A73A414D7D2E6B3A949852008D6F
DDCTransactionIdFC1C83824942CA647BFFB5A59F97735F_232, PutCachedData=, CacheKey=PhysXPC_VIS_5DF9E1AAB7CC4DCCB2965BA1A78DFE8_F51AF8534B0E0043834D4FBEB0BEDB01, StartTime=2016.04.01-22.23.52, HierarchicalDDC=, DataSize=64618, Duration=0.162799, RunGuid=RunID1C79A73A414D7D2E6B3A949852008D6F
DDCTransactionId01384B1C4332ED10C04FE18EC6345BDC_241, PutCachedData=, CacheKey=PhysXPC_FULL_5DF9E1AAB7CC4DCCB2965BA1A78DFE8_38D4C5CA54AC64D9D6761898ACFC0821, StartTime=2016.04.01-22.23.52, HierarchicalDDC=, DataSize=64618, Duration=0.156444, RunGuid=RunID1C79A73A414D7D2E6B3A949852008D6F
DDCTransactionIdFC1C83824942CA647BFFB5A59F97735F_233, PutCachedData=, CacheKey=PhysXPC_VIS_5DF9E1AAB7CC4DCCB2965BA1A78DFE8_537ED9D341585BE4792057AABC699EA3, StartTime=2016.04.01-22.23.52, HierarchicalDDC=, DataSize=64618, Duration=0.151068, RunGuid=RunID1C79A73A414D7D2E6B3A949852008D6F
DDCTransactionId01384B1C4332ED10C04FE18EC6345BDC_242, PutCachedData=, CacheKey=PhysXPC_FULL_5DF9E1AAB7CC4DCCB2965BA1A78DFE8_3143DD7A325573D058829DD4AC2EEFE2, StartTime=2016.04.01-22.23.52, HierarchicalDDC=, DataSize=64618, Duration=0.202399, RunGuid=RunID1C79A73A414D7D2E6B3A949852008D6F
DDCTransactionIdFC1C83824942CA647BFFB5A59F97735F_234, PutCachedData=, CacheKey=PhysXPC_VIS_5DF9E1AAB7CC4DCCB2965BA1A78DFE8_CECD3A3146FDDCF46907A1A2D11A824A, StartTime=2016.04.01-22.23.52, HierarchicalDDC=, DataSize=64618, Duration=0.163779, RunGuid=RunID1C79A73A414D7D2E6B3A949852008D6F
DDCTransactionIdFC1C83824942CA647BFFB5A59F97735F_235, PutCachedData=, CacheKey=PhysXPC_FULL_5DF9E1AAB7CC4DCCB2965BA1A78DFE8_E12B653C1759FFC2314F5FEDB685981D, StartTime=2016.04.01-22.23.52, HierarchicalDDC=, DataSize=64618, Duration=0.161823, RunGuid=RunID1C79A73A414D7D2E6B3A949852008D6F
DDCTransactionId01384B1C4332ED10C04FE18EC6345BDC_243, PutCachedData=, CacheKey=PhysXPC_VIS_5DF9E1AAB7CC4DCCB2965BA1A78DFE8_0777042745F903A049BC82B7994F4A9E, StartTime=2016.04.01-22.23.52, HierarchicalDDC=, DataSize=64618, Duration=0.155956, RunGuid=RunID1C79A73A414D7D2E6B3A949852008D6F
DDCTransactionIdFC1C83824942CA647BFFB5A59F97735F_236, PutCachedData=, CacheKey=PhysXPC_FULL_5DF9E1AAB7CC4DCCB2965BA1A78DFE8_BF9ADAFA2BCD1689A17044F67A31488F, StartTime=2016.04.01-22.23.52, HierarchicalDDC=, DataSize=64618, Duration=0.140309, RunGuid=RunID1C79A73A414D7D2E6B3A949852008D6F
DDCTransactionId01384B1C4332ED10C04FE18EC6345BDC_244, PutCachedData=, CacheKey=PhysXPC_VIS_5DF9E1AAB7CC4DCCB2965BA1A78DFE8_199CB9054446E759ED2B2F8149D180BC, StartTime=2016.04.01-22.23.52, HierarchicalDDC=, DataSize=64618, Duration=0.138842, RunGuid=RunID1C79A73A414D7D2E6B3A949852008D6F
DDCTransactionIdFC1C83824942CA647BFFB5A59F97735F_237, PutCachedData=, CacheKey=PhysXPC_FULL_5DF9E1AAB7CC4DCCB2965BA1A78DFE8_53547AB2BFB6A66C53DED32C122D1F3C, StartTime=2016.04.01-22.23.52, HierarchicalDDC=, DataSize=64618, Duration=0.138357, RunGuid=RunID1C79A73A414D7D2E6B3A949852008D6F
DDCTransactionId01384B1C4332ED10C04FE18EC6345BDC_245, PutCachedData=, CacheKey=PhysXPC_VIS_5DF9E1AAB7CC4DCCB2965BA1A78DFE8_CB9DB363446F8984FF81B594BE0D1181, StartTime=2016.04.01-22.23.52, HierarchicalDDC=, DataSize=64618, Duration=0.132978, RunGuid=RunID1C79A73A414D7D2E6B3A949852008D6F
DDCTransactionIdFC1C83824942CA647BFFB5A59F97735F_238, PutCachedData=, CacheKey=PhysXPC_FULL_5DF9E1AAB7CC4DCCB2965BA1A78DFE8_53312BBC0C40BBDA4F3BE249DF312724, StartTime=2016.04.01-22.23.52, HierarchicalDDC=, DataSize=64618, Duration=0.127599, RunGuid=RunID1C79A73A414D7D2E6B3A949852008D6F
DDCTransactionId01384B1C4332ED10C04FE18EC6345BDC_246, PutCachedData=, CacheKey=PhysXPC_VIS_5DF9E1AAB7CC4DCCB2965BA1A78DFE8_5557D4D845D58D79655EC0B843598000, StartTime=2016.04.01-22.23.52, HierarchicalDDC=, DataSize=64618, Duration=0.136402, RunGuid=RunID1C79A73A414D7D2E6B3A949852008D6F
DDCTransactionIdFC1C83824942CA647BFFB5A59F97735F_239, PutCachedData=, CacheKey=PhysXPC_FULL_5DF9E1AAB7CC4DCCB2965BA1A78DFE8_62769F4F2F5F70A55D5A1AFF879B6E7A, StartTime=2016.04.01-22.23.52, HierarchicalDDC=, DataSize=64618, Duration=0.137869, RunGuid=RunID1C79A73A414D7D2E6B3A949852008D6F
DDCTransactionId01384B1C4332ED10C04FE18EC6345BDC_247, PutCachedData=, CacheKey=PhysXPC_VIS_5DF9E1AAB7CC4DCCB2965BA1A78DFE8_753E0ABB453E97E37991FEB59BE55913, StartTime=2016.04.01-22.23.52, HierarchicalDDC=, DataSize=64618, Duration=0.124667, RunGuid=RunID1C79A73A414D7D2E6B3A949852008D6F
DDCTransactionIdFC1C83824942CA647BFFB5A59F97735F_240, PutCachedData=, CacheKey=PhysXPC_FULL_5DF9E1AAB7CC4DCCB2965BA1A78DFE8_CBD5C2B8E7545DB1CA0C9FA97A6C2F51, StartTime=2016.04.01-22.23.52, HierarchicalDDC=, DataSize=64618, Duration=0.135910, RunGuid=RunID1C79A73A414D7D2E6B3A949852008D6F
DDCTransactionId01384B1C4332ED10C04FE18EC6345BDC_248, PutCachedData=, CacheKey=PhysXPC_VIS_5DF9E1AAB7CC4DCCB2965BA1A78DFE8_2CD545FC4D9294DA8B24FFBAFC9578EC, StartTime=2016.04.01-22.23.52, HierarchicalDDC=, DataSize=64618, Duration=0.137866, RunGuid=RunID1C79A73A414D7D2E6B3A949852008D6F
DDCTransactionIdFC1C83824942CA647BFFB5A59F97735F_241, PutCachedData=, CacheKey=PhysXPC_FULL_5DF9E1AAB7CC4DCCB2965BA1A78DFE8_534A8F81B21A8883F77B4AFC4722CF81, StartTime=2016.04.01-22.23.52, HierarchicalDDC=, DataSize=64618, Duration=0.139825, RunGuid=RunID1C79A73A414D7D2E6B3A949852008D6F
DDCTransactionId01384B1C4332ED10C04FE18EC6345BDC_249, PutCachedData=, CacheKey=PhysXPC_VIS_5DF9E1AAB7CC4DCCB2965BA1A78DFE8_F45AE91E44B3C17518904BB58FB1FF2A, StartTime=2016.04.01-22.23.52, HierarchicalDDC=, DataSize=64618, Duration=0.132490, RunGuid=RunID1C79A73A414D7D2E6B3A949852008D6F
DDCTransactionIdFC1C83824942CA647BFFB5A59F97735F_242, PutCachedData=, CacheKey=PhysXPC_FULL_5DF9E1AAB7CC4DCCB2965BA1A78DFE8_E5232DDE3645C8837F7B49146C870570, StartTime=2016.04.01-22.23.52, HierarchicalDDC=, DataSize=64618, Duration=0.139825, RunGuid=RunID1C79A73A414D7D2E6B3A949852008D6F
DDCTransactionId01384B1C4332ED10C04FE18EC6345BDC_250, PutCachedData=, CacheKey=PhysXPC_VIS_5DF9E1AAB7CC4DCCB2965BA1A78DFE8_D18FB4F14E66771874999B82AE09193F, StartTime=2016.04.01-22.23.52, HierarchicalDDC=, DataSize=64618, Duration=0.134442, RunGuid=RunID1C79A73A414D7D2E6B3A949852008D6F
DDCTransactionIdFC1C83824942CA647BFFB5A59F97735F_243, PutCachedData=, CacheKey=PhysXPC_FULL_5DF9E1AAB7CC4DCCB2965BA1A78DFE8_8C36EDD0AB3EFCBD219F49AFEEFA31CE, StartTime=2016.04.01-22.23.52, HierarchicalDDC=, DataSize=64618, Duration=0.149112, RunGuid=RunID1C79A73A414D7D2E6B3A949852008D6F
DDCTransactionId01384B1C4332ED10C04FE18EC6345BDC_251, PutCachedData=, CacheKey=PhysXPC_VIS_5DF9E1AAB7CC4DCCB2965BA1A78DFE8_1194778C4C57AEC47C511EB40D2A7CD2, StartTime=2016.04.01-22.23.52, HierarchicalDDC=, DataSize=64618, Duration=0.137866, RunGuid=RunID1C79A73A414D7D2E6B3A949852008D6F
DDCTransactionIdFC1C83824942CA647BFFB5A59F97735F_244, PutCachedData=, CacheKey=PhysXPC_FULL_5DF9E1AAB7CC4DCCB2965BA1A78DFE8_41E99A6CF5FD7C715B4B51288C5730B6, StartTime=2016.04.01-22.23.52, HierarchicalDDC=, DataSize=64618, Duration=0.143733, RunGuid=RunID1C79A73A414D7D2E6B3A949852008D6F
DDCTransactionId01384B1C4332ED10C04FE18EC6345BDC_252, PutCachedData=, CacheKey=PhysXPC_VIS_5DF9E1AAB7CC4DCCB2965BA1A78DFE8_13BFE4A240E4432750856E885282A5D0, StartTime=2016.04.01-22.23.52, HierarchicalDDC=, DataSize=64618, Duration=0.139333, RunGuid=RunID1C79A73A414D7D2E6B3A949852008D6F
DDCTransactionIdFC1C83824942CA647BFFB5A59F97735F_245, PutCachedData=, CacheKey=PhysXPC_FULL_5DF9E1AAB7CC4DCCB2965BA1A78DFE8_6A992A2239C11715ABA8EE793E54D56C, StartTime=2016.04.01-22.23.52, HierarchicalDDC=, DataSize=64618, Duration=0.154000, RunGuid=RunID1C79A73A414D7D2E6B3A949852008D6F
DDCTransactionId01384B1C4332ED10C04FE18EC6345BDC_253, PutCachedData=, CacheKey=PhysXPC_VIS_5DF9E1AAB7CC4DCCB2965BA1A78DFE8_B80D6915426B72A1D59C1488168213BE, StartTime=2016.04.01-22.23.52, HierarchicalDDC=, DataSize=64618, Duration=0.143733, RunGuid=RunID1C79A73A414D7D2E6B3A949852008D6F
DDCTransactionIdFC1C83824942CA647BFFB5A59F97735F_246, PutCachedData=, CacheKey=PhysXPC_FULL_5DF9E1AAB7CC4DCCB2965BA1A78DFE8_AC8566FFDE3532795D426B7AB66607A2, StartTime=2016.04.01-22.23.52, HierarchicalDDC=, DataSize=64618, Duration=0.170134, RunGuid=RunID1C79A73A414D7D2E6B3A949852008D6F
DDCTransactionId01384B1C4332ED10C04FE18EC6345BDC_254, PutCachedData=, CacheKey=PhysXPC_VIS_5DF9E1AAB7CC4DCCB2965BA1A78DFE8_ADF9FCAA4770F0736286BB9AF968EBA8, StartTime=2016.04.01-22.23.52, HierarchicalDDC=, DataSize=64618, Duration=0.164267, RunGuid=RunID1C79A73A414D7D2E6B3A949852008D6F
DDCTransactionIdFC1C83824942CA647BFFB5A59F97735F_247, PutCachedData=, CacheKey=PhysXPC_FULL_5DF9E1AAB7CC4DCCB2965BA1A78DFE8_1D79B6F4BBB322971C5A216BCF725285, StartTime=2016.04.01-22.23.52, HierarchicalDDC=, DataSize=64618, Duration=0.158887, RunGuid=RunID1C79A73A414D7D2E6B3A949852008D6F
DDCTransactionId01384B1C4332ED10C04FE18EC6345BDC_255, PutCachedData=, CacheKey=PhysXPC_VIS_5DF9E1AAB7CC4DCCB2965BA1A78DFE8_31BBF1424D59E31A97C1FBA41BF11057, StartTime=2016.04.01-22.23.52, HierarchicalDDC=, DataSize=64618, Duration=0.158399, RunGuid=RunID1C79A73A414D7D2E6B3A949852008D6F
DDCTransactionIdFC1C83824942CA647BFFB5A59F97735F_248, PutCachedData=, CacheKey=PhysXPC_FULL_5DF9E1AAB7CC4DCCB2965BA1A78DFE8_D1DA2B7DC8A5F6DFF14B5D104544D4D6, StartTime=2016.04.01-22.23.52, HierarchicalDDC=, DataSize=64618, Duration=0.151556, RunGuid=RunID1C79A73A414D7D2E6B3A949852008D6F
DDCTransactionId01384B1C4332ED10C04FE18EC6345BDC_256, PutCachedData=, CacheKey=PhysXPC_VIS_5DF9E1AAB7CC4DCCB2965BA1A78DFE8_7FBED4B240068249710CCF9106D58170, StartTime=2016.04.01-22.23.52, HierarchicalDDC=, DataSize=64618, Duration=0.143733, RunGuid=RunID1C79A73A414D7D2E6B3A949852008D6F
DDCTransactionIdFC1C83824942CA647BFFB5A59F97735F_249, PutCachedData=, CacheKey=PhysXPC_FULL_5DF9E1AAB7CC4DCCB2965BA1A78DFE8_A14D6DCC0D67C4E46C2FB23C8D0F7ADC, StartTime=2016.04.01-22.23.52, HierarchicalDDC=, DataSize=64618, Duration=0.168178, RunGuid=RunID1C79A73A414D7D2E6B3A949852008D6F
DDCTransactionId01384B1C4332ED10C04FE18EC6345BDC_257, PutCachedData=, CacheKey=PhysXPC_VIS_5DF9E1AAB7CC4DCCB2965BA1A78DFE8_DB3F5330438401FABDC828BF197EF36B, StartTime=2016.04.01-22.23.52, HierarchicalDDC=, DataSize=64618, Duration=0.154000, RunGuid=RunID1C79A73A414D7D2E6B3A949852008D6F
DDCTransactionIdFC1C83824942CA647BFFB5A59F97735F_250, PutCachedData=, CacheKey=PhysXPC_FULL_5DF9E1AAB7CC4DCCB2965BA1A78DFE8_8BF615D89BE84EF861C2CD978F572D16, StartTime=2016.04.01-22.23.52, HierarchicalDDC=, DataSize=64618, Duration=0.150088, RunGuid=RunID1C79A73A414D7D2E6B3A949852008D6F
DDCTransactionId01384B1C4332ED10C04FE18EC6345BDC_258, PutCachedData=, CacheKey=PhysXPC_VIS_5DF9E1AAB7CC4DCCB2965BA1A78DFE8_EB0E9D244B12CCE584FC189AB85C3CFE, StartTime=2016.04.01-22.23.52, HierarchicalDDC=, DataSize=64618, Duration=0.142757, RunGuid=RunID1C79A73A414D7D2E6B3A949852008D6F
DDCTransactionIdFC1C83824942CA647BFFB5A59F97735F_251, PutCachedData=, CacheKey=PhysXPC_FULL_5DF9E1AAB7CC4DCCB2965BA1A78DFE8_5C3FE9A6A54EA867AEBB43BE36109A03, StartTime=2016.04.01-22.23.52, HierarchicalDDC=, DataSize=64618, Duration=0.141781, RunGuid=RunID1C79A73A414D7D2E6B3A949852008D6F
DDCTransactionId01384B1C4332ED10C04FE18EC6345BDC_259, PutCachedData=, CacheKey=PhysXPC_VIS_5DF9E1AAB7CC4DCCB2965BA1A78DFE8_91A5C353434E139919CC068A991BEC29, StartTime=2016.04.01-22.23.52, HierarchicalDDC=, DataSize=64618, Duration=0.131998, RunGuid=RunID1C79A73A414D7D2E6B3A949852008D6F
DDCTransactionIdFC1C83824942CA647BFFB5A59F97735F_252, PutCachedData=, CacheKey=PhysXPC_FULL_5DF9E1AAB7CC4DCCB2965BA1A78DFE8_FE730BF0B1DE30A5758F5F757FFFE4E7, StartTime=2016.04.01-22.23.52, HierarchicalDDC=, DataSize=64618, Duration=0.144221, RunGuid=RunID1C79A73A414D7D2E6B3A949852008D6F
DDCTransactionId01384B1C4332ED10C04FE18EC6345BDC_260, PutCachedData=, CacheKey=PhysXPC_VIS_5DF9E1AAB7CC4DCCB2965BA1A78DFE8_E687AB6445C6445C81B2A0A5EE2F3B56, StartTime=2016.04.01-22.23.52, HierarchicalDDC=, DataSize=64618, Duration=0.132490, RunGuid=RunID1C79A73A414D7D2E6B3A949852008D6F
DDCTransactionIdFC1C83824942CA647BFFB5A59F97735F_253, PutCachedData=, CacheKey=PhysXPC_FULL_5DF9E1AAB7CC4DCCB2965BA1A78DFE8_1A0771CEBE2B5071A832EE9BE9DF93EB, StartTime=2016.04.01-22.23.52, HierarchicalDDC=, DataSize=64618, Duration=0.150576, RunGuid=RunID1C79A73A414D7D2E6B3A949852008D6F
DDCTransactionId01384B1C4332ED10C04FE18EC6345BDC_261, PutCachedData=, CacheKey=PhysXPC_VIS_5DF9E1AAB7CC4DCCB2965BA1A78DFE8_FCCB41BD495034FB692DAEA258F0391B, StartTime=2016.04.01-22.23.52, HierarchicalDDC=, DataSize=64618, Duration=0.158399, RunGuid=RunID1C79A73A414D7D2E6B3A949852008D6F
DDCTransactionIdFC1C83824942CA647BFFB5A59F97735F_254, PutCachedData=, CacheKey=PhysXPC_FULL_5DF9E1AAB7CC4DCCB2965BA1A78DFE8_68B67C7B0D08EF9E7368068F728C4756, StartTime=2016.04.01-22.23.52, HierarchicalDDC=, DataSize=64618, Duration=0.139333, RunGuid=RunID1C79A73A414D7D2E6B3A949852008D6F
DDCTransactionId01384B1C4332ED10C04FE18EC6345BDC_262, PutCachedData=, CacheKey=PhysXPC_VIS_5DF9E1AAB7CC4DCCB2965BA1A78DFE8_5E775ED3496A5F1DB6F3B693F63D1C3B, StartTime=2016.04.01-22.23.52, HierarchicalDDC=, DataSize=64618, Duration=0.143733, RunGuid=RunID1C79A73A414D7D2E6B3A949852008D6F
DDCTransactionIdFC1C83824942CA647BFFB5A59F97735F_255, PutCachedData=, CacheKey=PhysXPC_FULL_5DF9E1AAB7CC4DCCB2965BA1A78DFE8_1117BD9D617BD9E1BF191E0EBEF8ECF0, StartTime=2016.04.01-22.23.52, HierarchicalDDC=, DataSize=64618, Duration=0.143245, RunGuid=RunID1C79A73A414D7D2E6B3A949852008D6F
DDCTransactionId01384B1C4332ED10C04FE18EC6345BDC_263, PutCachedData=, CacheKey=PhysXPC_VIS_5DF9E1AAB7CC4DCCB2965BA1A78DFE8_F2C1911A48316E3ECD8307955E249FE1, StartTime=2016.04.01-22.23.52, HierarchicalDDC=, DataSize=64618, Duration=0.149112, RunGuid=RunID1C79A73A414D7D2E6B3A949852008D6F
DDCTransactionIdFC1C83824942CA647BFFB5A59F97735F_256, PutCachedData=, CacheKey=PhysXPC_FULL_5DF9E1AAB7CC4DCCB2965BA1A78DFE8_452505E5EE341E02C2DD701D393FE855, StartTime=2016.04.01-22.23.52, HierarchicalDDC=, DataSize=64618, Duration=0.145201, RunGuid=RunID1C79A73A414D7D2E6B3A949852008D6F
DDCTransactionId01384B1C4332ED10C04FE18EC6345BDC_264, PutCachedData=, CacheKey=PhysXPC_VIS_5DF9E1AAB7CC4DCCB2965BA1A78DFE8_7A148E4E42B6937E68980B97A8BD264D, StartTime=2016.04.01-22.23.52, HierarchicalDDC=, DataSize=64618, Duration=0.151556, RunGuid=RunID1C79A73A414D7D2E6B3A949852008D6F
DDCTransactionIdFC1C83824942CA647BFFB5A59F97735F_257, PutCachedData=, CacheKey=PhysXPC_FULL_5DF9E1AAB7CC4DCCB2965BA1A78DFE8_C8D75591C128DA27AADC78F2199B493C, StartTime=2016.04.01-22.23.52, HierarchicalDDC=, DataSize=64618, Duration=0.133954, RunGuid=RunID1C79A73A414D7D2E6B3A949852008D6F
DDCTransactionId01384B1C4332ED10C04FE18EC6345BDC_265, PutCachedData=, CacheKey=PhysXPC_VIS_5DF9E1AAB7CC4DCCB2965BA1A78DFE8_1B3E72F44C7707D021C939A82D519E81, StartTime=2016.04.01-22.23.52, HierarchicalDDC=, DataSize=64618, Duration=0.139821, RunGuid=RunID1C79A73A414D7D2E6B3A949852008D6F
DDCTransactionIdFC1C83824942CA647BFFB5A59F97735F_258, PutCachedData=, CacheKey=PhysXPC_FULL_5DF9E1AAB7CC4DCCB2965BA1A78DFE8_786BCEEF0DE8601CAF41D116B462BEDA, StartTime=2016.04.01-22.23.52, HierarchicalDDC=, DataSize=64618, Duration=0.153512, RunGuid=RunID1C79A73A414D7D2E6B3A949852008D6F
DDCTransactionId01384B1C4332ED10C04FE18EC6345BDC_266, PutCachedData=, CacheKey=PhysXPC_VIS_5DF9E1AAB7CC4DCCB2965BA1A78DFE8_E5AE87B74EFF1E1578C0BE96167C6CB1, StartTime=2016.04.01-22.23.52, HierarchicalDDC=, DataSize=64618, Duration=0.150088, RunGuid=RunID1C79A73A414D7D2E6B3A949852008D6F
DDCTransactionIdFC1C83824942CA647BFFB5A59F97735F_259, PutCachedData=, CacheKey=PhysXPC_FULL_5DF9E1AAB7CC4DCCB2965BA1A78DFE8_51E8DC90DC4D5422AA225A97BD3DD451, StartTime=2016.04.01-22.23.52, HierarchicalDDC=, DataSize=64618, Duration=0.144221, RunGuid=RunID1C79A73A414D7D2E6B3A949852008D6F
DDCTransactionId01384B1C4332ED10C04FE18EC6345BDC_267, PutCachedData=, CacheKey=PhysXPC_VIS_5DF9E1AAB7CC4DCCB2965BA1A78DFE8_CE8629874645FEE4BE5453B108545960, StartTime=2016.04.01-22.23.52, HierarchicalDDC=, DataSize=64618, Duration=0.140797, RunGuid=RunID1C79A73A414D7D2E6B3A949852008D6F
DDCTransactionIdFC1C83824942CA647BFFB5A59F97735F_260, PutCachedData=, CacheKey=PhysXPC_FULL_5DF9E1AAB7CC4DCCB2965BA1A78DFE8_E7EBEAFF77FB60497EADE5361F287FE5, StartTime=2016.04.01-22.23.52, HierarchicalDDC=, DataSize=64618, Duration=0.148132, RunGuid=RunID1C79A73A414D7D2E6B3A949852008D6F
DDCTransactionId01384B1C4332ED10C04FE18EC6345BDC_268, PutCachedData=, CacheKey=PhysXPC_VIS_5DF9E1AAB7CC4DCCB2965BA1A78DFE8_E670B6B245BC27280004A394F1ED52D2, StartTime=2016.04.01-22.23.52, HierarchicalDDC=, DataSize=64618, Duration=0.142757, RunGuid=RunID1C79A73A414D7D2E6B3A949852008D6F
DDCTransactionIdFC1C83824942CA647BFFB5A59F97735F_261, PutCachedData=, CacheKey=PhysXPC_FULL_5DF9E1AAB7CC4DCCB2965BA1A78DFE8_D8EDE7781E450A252E059F6CCE13B6CC, StartTime=2016.04.01-22.23.52, HierarchicalDDC=, DataSize=64618, Duration=0.146668, RunGuid=RunID1C79A73A414D7D2E6B3A949852008D6F
DDCTransactionId01384B1C4332ED10C04FE18EC6345BDC_269, PutCachedData=, CacheKey=PhysXPC_VIS_5DF9E1AAB7CC4DCCB2965BA1A78DFE8_1C7F11454DCB6925DB3C39971BA6DA06, StartTime=2016.04.01-22.23.52, HierarchicalDDC=, DataSize=64618, Duration=0.140801, RunGuid=RunID1C79A73A414D7D2E6B3A949852008D6F
DDCTransactionIdFC1C83824942CA647BFFB5A59F97735F_262, PutCachedData=, CacheKey=PhysXPC_FULL_5DF9E1AAB7CC4DCCB2965BA1A78DFE8_EA3E54ED7AA5198AA8191F42C027D50C, StartTime=2016.04.01-22.23.52, HierarchicalDDC=, DataSize=64618, Duration=0.136890, RunGuid=RunID1C79A73A414D7D2E6B3A949852008D6F
DDCTransactionId01384B1C4332ED10C04FE18EC6345BDC_270, PutCachedData=, CacheKey=PhysXPC_VIS_5DF9E1AAB7CC4DCCB2965BA1A78DFE8_12B222CD417A58783F2E18AEF273585C, StartTime=2016.04.01-22.23.52, HierarchicalDDC=, DataSize=64618, Duration=0.152048, RunGuid=RunID1C79A73A414D7D2E6B3A949852008D6F
DDCTransactionIdFC1C83824942CA647BFFB5A59F97735F_263, PutCachedData=, CacheKey=PhysXPC_FULL_5DF9E1AAB7CC4DCCB2965BA1A78DFE8_7DE64D7991F17857A24AE9A227C4EC14, StartTime=2016.04.01-22.23.52, HierarchicalDDC=, DataSize=64618, Duration=0.166714, RunGuid=RunID1C79A73A414D7D2E6B3A949852008D6F
DDCTransactionId01384B1C4332ED10C04FE18EC6345BDC_271, PutCachedData=, CacheKey=PhysXPC_VIS_5DF9E1AAB7CC4DCCB2965BA1A78DFE8_C60FD4644026FAAB836EC7A62715A750, StartTime=2016.04.01-22.23.52, HierarchicalDDC=, DataSize=64618, Duration=0.157423, RunGuid=RunID1C79A73A414D7D2E6B3A949852008D6F
DDCTransactionIdFC1C83824942CA647BFFB5A59F97735F_264, PutCachedData=, CacheKey=PhysXPC_FULL_5DF9E1AAB7CC4DCCB2965BA1A78DFE8_514F9BB7089CB704BD08EF7F08D852F5, StartTime=2016.04.01-22.23.52, HierarchicalDDC=, DataSize=64618, Duration=0.154488, RunGuid=RunID1C79A73A414D7D2E6B3A949852008D6F
DDCTransactionId01384B1C4332ED10C04FE18EC6345BDC_272, PutCachedData=, CacheKey=PhysXPC_VIS_5DF9E1AAB7CC4DCCB2965BA1A78DFE8_A747D26E451C5DA8599F8681B6DAF82E, StartTime=2016.04.01-22.23.52, HierarchicalDDC=, DataSize=64618, Duration=0.166222, RunGuid=RunID1C79A73A414D7D2E6B3A949852008D6F
DDCTransactionIdFC1C83824942CA647BFFB5A59F97735F_265, PutCachedData=, CacheKey=PhysXPC_FULL_5DF9E1AAB7CC4DCCB2965BA1A78DFE8_90817014750E9C9B3CAA9D98FE06D461, StartTime=2016.04.01-22.23.52, HierarchicalDDC=, DataSize=64618, Duration=0.146668, RunGuid=RunID1C79A73A414D7D2E6B3A949852008D6F
DDCTransactionId01384B1C4332ED10C04FE18EC6345BDC_273, PutCachedData=, CacheKey=PhysXPC_VIS_5DF9E1AAB7CC4DCCB2965BA1A78DFE8_03D5294442CB30C8FA61D5BA79DFC8CB, StartTime=2016.04.01-22.23.52, HierarchicalDDC=, DataSize=64618, Duration=0.149600, RunGuid=RunID1C79A73A414D7D2E6B3A949852008D6F
MaterialTransactionId04AE25EE4E751E9E8AA277B012337D32_0, CacheKey=MATSM_4F0644619F9C48FF91E0D494C95EB050_PCD3D_SM5_5__BC5N_DEV_SL_NoDBuf_EARLYZ3276DC6F0426C2CF53A90D0B99B87A332_Num_SM5__0___TBasePassVSFCachedVolumeIndirectLightingPolicyAtmosphericFog8B18AAF8F9198748E9489BA6EBEFA581D907D7CD2094224222222222222222222222224222222222222222222222222222222222222222222424444444440222222222222222222222244442222222222222222222222222222221240222224222222222222222222222222222222222222222222222222222222000044040000001400000014000000140000001400000014000000_TShadowDepthVSForGSVertexShadowDepth_PerspectiveCorrecttrue4B45B91074D2CFA7ACE4DE03393192218069847A170422422222222222222222222222422222222222222222222222222222222222222222242444444444022222222222222222222224444222222222222222222222222222222124022222222222222222222020040440000001400000014000000140000001400000014000000_TBasePassVSFCachedPointIndirectLightingPolicyAtmosphericFog8B18AAF8F9198748E9489BA6EBEFA581D907D7CD2094224222222222222222222222224222222222222222222222222222222222222222222424444444440222222222222222222222244442222222222222222222222222222221240222224222222222222222222222222222222222222222222222222222222000044040000001400000014000000140000001400000014000000_TShadowDepthPSPixelShadowDepth_NonPerspectiveCorrecttrueCAB07D2D95B9FDBA4D93434B857B7D78E9EF61F717742242222222222222222222222242222222222222222222222222222222222222222224244444444402222222222222222222222444422222222222222222222222222222212402222222222222222222222222222000044040000001400000014000000140000001400000014000000_TShadowDepthVSVertexShadowDepth_PerspectiveCorrecttrue4B45B91074D2CFA7ACE4DE03393192218069847A170422422222222222222222222222422222222222222222222222222222222222222222242444444444022222222222222222222224444222222222222222222222222222222124022222222222222222222020040440000001400000014000000140000001400000014000000_TBasePassPSFCachedVolumeIndirectLightingPolicySkylight8B95D470BB4BF92A5C22A48B60B9DA18A2BE42522144224222222222222222222222224222222222222222222222222222222222222222222424444444440222222222222222222222244442222222222222222222222222222221240222224222222222222222222222222222222222222222222222222222222222202004044001400000014000000140000001400000014000000_TShadowDepthPSPixelShadowDepth_PerspectiveCorrecttrueCAB07D2D95B9FDBA4D93434B857B7D78E9EF61F717742242222222222222222222222242222222222222222222222222222222222222222224244444444402222222222222222222222444422222222222222222222222222222212402222222222222222222222222222000044040000001400000014000000140000001400000014000000_TBasePassVSFSimpleDynamicLightingPolicyAtmosphericFog8B18AAF8F9198748E9489BA6EBEFA581D907D7CD2094224222222222222222222222224222222222222222222222222222222222222222222424444444440222222222222222222222244442222222222222222222222222222221240222224222222222222222222222222222222222222222222222222222222000044040000001400000014000000140000001400000014000000_TBasePassPSFCachedPointIndirectLightingPolicySkylight8B95D470BB4BF92A5C22A48B60B9DA18A2BE42522144224222222222222222222222224222222222222222222222222222222222222222222424444444440222222222222222222222244442222222222222222222222222222221240222224222222222222222222222222222222222222222222222222222222222202004044001400000014000000140000001400000014000000_TShadowDepthVSForGSVertexShadowDepth_OutputDepthtrue4B45B91074D2CFA7ACE4DE03393192218069847A170422422222222222222222222222422222222222222222222222222222222222222222242444444444022222222222222222222224444222222222222222222222222222222124022222222222222222222020040440000001400000014000000140000001400000014000000_TShadowDepthPSPixelShadowDepth_OnePassPointLighttrueCAB07D2D95B9FDBA4D93434B857B7D78E9EF61F717742242222222222222222222222242222222222222222222222222222222222222222224244444444402222222222222222222222444422222222222222222222222222222212402222222222222222222222222222000044040000001400000014000000140000001400000014000000_TShadowDepthVSVertexShadowDepth_OutputDepthtrue4B45B91074D2CFA7ACE4DE03393192218069847A170422422222222222222222222222422222222222222222222222222222222222222222242444444444022222222222222222222224444222222222222222222222222222222124022222222222222222222020040440000001400000014000000140000001400000014000000_TBasePassPSFSimpleDynamicLightingPolicySkylight8B95D470BB4BF92A5C22A48B60B9DA18A2BE42522144224222222222222222222222224222222222222222222222222222222222222222222424444444440222222222222222222222244442222222222222222222222222222221240222224222222222222222222222222222222222222222222222222222222222202004044001400000014000000140000001400000014000000_TBasePassVSFCachedVolumeIndirectLightingPolicy8B18AAF8F9198748E9489BA6EBEFA581D907D7CD2094224222222222222222222222224222222222222222222222222222222222222222222424444444440222222222222222222222244442222222222222222222222222222221240222224222222222222222222222222222222222222222222222222222222000044040000001400000014000000140000001400000014000000_TBasePassPSFCachedVolumeIndirectLightingPolicy8B95D470BB4BF92A5C22A48B60B9DA18A2BE42522144224222222222222222222222224222222222222222222222222222222222222222222424444444440222222222222222222222244442222222222222222222222222222221240222224222222222222222222222222222222222222222222222222222222222202004044001400000014000000140000001400000014000000_TBasePassVSFCachedPointIndirectLightingPolicy8B18AAF8F9198748E9489BA6EBEFA581D907D7CD2094224222222222222222222222224222222222222222222222222222222222222222222424444444440222222222222222222222244442222222222222222222222222222221240222224222222222222222222222222222222222222222222222222222222000044040000001400000014000000140000001400000014000000_TBasePassPSFCachedPointIndirectLightingPolicy8B95D470BB4BF92A5C22A48B60B9DA18A2BE42522144224222222222222222222222224222222222222222222222222222222222222222222424444444440222222222222222222222244442222222222222222222222222222221240222224222222222222222222222222222222222222222222222222222222222202004044001400000014000000140000001400000014000000_TBasePassVSFNoLightMapPolicyAtmosphericFog8B18AAF8F9198748E9489BA6EBEFA581D907D7CD2094224222222222222222222222224222222222222222222222222222222222222222222424444444440222222222222222222222244442222222222222222222222222222221240222224222222222222222222222222222222222222222222222222222222000044040000001400000014000000140000001400000014000000_TBasePassVSFSimpleDynamicLightingPolicy8B18AAF8F9198748E9489BA6EBEFA581D907D7CD2094224222222222222222222222224222222222222222222222222222222222222222222424444444440222222222222222222222244442222222222222222222222222222221240222224222222222222222222222222222222222222222222222222222222000044040000001400000014000000140000001400000014000000_TBasePassPSFSimpleDynamicLightingPolicy8B95D470BB4BF92A5C22A48B60B9DA18A2BE42522144224222222222222222222222224222222222222222222222222222222222222222222424444444440222222222222222222222244442222222222222222222222222222221240222224222222222222222222222222222222222222222222222222222222222202004044001400000014000000140000001400000014000000_TBasePassPSFNoLightMapPolicySkylight8B95D470BB4BF92A5C22A48B60B9DA18A2BE42522144224222222222222222222222224222222222222222222222222222222222222222222424444444440222222222222222222222244442222222222222222222222222222221240222224222222222222222222222222222222222222222222222222222222222202004044001400000014000000140000001400000014000000_TBasePassVSFNoLightMapPolicy8B18AAF8F9198748E9489BA6EBEFA581D907D7CD2094224222222222222222222222224222222222222222222222222222222222222222222424444444440222222222222222222222244442222222222222222222222222222221240222224222222222222222222222222222222222222222222222222222222000044040000001400000014000000140000001400000014000000_TBasePassPSFNoLightMapPolicy8B95D470BB4BF92A5C22A48B60B9DA18A2BE42522144224222222222222222222222224222222222222222222222222222222222222222222424444444440222222222222222222222244442222222222222222222222222222221240222224222222222222222222222222222222222222222222222222222222222202004044001400000014000000140000001400000014000000_FEvaluateSurfelMaterialCS6258113C2EBBF117ED7778A8D1717F7C4F99C7B816742242222222222222222222222242222222222222222222222222222222222222222224244444444402222222222222222222222444422222222222222222222222222222222222222222222222222220000440414000000140000001400000014000000_FConvertToUniformMeshVSE7DF727A12438F2D529D6604B0B1C022849CCFEB152422422222222222222222222222422222222222222222222222222222222222222222242444444444022222222222222222222224444222222222222222222222222222222124022020040441400000014000000140000001400000014000000_FConvertToUniformMeshGSE7DF727A12438F2D529D6604B0B1C022849CCFEB152422422222222222222222222222422222222222222222222222222222222222222222242444444444022222222222222222222224444222222222222222222222222222222124022020040441400000014000000140000001400000014000000_FLocalVertexFactory5897CEF715AB93237703E35F9ABEBB43E8E477D34224200000000064000040404040404040404040434343444443434343404040404040404040404343434040404044040404040404040404040404343434444434343434040404040404040404043434340404016101010101000424244444444444444424141414341414141413131414141444341444044444444444444414141414141414141434143414141414141414141414131314444414241444444414101010004443414341414141444444434341434444444404444444444444444444444444444444444444444444444444444444444444444444444444404010101010101010101010101010101010101010101010101210440444444232341414141414141414141414121301214141414141414140443434343444144444444444444440101010101010101010101010101301434143424141414244414130331313141444444442500000010000000100000001000000010000000100000001000000010000000100000001000000010000000100000001000000010000000100000001000000010000000100000001000000010000000100000001000000010000000100000001000000010000000250000001000000010000000100000001000000010000000100000001000000010000000100000001000000010000000100000001000000010000000100000001000000010000000100000001000000010000000100000001000000010000000100000001000000008000000080000000800000008000000080000000800000049000000100000000900000008000000100000001000000010000000260000001800000009000000090000000900000009000000090000000900000009000000090000000900000009000000090000000900000009000000090000000900000009000000090000000900000008000000080000000800000008000000080000000800000013000000100000000A0000001C00000009000000090000000900000009000000090000000900000009000000080000000800000008000000080000000800000008000000080000000D00000008000000DA39A3EE5E6B4B0D3255BFEF95601890AFD807090000000000000000000000000000000000000000, ShaderCompilation=10497.515625, RunGuid=RunID1C79A73A414D7D2E6B3A949852008D6F
MaterialTransactionId04AE25EE4E751E9E8AA277B012337D32_1, CacheKey=MATSM_4F0644619F9C48FF91E0D494C95EB050_PCD3D_SM5_5__BC5N_DEV_SL_NoDBuf_EARLYZ364F7B3B04FC4A832336C2AB84841ADE6_Num_SM5__0___TBasePassVSFCachedVolumeIndirectLightingPolicyAtmosphericFog8B18AAF8F9198748E9489BA6EBEFA581D907D7CD2094224222222222222222222222224222222222222222222222222222222222222222222424444444440222222222222222222222244442222222222222222222222222222221240222224222222222222222222222222222222222222222222222222222222000044040000001400000014000000140000001400000014000000_TShadowDepthVSForGSVertexShadowDepth_PerspectiveCorrecttrue4B45B91074D2CFA7ACE4DE03393192218069847A170422422222222222222222222222422222222222222222222222222222222222222222242444444444022222222222222222222224444222222222222222222222222222222124022222222222222222222020040440000001400000014000000140000001400000014000000_TBasePassVSFCachedPointIndirectLightingPolicyAtmosphericFog8B18AAF8F9198748E9489BA6EBEFA581D907D7CD2094224222222222222222222222224222222222222222222222222222222222222222222424444444440222222222222222222222244442222222222222222222222222222221240222224222222222222222222222222222222222222222222222222222222000044040000001400000014000000140000001400000014000000_TShadowDepthPSPixelShadowDepth_NonPerspectiveCorrecttrueCAB07D2D95B9FDBA4D93434B857B7D78E9EF61F717742242222222222222222222222242222222222222222222222222222222222222222224244444444402222222222222222222222444422222222222222222222222222222212402222222222222222222222222222000044040000001400000014000000140000001400000014000000_TShadowDepthVSVertexShadowDepth_PerspectiveCorrecttrue4B45B91074D2CFA7ACE4DE03393192218069847A170422422222222222222222222222422222222222222222222222222222222222222222242444444444022222222222222222222224444222222222222222222222222222222124022222222222222222222020040440000001400000014000000140000001400000014000000_TBasePassPSFCachedVolumeIndirectLightingPolicySkylight8B95D470BB4BF92A5C22A48B60B9DA18A2BE42522144224222222222222222222222224222222222222222222222222222222222222222222424444444440222222222222222222222244442222222222222222222222222222221240222224222222222222222222222222222222222222222222222222222222222202004044001400000014000000140000001400000014000000_TShadowDepthPSPixelShadowDepth_PerspectiveCorrecttrueCAB07D2D95B9FDBA4D93434B857B7D78E9EF61F717742242222222222222222222222242222222222222222222222222222222222222222224244444444402222222222222222222222444422222222222222222222222222222212402222222222222222222222222222000044040000001400000014000000140000001400000014000000_TBasePassVSFSimpleDynamicLightingPolicyAtmosphericFog8B18AAF8F9198748E9489BA6EBEFA581D907D7CD2094224222222222222222222222224222222222222222222222222222222222222222222424444444440222222222222222222222244442222222222222222222222222222221240222224222222222222222222222222222222222222222222222222222222000044040000001400000014000000140000001400000014000000_TBasePassPSFCachedPointIndirectLightingPolicySkylight8B95D470BB4BF92A5C22A48B60B9DA18A2BE42522144224222222222222222222222224222222222222222222222222222222222222222222424444444440222222222222222222222244442222222222222222222222222222221240222224222222222222222222222222222222222222222222222222222222222202004044001400000014000000140000001400000014000000_TShadowDepthVSForGSVertexShadowDepth_OutputDepthtrue4B45B91074D2CFA7ACE4DE03393192218069847A170422422222222222222222222222422222222222222222222222222222222222222222242444444444022222222222222222222224444222222222222222222222222222222124022222222222222222222020040440000001400000014000000140000001400000014000000_TShadowDepthPSPixelShadowDepth_OnePassPointLighttrueCAB07D2D95B9FDBA4D93434B857B7D78E9EF61F717742242222222222222222222222242222222222222222222222222222222222222222224244444444402222222222222222222222444422222222222222222222222222222212402222222222222222222222222222000044040000001400000014000000140000001400000014000000_TShadowDepthVSVertexShadowDepth_OutputDepthtrue4B45B91074D2CFA7ACE4DE03393192218069847A170422422222222222222222222222422222222222222222222222222222222222222222242444444444022222222222222222222224444222222222222222222222222222222124022222222222222222222020040440000001400000014000000140000001400000014000000_TBasePassPSFSimpleDynamicLightingPolicySkylight8B95D470BB4BF92A5C22A48B60B9DA18A2BE42522144224222222222222222222222224222222222222222222222222222222222222222222424444444440222222222222222222222244442222222222222222222222222222221240222224222222222222222222222222222222222222222222222222222222222202004044001400000014000000140000001400000014000000_TBasePassVSFCachedVolumeIndirectLightingPolicy8B18AAF8F9198748E9489BA6EBEFA581D907D7CD2094224222222222222222222222224222222222222222222222222222222222222222222424444444440222222222222222222222244442222222222222222222222222222221240222224222222222222222222222222222222222222222222222222222222000044040000001400000014000000140000001400000014000000_TBasePassPSFCachedVolumeIndirectLightingPolicy8B95D470BB4BF92A5C22A48B60B9DA18A2BE42522144224222222222222222222222224222222222222222222222222222222222222222222424444444440222222222222222222222244442222222222222222222222222222221240222224222222222222222222222222222222222222222222222222222222222202004044001400000014000000140000001400000014000000_TBasePassVSFCachedPointIndirectLightingPolicy8B18AAF8F9198748E9489BA6EBEFA581D907D7CD2094224222222222222222222222224222222222222222222222222222222222222222222424444444440222222222222222222222244442222222222222222222222222222221240222224222222222222222222222222222222222222222222222222222222000044040000001400000014000000140000001400000014000000_TBasePassPSFCachedPointIndirectLightingPolicy8B95D470BB4BF92A5C22A48B60B9DA18A2BE42522144224222222222222222222222224222222222222222222222222222222222222222222424444444440222222222222222222222244442222222222222222222222222222221240222224222222222222222222222222222222222222222222222222222222222202004044001400000014000000140000001400000014000000_TBasePassVSFNoLightMapPolicyAtmosphericFog8B18AAF8F9198748E9489BA6EBEFA581D907D7CD2094224222222222222222222222224222222222222222222222222222222222222222222424444444440222222222222222222222244442222222222222222222222222222221240222224222222222222222222222222222222222222222222222222222222000044040000001400000014000000140000001400000014000000_TBasePassVSFSimpleDynamicLightingPolicy8B18AAF8F9198748E9489BA6EBEFA581D907D7CD2094224222222222222222222222224222222222222222222222222222222222222222222424444444440222222222222222222222244442222222222222222222222222222221240222224222222222222222222222222222222222222222222222222222222000044040000001400000014000000140000001400000014000000_TBasePassPSFSimpleDynamicLightingPolicy8B95D470BB4BF92A5C22A48B60B9DA18A2BE42522144224222222222222222222222224222222222222222222222222222222222222222222424444444440222222222222222222222244442222222222222222222222222222221240222224222222222222222222222222222222222222222222222222222222222202004044001400000014000000140000001400000014000000_TBasePassPSFNoLightMapPolicySkylight8B95D470BB4BF92A5C22A48B60B9DA18A2BE42522144224222222222222222222222224222222222222222222222222222222222222222222424444444440222222222222222222222244442222222222222222222222222222221240222224222222222222222222222222222222222222222222222222222222222202004044001400000014000000140000001400000014000000_TBasePassVSFNoLightMapPolicy8B18AAF8F9198748E9489BA6EBEFA581D907D7CD2094224222222222222222222222224222222222222222222222222222222222222222222424444444440222222222222222222222244442222222222222222222222222222221240222224222222222222222222222222222222222222222222222222222222000044040000001400000014000000140000001400000014000000_TBasePassPSFNoLightMapPolicy8B95D470BB4BF92A5C22A48B60B9DA18A2BE42522144224222222222222222222222224222222222222222222222222222222222222222222424444444440222222222222222222222244442222222222222222222222222222221240222224222222222222222222222222222222222222222222222222222222222202004044001400000014000000140000001400000014000000_FEvaluateSurfelMaterialCS6258113C2EBBF117ED7778A8D1717F7C4F99C7B816742242222222222222222222222242222222222222222222222222222222222222222224244444444402222222222222222222222444422222222222222222222222222222222222222222222222222220000440414000000140000001400000014000000_FConvertToUniformMeshVSE7DF727A12438F2D529D6604B0B1C022849CCFEB152422422222222222222222222222422222222222222222222222222222222222222222242444444444022222222222222222222224444222222222222222222222222222222124022020040441400000014000000140000001400000014000000_FConvertToUniformMeshGSE7DF727A12438F2D529D6604B0B1C022849CCFEB152422422222222222222222222222422222222222222222222222222222222222222222242444444444022222222222222222222224444222222222222222222222222222222124022020040441400000014000000140000001400000014000000_FLocalVertexFactory5897CEF715AB93237703E35F9ABEBB43E8E477D34224200000000064000040404040404040404040434343444443434343404040404040404040404343434040404044040404040404040404040404343434444434343434040404040404040404043434340404016101010101000424244444444444444424141414341414141413131414141444341444044444444444444414141414141414141434143414141414141414141414131314444414241444444414101010004443414341414141444444434341434444444404444444444444444444444444444444444444444444444444444444444444444444444444404010101010101010101010101010101010101010101010101210440444444232341414141414141414141414121301214141414141414140443434343444144444444444444440101010101010101010101010101301434143424141414244414130331313141444444442500000010000000100000001000000010000000100000001000000010000000100000001000000010000000100000001000000010000000100000001000000010000000100000001000000010000000100000001000000010000000100000001000000010000000250000001000000010000000100000001000000010000000100000001000000010000000100000001000000010000000100000001000000010000000100000001000000010000000100000001000000010000000100000001000000010000000100000001000000008000000080000000800000008000000080000000800000049000000100000000900000008000000100000001000000010000000260000001800000009000000090000000900000009000000090000000900000009000000090000000900000009000000090000000900000009000000090000000900000009000000090000000900000008000000080000000800000008000000080000000800000013000000100000000A0000001C00000009000000090000000900000009000000090000000900000009000000080000000800000008000000080000000800000008000000080000000D00000008000000DA39A3EE5E6B4B0D3255BFEF95601890AFD807090000000000000000000000000000000000000000, ShaderCompilation=15017.125000, RunGuid=RunID1C79A73A414D7D2E6B3A949852008D6F
MaterialTransactionId04AE25EE4E751E9E8AA277B012337D32_2, CacheKey=MATSM_4F0644619F9C48FF91E0D494C95EB050_PCD3D_SM5_5__BC5N_DEV_SL_NoDBuf_EARLYZ30500002945F45ED8BB1F3781F3112B40_Num_SM5__0___TBasePassVSFCachedVolumeIndirectLightingPolicyAtmosphericFog8B18AAF8F9198748E9489BA6EBEFA581D907D7CD2094224222222222222222222222224222222222222222222222222222222222222222222424444444440222222222222222222222244442222222222222222222222222222221240222224222222222222222222222222222222222222222222222222222222000044040000001400000014000000140000001400000014000000_TShadowDepthVSForGSVertexShadowDepth_PerspectiveCorrecttrue4B45B91074D2CFA7ACE4DE03393192218069847A170422422222222222222222222222422222222222222222222222222222222222222222242444444444022222222222222222222224444222222222222222222222222222222124022222222222222222222020040440000001400000014000000140000001400000014000000_TBasePassVSFCachedPointIndirectLightingPolicyAtmosphericFog8B18AAF8F9198748E9489BA6EBEFA581D907D7CD2094224222222222222222222222224222222222222222222222222222222222222222222424444444440222222222222222222222244442222222222222222222222222222221240222224222222222222222222222222222222222222222222222222222222000044040000001400000014000000140000001400000014000000_TShadowDepthPSPixelShadowDepth_NonPerspectiveCorrecttrueCAB07D2D95B9FDBA4D93434B857B7D78E9EF61F717742242222222222222222222222242222222222222222222222222222222222222222224244444444402222222222222222222222444422222222222222222222222222222212402222222222222222222222222222000044040000001400000014000000140000001400000014000000_TShadowDepthVSVertexShadowDepth_PerspectiveCorrecttrue4B45B91074D2CFA7ACE4DE03393192218069847A170422422222222222222222222222422222222222222222222222222222222222222222242444444444022222222222222222222224444222222222222222222222222222222124022222222222222222222020040440000001400000014000000140000001400000014000000_TBasePassPSFCachedVolumeIndirectLightingPolicySkylight8B95D470BB4BF92A5C22A48B60B9DA18A2BE42522144224222222222222222222222224222222222222222222222222222222222222222222424444444440222222222222222222222244442222222222222222222222222222221240222224222222222222222222222222222222222222222222222222222222222202004044001400000014000000140000001400000014000000_TShadowDepthPSPixelShadowDepth_PerspectiveCorrecttrueCAB07D2D95B9FDBA4D93434B857B7D78E9EF61F717742242222222222222222222222242222222222222222222222222222222222222222224244444444402222222222222222222222444422222222222222222222222222222212402222222222222222222222222222000044040000001400000014000000140000001400000014000000_TBasePassVSFSimpleDynamicLightingPolicyAtmosphericFog8B18AAF8F9198748E9489BA6EBEFA581D907D7CD2094224222222222222222222222224222222222222222222222222222222222222222222424444444440222222222222222222222244442222222222222222222222222222221240222224222222222222222222222222222222222222222222222222222222000044040000001400000014000000140000001400000014000000_TBasePassPSFCachedPointIndirectLightingPolicySkylight8B95D470BB4BF92A5C22A48B60B9DA18A2BE42522144224222222222222222222222224222222222222222222222222222222222222222222424444444440222222222222222222222244442222222222222222222222222222221240222224222222222222222222222222222222222222222222222222222222222202004044001400000014000000140000001400000014000000_TShadowDepthVSForGSVertexShadowDepth_OutputDepthtrue4B45B91074D2CFA7ACE4DE03393192218069847A170422422222222222222222222222422222222222222222222222222222222222222222242444444444022222222222222222222224444222222222222222222222222222222124022222222222222222222020040440000001400000014000000140000001400000014000000_TShadowDepthPSPixelShadowDepth_OnePassPointLighttrueCAB07D2D95B9FDBA4D93434B857B7D78E9EF61F717742242222222222222222222222242222222222222222222222222222222222222222224244444444402222222222222222222222444422222222222222222222222222222212402222222222222222222222222222000044040000001400000014000000140000001400000014000000_TShadowDepthVSVertexShadowDepth_OutputDepthtrue4B45B91074D2CFA7ACE4DE03393192218069847A170422422222222222222222222222422222222222222222222222222222222222222222242444444444022222222222222222222224444222222222222222222222222222222124022222222222222222222020040440000001400000014000000140000001400000014000000_TBasePassPSFSimpleDynamicLightingPolicySkylight8B95D470BB4BF92A5C22A48B60B9DA18A2BE42522144224222222222222222222222224222222222222222222222222222222222222222222424444444440222222222222222222222244442222222222222222222222222222221240222224222222222222222222222222222222222222222222222222222222222202004044001400000014000000140000001400000014000000_TBasePassVSFCachedVolumeIndirectLightingPolicy8B18AAF8F9198748E9489BA6EBEFA581D907D7CD2094224222222222222222222222224222222222222222222222222222222222222222222424444444440222222222222222222222244442222222222222222222222222222221240222224222222222222222222222222222222222222222222222222222222000044040000001400000014000000140000001400000014000000_TBasePassPSFCachedVolumeIndirectLightingPolicy8B95D470BB4BF92A5C22A48B60B9DA18A2BE42522144224222222222222222222222224222222222222222222222222222222222222222222424444444440222222222222222222222244442222222222222222222222222222221240222224222222222222222222222222222222222222222222222222222222222202004044001400000014000000140000001400000014000000_TBasePassVSFCachedPointIndirectLightingPolicy8B18AAF8F9198748E9489BA6EBEFA581D907D7CD2094224222222222222222222222224222222222222222222222222222222222222222222424444444440222222222222222222222244442222222222222222222222222222221240222224222222222222222222222222222222222222222222222222222222000044040000001400000014000000140000001400000014000000_TBasePassPSFCachedPointIndirectLightingPolicy8B95D470BB4BF92A5C22A48B60B9DA18A2BE42522144224222222222222222222222224222222222222222222222222222222222222222222424444444440222222222222222222222244442222222222222222222222222222221240222224222222222222222222222222222222222222222222222222222222222202004044001400000014000000140000001400000014000000_TBasePassVSFNoLightMapPolicyAtmosphericFog8B18AAF8F9198748E9489BA6EBEFA581D907D7CD2094224222222222222222222222224222222222222222222222222222222222222222222424444444440222222222222222222222244442222222222222222222222222222221240222224222222222222222222222222222222222222222222222222222222000044040000001400000014000000140000001400000014000000_TBasePassVSFSimpleDynamicLightingPolicy8B18AAF8F9198748E9489BA6EBEFA581D907D7CD2094224222222222222222222222224222222222222222222222222222222222222222222424444444440222222222222222222222244442222222222222222222222222222221240222224222222222222222222222222222222222222222222222222222222000044040000001400000014000000140000001400000014000000_TBasePassPSFSimpleDynamicLightingPolicy8B95D470BB4BF92A5C22A48B60B9DA18A2BE42522144224222222222222222222222224222222222222222222222222222222222222222222424444444440222222222222222222222244442222222222222222222222222222221240222224222222222222222222222222222222222222222222222222222222222202004044001400000014000000140000001400000014000000_TBasePassPSFNoLightMapPolicySkylight8B95D470BB4BF92A5C22A48B60B9DA18A2BE42522144224222222222222222222222224222222222222222222222222222222222222222222424444444440222222222222222222222244442222222222222222222222222222221240222224222222222222222222222222222222222222222222222222222222222202004044001400000014000000140000001400000014000000_TBasePassVSFNoLightMapPolicy8B18AAF8F9198748E9489BA6EBEFA581D907D7CD2094224222222222222222222222224222222222222222222222222222222222222222222424444444440222222222222222222222244442222222222222222222222222222221240222224222222222222222222222222222222222222222222222222222222000044040000001400000014000000140000001400000014000000_TBasePassPSFNoLightMapPolicy8B95D470BB4BF92A5C22A48B60B9DA18A2BE42522144224222222222222222222222224222222222222222222222222222222222222222222424444444440222222222222222222222244442222222222222222222222222222221240222224222222222222222222222222222222222222222222222222222222222202004044001400000014000000140000001400000014000000_FEvaluateSurfelMaterialCS6258113C2EBBF117ED7778A8D1717F7C4F99C7B816742242222222222222222222222242222222222222222222222222222222222222222224244444444402222222222222222222222444422222222222222222222222222222222222222222222222222220000440414000000140000001400000014000000_FConvertToUniformMeshVSE7DF727A12438F2D529D6604B0B1C022849CCFEB152422422222222222222222222222422222222222222222222222222222222222222222242444444444022222222222222222222224444222222222222222222222222222222124022020040441400000014000000140000001400000014000000_FConvertToUniformMeshGSE7DF727A12438F2D529D6604B0B1C022849CCFEB152422422222222222222222222222422222222222222222222222222222222222222222242444444444022222222222222222222224444222222222222222222222222222222124022020040441400000014000000140000001400000014000000_FLocalVertexFactory5897CEF715AB93237703E35F9ABEBB43E8E477D34224200000000064000040404040404040404040434343444443434343404040404040404040404343434040404044040404040404040404040404343434444434343434040404040404040404043434340404016101010101000424244444444444444424141414341414141413131414141444341444044444444444444414141414141414141434143414141414141414141414131314444414241444444414101010004443414341414141444444434341434444444404444444444444444444444444444444444444444444444444444444444444444444444444404010101010101010101010101010101010101010101010101210440444444232341414141414141414141414121301214141414141414140443434343444144444444444444440101010101010101010101010101301434143424141414244414130331313141444444442500000010000000100000001000000010000000100000001000000010000000100000001000000010000000100000001000000010000000100000001000000010000000100000001000000010000000100000001000000010000000100000001000000010000000250000001000000010000000100000001000000010000000100000001000000010000000100000001000000010000000100000001000000010000000100000001000000010000000100000001000000010000000100000001000000010000000100000001000000008000000080000000800000008000000080000000800000049000000100000000900000008000000100000001000000010000000260000001800000009000000090000000900000009000000090000000900000009000000090000000900000009000000090000000900000009000000090000000900000009000000090000000900000008000000080000000800000008000000080000000800000013000000100000000A0000001C00000009000000090000000900000009000000090000000900000009000000080000000800000008000000080000000800000008000000080000000D00000008000000DA39A3EE5E6B4B0D3255BFEF95601890AFD807090000000000000000000000000000000000000000, ShaderCompilation=18862.636719, RunGuid=RunID1C79A73A414D7D2E6B3A949852008D6F
MaterialTransactionId04AE25EE4E751E9E8AA277B012337D32_3, CacheKey=MATSM_4F0644619F9C48FF91E0D494C95EB050_PCD3D_SM5_5__BC5N_DEV_SL_NoDBuf_EARLYZ3A025BB8A4F020F0E82396C8AB477DCEC_Num_SM5__0___TBasePassVSFCachedVolumeIndirectLightingPolicyAtmosphericFog8B18AAF8F9198748E9489BA6EBEFA581D907D7CD2094224222222222222222222222224222222222222222222222222222222222222222222424444444440222222222222222222222244442222222222222222222222222222221240222224222222222222222222222222222222222222222222222222222222000044040000001400000014000000140000001400000014000000_TShadowDepthVSForGSVertexShadowDepth_PerspectiveCorrecttrue4B45B91074D2CFA7ACE4DE03393192218069847A170422422222222222222222222222422222222222222222222222222222222222222222242444444444022222222222222222222224444222222222222222222222222222222124022222222222222222222020040440000001400000014000000140000001400000014000000_TBasePassVSFCachedPointIndirectLightingPolicyAtmosphericFog8B18AAF8F9198748E9489BA6EBEFA581D907D7CD2094224222222222222222222222224222222222222222222222222222222222222222222424444444440222222222222222222222244442222222222222222222222222222221240222224222222222222222222222222222222222222222222222222222222000044040000001400000014000000140000001400000014000000_TShadowDepthPSPixelShadowDepth_NonPerspectiveCorrecttrueCAB07D2D95B9FDBA4D93434B857B7D78E9EF61F717742242222222222222222222222242222222222222222222222222222222222222222224244444444402222222222222222222222444422222222222222222222222222222212402222222222222222222222222222000044040000001400000014000000140000001400000014000000_TShadowDepthVSVertexShadowDepth_PerspectiveCorrecttrue4B45B91074D2CFA7ACE4DE03393192218069847A170422422222222222222222222222422222222222222222222222222222222222222222242444444444022222222222222222222224444222222222222222222222222222222124022222222222222222222020040440000001400000014000000140000001400000014000000_TBasePassPSFCachedVolumeIndirectLightingPolicySkylight8B95D470BB4BF92A5C22A48B60B9DA18A2BE42522144224222222222222222222222224222222222222222222222222222222222222222222424444444440222222222222222222222244442222222222222222222222222222221240222224222222222222222222222222222222222222222222222222222222222202004044001400000014000000140000001400000014000000_TShadowDepthPSPixelShadowDepth_PerspectiveCorrecttrueCAB07D2D95B9FDBA4D93434B857B7D78E9EF61F717742242222222222222222222222242222222222222222222222222222222222222222224244444444402222222222222222222222444422222222222222222222222222222212402222222222222222222222222222000044040000001400000014000000140000001400000014000000_TBasePassVSFSimpleDynamicLightingPolicyAtmosphericFog8B18AAF8F9198748E9489BA6EBEFA581D907D7CD2094224222222222222222222222224222222222222222222222222222222222222222222424444444440222222222222222222222244442222222222222222222222222222221240222224222222222222222222222222222222222222222222222222222222000044040000001400000014000000140000001400000014000000_TBasePassPSFCachedPointIndirectLightingPolicySkylight8B95D470BB4BF92A5C22A48B60B9DA18A2BE42522144224222222222222222222222224222222222222222222222222222222222222222222424444444440222222222222222222222244442222222222222222222222222222221240222224222222222222222222222222222222222222222222222222222222222202004044001400000014000000140000001400000014000000_TShadowDepthVSForGSVertexShadowDepth_OutputDepthtrue4B45B91074D2CFA7ACE4DE03393192218069847A170422422222222222222222222222422222222222222222222222222222222222222222242444444444022222222222222222222224444222222222222222222222222222222124022222222222222222222020040440000001400000014000000140000001400000014000000_TShadowDepthPSPixelShadowDepth_OnePassPointLighttrueCAB07D2D95B9FDBA4D93434B857B7D78E9EF61F717742242222222222222222222222242222222222222222222222222222222222222222224244444444402222222222222222222222444422222222222222222222222222222212402222222222222222222222222222000044040000001400000014000000140000001400000014000000_TShadowDepthVSVertexShadowDepth_OutputDepthtrue4B45B91074D2CFA7ACE4DE03393192218069847A170422422222222222222222222222422222222222222222222222222222222222222222242444444444022222222222222222222224444222222222222222222222222222222124022222222222222222222020040440000001400000014000000140000001400000014000000_TBasePassPSFSimpleDynamicLightingPolicySkylight8B95D470BB4BF92A5C22A48B60B9DA18A2BE42522144224222222222222222222222224222222222222222222222222222222222222222222424444444440222222222222222222222244442222222222222222222222222222221240222224222222222222222222222222222222222222222222222222222222222202004044001400000014000000140000001400000014000000_TBasePassVSFCachedVolumeIndirectLightingPolicy8B18AAF8F9198748E9489BA6EBEFA581D907D7CD2094224222222222222222222222224222222222222222222222222222222222222222222424444444440222222222222222222222244442222222222222222222222222222221240222224222222222222222222222222222222222222222222222222222222000044040000001400000014000000140000001400000014000000_TBasePassPSFCachedVolumeIndirectLightingPolicy8B95D470BB4BF92A5C22A48B60B9DA18A2BE42522144224222222222222222222222224222222222222222222222222222222222222222222424444444440222222222222222222222244442222222222222222222222222222221240222224222222222222222222222222222222222222222222222222222222222202004044001400000014000000140000001400000014000000_TBasePassVSFCachedPointIndirectLightingPolicy8B18AAF8F9198748E9489BA6EBEFA581D907D7CD2094224222222222222222222222224222222222222222222222222222222222222222222424444444440222222222222222222222244442222222222222222222222222222221240222224222222222222222222222222222222222222222222222222222222000044040000001400000014000000140000001400000014000000_TBasePassPSFCachedPointIndirectLightingPolicy8B95D470BB4BF92A5C22A48B60B9DA18A2BE42522144224222222222222222222222224222222222222222222222222222222222222222222424444444440222222222222222222222244442222222222222222222222222222221240222224222222222222222222222222222222222222222222222222222222222202004044001400000014000000140000001400000014000000_TBasePassVSFNoLightMapPolicyAtmosphericFog8B18AAF8F9198748E9489BA6EBEFA581D907D7CD2094224222222222222222222222224222222222222222222222222222222222222222222424444444440222222222222222222222244442222222222222222222222222222221240222224222222222222222222222222222222222222222222222222222222000044040000001400000014000000140000001400000014000000_TBasePassVSFSimpleDynamicLightingPolicy8B18AAF8F9198748E9489BA6EBEFA581D907D7CD2094224222222222222222222222224222222222222222222222222222222222222222222424444444440222222222222222222222244442222222222222222222222222222221240222224222222222222222222222222222222222222222222222222222222000044040000001400000014000000140000001400000014000000_TBasePassPSFSimpleDynamicLightingPolicy8B95D470BB4BF92A5C22A48B60B9DA18A2BE42522144224222222222222222222222224222222222222222222222222222222222222222222424444444440222222222222222222222244442222222222222222222222222222221240222224222222222222222222222222222222222222222222222222222222222202004044001400000014000000140000001400000014000000_TBasePassPSFNoLightMapPolicySkylight8B95D470BB4BF92A5C22A48B60B9DA18A2BE42522144224222222222222222222222224222222222222222222222222222222222222222222424444444440222222222222222222222244442222222222222222222222222222221240222224222222222222222222222222222222222222222222222222222222222202004044001400000014000000140000001400000014000000_TBasePassVSFNoLightMapPolicy8B18AAF8F9198748E9489BA6EBEFA581D907D7CD2094224222222222222222222222224222222222222222222222222222222222222222222424444444440222222222222222222222244442222222222222222222222222222221240222224222222222222222222222222222222222222222222222222222222000044040000001400000014000000140000001400000014000000_TBasePassPSFNoLightMapPolicy8B95D470BB4BF92A5C22A48B60B9DA18A2BE42522144224222222222222222222222224222222222222222222222222222222222222222222424444444440222222222222222222222244442222222222222222222222222222221240222224222222222222222222222222222222222222222222222222222222222202004044001400000014000000140000001400000014000000_FEvaluateSurfelMaterialCS6258113C2EBBF117ED7778A8D1717F7C4F99C7B816742242222222222222222222222242222222222222222222222222222222222222222224244444444402222222222222222222222444422222222222222222222222222222222222222222222222222220000440414000000140000001400000014000000_FConvertToUniformMeshVSE7DF727A12438F2D529D6604B0B1C022849CCFEB152422422222222222222222222222422222222222222222222222222222222222222222242444444444022222222222222222222224444222222222222222222222222222222124022020040441400000014000000140000001400000014000000_FConvertToUniformMeshGSE7DF727A12438F2D529D6604B0B1C022849CCFEB152422422222222222222222222222422222222222222222222222222222222222222222242444444444022222222222222222222224444222222222222222222222222222222124022020040441400000014000000140000001400000014000000_FLocalVertexFactory5897CEF715AB93237703E35F9ABEBB43E8E477D34224200000000064000040404040404040404040434343444443434343404040404040404040404343434040404044040404040404040404040404343434444434343434040404040404040404043434340404016101010101000424244444444444444424141414341414141413131414141444341444044444444444444414141414141414141434143414141414141414141414131314444414241444444414101010004443414341414141444444434341434444444404444444444444444444444444444444444444444444444444444444444444444444444444404010101010101010101010101010101010101010101010101210440444444232341414141414141414141414121301214141414141414140443434343444144444444444444440101010101010101010101010101301434143424141414244414130331313141444444442500000010000000100000001000000010000000100000001000000010000000100000001000000010000000100000001000000010000000100000001000000010000000100000001000000010000000100000001000000010000000100000001000000010000000250000001000000010000000100000001000000010000000100000001000000010000000100000001000000010000000100000001000000010000000100000001000000010000000100000001000000010000000100000001000000010000000100000001000000008000000080000000800000008000000080000000800000049000000100000000900000008000000100000001000000010000000260000001800000009000000090000000900000009000000090000000900000009000000090000000900000009000000090000000900000009000000090000000900000009000000090000000900000008000000080000000800000008000000080000000800000013000000100000000A0000001C00000009000000090000000900000009000000090000000900000009000000080000000800000008000000080000000800000008000000080000000D00000008000000DA39A3EE5E6B4B0D3255BFEF95601890AFD807090000000000000000000000000000000000000000, ShaderCompilation=24198.873047, RunGuid=RunID1C79A73A414D7D2E6B3A949852008D6F
DDCTransactionIdFC1C83824942CA647BFFB5A59F97735F_266, PutCachedData=, CacheKey=STATICMESH_37403C6FB9441A6992E4CB614156E6A_8C68575CEF434CA8A9E1DA4AED8A47BB_B7__AF68E3AAD3FB1F08CDA1D9AB1586BFAA26B908E5, StartTime=2016.04.01-22.31.08, HierarchicalDDC=, DataSize=178861, Duration=9.377867, RunGuid=RunID1C79A73A414D7D2E6B3A949852008D6F
DDCTransactionId01384B1C4332ED10C04FE18EC6345BDC_274, PutCachedData=, CacheKey=PhysX_1D9C17C451EA4FB88CB7A27536A65DB0_PhysXPC_B3AE31874CC541B59AFB5A9B5D05F73__106AB486772BBF1AE60C79BE600DB2B5ED68219E, StartTime=2016.04.01-22.31.08, HierarchicalDDC=, DataSize=53760, Duration=6.159511, RunGuid=RunID1C79A73A414D7D2E6B3A949852008D6F
DDCTransactionIdFC1C83824942CA647BFFB5A59F97735F_267, PutCachedData=, CacheKey=PhysX_1D9C17C451EA4FB88CB7A27536A65DB0_PhysXPC_02FF94E642A363C87A914F8DC6E9169__BD75FFCBD823DCBA3946EC9A6902CA0B490514FD, StartTime=2016.04.01-22.31.08, HierarchicalDDC=, DataSize=55452, Duration=9.702977, RunGuid=RunID1C79A73A414D7D2E6B3A949852008D6F
DDCTransactionId68054AEB4F62FC3D1507A6B3F900F123_5, BuildTexture=, CacheKey=TEXTURE_814DCC3DC72143F49509781513CB9855_AutoDXT_27CB409A4EA1961BBF5CB98F461B5665_07_0000803F0000803F0000803F000000000000803F00000000000000000000803F00000000000000000200000001000100000000000101000000040000803FFFFFFFFF00000000FF00FF00FFFF8180803B, StartTime=2016.04.01-22.31.13, Duration=5.126491, RunGuid=RunID1C79A73A414D7D2E6B3A949852008D6F
DDCTransactionId01384B1C4332ED10C04FE18EC6345BDC_275, PutCachedData=, CacheKey=TEXTURE_814DCC3DC72143F49509781513CB9855_AutoDXT_27CB409A4EA1961BBF5CB98F461B5__9207469843C0A84E7C6C4D7632CDF59515D7EBCC, StartTime=2016.04.01-22.31.13, HierarchicalDDC=, DataSize=16647, Duration=7.352889, RunGuid=RunID1C79A73A414D7D2E6B3A949852008D6F
DDCTransactionIdFC1C83824942CA647BFFB5A59F97735F_268, PutCachedData=, CacheKey=TEXTURE_814DCC3DC72143F49509781513CB9855_AutoDXT_27CB409A4EA1961BBF5CB98F461B5__EFCEB895414C1737EA808DDE646F5576988EABF6, StartTime=2016.04.01-22.31.13, HierarchicalDDC=, DataSize=6309, Duration=7.128980, RunGuid=RunID1C79A73A414D7D2E6B3A949852008D6F
DDCTransactionId01384B1C4332ED10C04FE18EC6345BDC_276, PutCachedData=, CacheKey=MATSM_4F0644619F9C48FF91E0D494C95EB050_PCD3D_SM5_5__BC5N_DEV_SL_NoDBuf_EARLYZ3__B30541A6E9C1772D7ABBFCE22D4A510B7223E6E2, StartTime=2016.04.01-22.31.17, HierarchicalDDC=, DataSize=98669, Duration=10.567333, RunGuid=RunID1C79A73A414D7D2E6B3A949852008D6F
DDCTransactionIdFC1C83824942CA647BFFB5A59F97735F_269, PutCachedData=, CacheKey=MATSM_4F0644619F9C48FF91E0D494C95EB050_PCD3D_SM5_5__BC5N_DEV_SL_NoDBuf_EARLYZ3__C03BCE9161F2641B0F0ADBA530C895FE33D33B7D, StartTime=2016.04.01-22.31.22, HierarchicalDDC=, DataSize=98669, Duration=8.678268, RunGuid=RunID1C79A73A414D7D2E6B3A949852008D6F
DDCTransactionIdFC1C83824942CA647BFFB5A59F97735F_270, PutCachedData=, CacheKey=MATSM_4F0644619F9C48FF91E0D494C95EB050_PCD3D_SM5_5__BC5N_DEV_SL_NoDBuf_EARLYZ3__C8FE439C0BADF831192CCC5C7F9F706A76DF3282, StartTime=2016.04.01-22.31.26, HierarchicalDDC=, DataSize=98669, Duration=11.004891, RunGuid=RunID1C79A73A414D7D2E6B3A949852008D6F
DDCTransactionIdFC1C83824942CA647BFFB5A59F97735F_271, PutCachedData=, CacheKey=MATSM_4F0644619F9C48FF91E0D494C95EB050_PCD3D_SM5_5__BC5N_DEV_SL_NoDBuf_EARLYZ3__B5D8DD2F5479DDAC53C93514AC1C0CB3FAF50E14, StartTime=2016.04.01-22.31.31, HierarchicalDDC=, DataSize=98669, Duration=6.998446, RunGuid=RunID1C79A73A414D7D2E6B3A949852008D6F
DDCTransactionIdFC1C83824942CA647BFFB5A59F97735F_272, PutCachedData=, CacheKey=PhysX_1D9C17C451EA4FB88CB7A27536A65DB0_PhysXPC_122BCD93482E48725E3668A0B2F4C19__16BDA70EC2D702B6BE40B726713F95BA2FBE0091, StartTime=2016.04.01-22.32.30, HierarchicalDDC=, DataSize=55452, Duration=6.622493, RunGuid=RunID1C79A73A414D7D2E6B3A949852008D6F
DDCTransactionId01384B1C4332ED10C04FE18EC6345BDC_277, PutCachedData=, CacheKey=PhysX_1D9C17C451EA4FB88CB7A27536A65DB0_PhysXPC_EF22567D4E18D00AAF509BA55CD05ED__B1924BE6B1490E3EC7A4F71DB42350ADB0A72919, StartTime=2016.04.01-22.32.30, HierarchicalDDC=, DataSize=55452, Duration=5.182221, RunGuid=RunID1C79A73A414D7D2E6B3A949852008D6F
DDCTransactionIdFC1C83824942CA647BFFB5A59F97735F_273, PutCachedData=, CacheKey=PhysX_1D9C17C451EA4FB88CB7A27536A65DB0_PhysXPC_8816017941F810BAAEE782951D03F65__AC0A022720088BB86F12A9E5494FF0BFE8865F1B, StartTime=2016.04.01-22.32.30, HierarchicalDDC=, DataSize=55452, Duration=4.841953, RunGuid=RunID1C79A73A414D7D2E6B3A949852008D6F
DDCTransactionId01384B1C4332ED10C04FE18EC6345BDC_278, PutCachedData=, CacheKey=PhysX_1D9C17C451EA4FB88CB7A27536A65DB0_PhysXPC_0508D45143FC1AF2FD85CDAC73AE3DB__14FA5F0955DDEE92FBB54AB7286A18FD7863B165, StartTime=2016.04.01-22.32.30, HierarchicalDDC=, DataSize=55452, Duration=5.047288, RunGuid=RunID1C79A73A414D7D2E6B3A949852008D6F
SavePackageTransactionIdE87FE6A84A7D0821D6E89BA899C87880_1, Filename=U:/GitHub/Portsmouth/Portsmouth/Saved/Autosaves/Game/Maps/portsmouth_test_Auto1.umap, AutoPackageBackupDelegate=43.961384, FlushAsyncLoading=0.016622, FlushStreamingFunc=0.255689, BlockTillAllRequestsFinished=0.013199, ResetLoadersForSaveUnMarkAllObjects=0.240535, TagPackageExports=19.347292, BeginCacheForCookedPlatformData=0.008799, SerializeImports=21.489601, GatherLocalizableTextData=229.935715, MarkNames=1.394801, SerializeSummary=0.036664, SerializeNames=0.628222, SerializeGatherableTextData=0.085067, BuildExportMap=0.813514, SortExportsNonSeekfree=15.871290, SortExportsSeekfreeConstructor=0.105601, SortExportsSeekfreeInner=85.771164, SortExportsSeekfree=0.009287, BuildDependencyMap=0.895645, SerializeImportMap=0.066489, SerializeExportMap=0.452708, SerializeDependencyMap=0.081643, SerializeStringAssetReferenceMap=0.004891, SaveThumbNailsAssetRegistryDataWorldLevelInfo=8.061778, SerializeExports=131.660736, SerializeBulkData=1186.540283, MoveFile=4.542269, UnaccountedTime=0.558313, RunGuid=RunID1C79A73A414D7D2E6B3A949852008D6F
DDCTransactionIdFC1C83824942CA647BFFB5A59F97735F_274, PutCachedData=, CacheKey=PhysXPC_FULL_5DF9E1AAB7CC4DCCB2965BA1A78DFE8_029911AC559AC9863184D2A84473B516, StartTime=2016.04.01-22.33.53, HierarchicalDDC=, DataSize=64618, Duration=0.180889, RunGuid=RunID1C79A73A414D7D2E6B3A949852008D6F
DDCTransactionId01384B1C4332ED10C04FE18EC6345BDC_279, PutCachedData=, CacheKey=PhysXPC_VIS_5DF9E1AAB7CC4DCCB2965BA1A78DFE8_9516F6A34DB15B214388B89E9BA5BDE1, StartTime=2016.04.01-22.33.53, HierarchicalDDC=, DataSize=64618, Duration=0.146180, RunGuid=RunID1C79A73A414D7D2E6B3A949852008D6F
DDCTransactionId01384B1C4332ED10C04FE18EC6345BDC_280, PutCachedData=, CacheKey=PhysXPC_FULL_5DF9E1AAB7CC4DCCB2965BA1A78DFE8_9C8D0A8544F19C40224BF0AF3384DE72, StartTime=2016.04.01-22.33.53, HierarchicalDDC=, DataSize=64618, Duration=0.143733, RunGuid=RunID1C79A73A414D7D2E6B3A949852008D6F
DDCTransactionIdFC1C83824942CA647BFFB5A59F97735F_275, PutCachedData=, CacheKey=PhysXPC_VIS_5DF9E1AAB7CC4DCCB2965BA1A78DFE8_A91E9474430C30EE2FEE49893BB2FEFC, StartTime=2016.04.01-22.33.53, HierarchicalDDC=, DataSize=64618, Duration=0.197999, RunGuid=RunID1C79A73A414D7D2E6B3A949852008D6F
DDCTransactionId01384B1C4332ED10C04FE18EC6345BDC_281, PutCachedData=, CacheKey=PhysXPC_FULL_5DF9E1AAB7CC4DCCB2965BA1A78DFE8_C679BE5AED7F585F23DC5A2B31A25D2D, StartTime=2016.04.01-22.33.53, HierarchicalDDC=, DataSize=64618, Duration=0.147644, RunGuid=RunID1C79A73A414D7D2E6B3A949852008D6F
DDCTransactionIdFC1C83824942CA647BFFB5A59F97735F_276, PutCachedData=, CacheKey=PhysXPC_VIS_5DF9E1AAB7CC4DCCB2965BA1A78DFE8_BB0C7D3B4B7721E7600AA381BE7C6856, StartTime=2016.04.01-22.33.53, HierarchicalDDC=, DataSize=64618, Duration=0.134934, RunGuid=RunID1C79A73A414D7D2E6B3A949852008D6F
DDCTransactionId01384B1C4332ED10C04FE18EC6345BDC_282, PutCachedData=, CacheKey=PhysXPC_FULL_5DF9E1AAB7CC4DCCB2965BA1A78DFE8_02E6AA65C9D3621EFFE0EEDB616BDBE6, StartTime=2016.04.01-22.33.53, HierarchicalDDC=, DataSize=64618, Duration=0.158887, RunGuid=RunID1C79A73A414D7D2E6B3A949852008D6F
DDCTransactionIdFC1C83824942CA647BFFB5A59F97735F_277, PutCachedData=, CacheKey=PhysXPC_VIS_5DF9E1AAB7CC4DCCB2965BA1A78DFE8_2E262307411A5AC79F6D1A92B1445837, StartTime=2016.04.01-22.33.53, HierarchicalDDC=, DataSize=64618, Duration=0.159379, RunGuid=RunID1C79A73A414D7D2E6B3A949852008D6F
DDCTransactionId01384B1C4332ED10C04FE18EC6345BDC_283, PutCachedData=, CacheKey=PhysXPC_FULL_5DF9E1AAB7CC4DCCB2965BA1A78DFE8_39778E8A7AA8B8924B680E4AB107F9D8, StartTime=2016.04.01-22.33.53, HierarchicalDDC=, DataSize=64618, Duration=0.154000, RunGuid=RunID1C79A73A414D7D2E6B3A949852008D6F
DDCTransactionIdFC1C83824942CA647BFFB5A59F97735F_278, PutCachedData=, CacheKey=PhysXPC_VIS_5DF9E1AAB7CC4DCCB2965BA1A78DFE8_28DF58294B13131FF034248FF5641F1F, StartTime=2016.04.01-22.33.53, HierarchicalDDC=, DataSize=64618, Duration=0.151556, RunGuid=RunID1C79A73A414D7D2E6B3A949852008D6F
DDCTransactionId01384B1C4332ED10C04FE18EC6345BDC_284, PutCachedData=, CacheKey=PhysXPC_FULL_5DF9E1AAB7CC4DCCB2965BA1A78DFE8_A9B07FCA844A32AD4862B33489726B61, StartTime=2016.04.01-22.33.53, HierarchicalDDC=, DataSize=64618, Duration=0.141289, RunGuid=RunID1C79A73A414D7D2E6B3A949852008D6F
DDCTransactionIdFC1C83824942CA647BFFB5A59F97735F_279, PutCachedData=, CacheKey=PhysXPC_VIS_5DF9E1AAB7CC4DCCB2965BA1A78DFE8_146AE911460F4D866F584AA7A6B41336, StartTime=2016.04.01-22.33.53, HierarchicalDDC=, DataSize=64618, Duration=0.146177, RunGuid=RunID1C79A73A414D7D2E6B3A949852008D6F
DDCTransactionId01384B1C4332ED10C04FE18EC6345BDC_285, PutCachedData=, CacheKey=PhysXPC_FULL_5DF9E1AAB7CC4DCCB2965BA1A78DFE8_0B5BA0F236962C850A2C2E9AC99FD4D2, StartTime=2016.04.01-22.33.53, HierarchicalDDC=, DataSize=64618, Duration=0.138354, RunGuid=RunID1C79A73A414D7D2E6B3A949852008D6F
DDCTransactionIdFC1C83824942CA647BFFB5A59F97735F_280, PutCachedData=, CacheKey=PhysXPC_VIS_5DF9E1AAB7CC4DCCB2965BA1A78DFE8_9411C8A54D221020525A3185153903AE, StartTime=2016.04.01-22.33.53, HierarchicalDDC=, DataSize=64618, Duration=0.139333, RunGuid=RunID1C79A73A414D7D2E6B3A949852008D6F
DDCTransactionId01384B1C4332ED10C04FE18EC6345BDC_286, PutCachedData=, CacheKey=PhysXPC_FULL_5DF9E1AAB7CC4DCCB2965BA1A78DFE8_65BC3626A2B893B4CC09D56110005D13, StartTime=2016.04.01-22.33.53, HierarchicalDDC=, DataSize=64618, Duration=0.158887, RunGuid=RunID1C79A73A414D7D2E6B3A949852008D6F
DDCTransactionIdFC1C83824942CA647BFFB5A59F97735F_281, PutCachedData=, CacheKey=PhysXPC_VIS_5DF9E1AAB7CC4DCCB2965BA1A78DFE8_2FB2991548CF3EEE8CB703BADB20F6B8, StartTime=2016.04.01-22.33.53, HierarchicalDDC=, DataSize=64618, Duration=0.138357, RunGuid=RunID1C79A73A414D7D2E6B3A949852008D6F
DDCTransactionId01384B1C4332ED10C04FE18EC6345BDC_287, PutCachedData=, CacheKey=PhysXPC_FULL_5DF9E1AAB7CC4DCCB2965BA1A78DFE8_DEB72C345CCA779CC48812BB92026FC4, StartTime=2016.04.01-22.33.53, HierarchicalDDC=, DataSize=64618, Duration=0.139333, RunGuid=RunID1C79A73A414D7D2E6B3A949852008D6F
DDCTransactionIdFC1C83824942CA647BFFB5A59F97735F_282, PutCachedData=, CacheKey=PhysXPC_VIS_5DF9E1AAB7CC4DCCB2965BA1A78DFE8_2363DA7B42C82A09C876A19DB7E10854, StartTime=2016.04.01-22.33.53, HierarchicalDDC=, DataSize=64618, Duration=0.172090, RunGuid=RunID1C79A73A414D7D2E6B3A949852008D6F
DDCTransactionId01384B1C4332ED10C04FE18EC6345BDC_288, PutCachedData=, CacheKey=PhysXPC_FULL_5DF9E1AAB7CC4DCCB2965BA1A78DFE8_54AC5697D51BF3FAAD3E0A78B191114D, StartTime=2016.04.01-22.33.53, HierarchicalDDC=, DataSize=64618, Duration=0.157423, RunGuid=RunID1C79A73A414D7D2E6B3A949852008D6F
DDCTransactionIdFC1C83824942CA647BFFB5A59F97735F_283, PutCachedData=, CacheKey=PhysXPC_VIS_5DF9E1AAB7CC4DCCB2965BA1A78DFE8_5DFA1BBC44E03C70A7A9EABCE06579E6, StartTime=2016.04.01-22.33.53, HierarchicalDDC=, DataSize=64618, Duration=0.147644, RunGuid=RunID1C79A73A414D7D2E6B3A949852008D6F
DDCTransactionId01384B1C4332ED10C04FE18EC6345BDC_289, PutCachedData=, CacheKey=PhysXPC_FULL_5DF9E1AAB7CC4DCCB2965BA1A78DFE8_FF128C01A60F59948FB94F749DFD1E0E, StartTime=2016.04.01-22.33.53, HierarchicalDDC=, DataSize=64618, Duration=0.138845, RunGuid=RunID1C79A73A414D7D2E6B3A949852008D6F
DDCTransactionIdFC1C83824942CA647BFFB5A59F97735F_284, PutCachedData=, CacheKey=PhysXPC_VIS_5DF9E1AAB7CC4DCCB2965BA1A78DFE8_E0A2BB2141A9BECA987CF2965F2E898D, StartTime=2016.04.01-22.33.53, HierarchicalDDC=, DataSize=64618, Duration=0.137378, RunGuid=RunID1C79A73A414D7D2E6B3A949852008D6F
DDCTransactionId01384B1C4332ED10C04FE18EC6345BDC_290, PutCachedData=, CacheKey=PhysXPC_FULL_5DF9E1AAB7CC4DCCB2965BA1A78DFE8_9314DD627AF238D4810A69CE0ECFCCD2, StartTime=2016.04.01-22.33.53, HierarchicalDDC=, DataSize=64618, Duration=0.138357, RunGuid=RunID1C79A73A414D7D2E6B3A949852008D6F
DDCTransactionIdFC1C83824942CA647BFFB5A59F97735F_285, PutCachedData=, CacheKey=PhysXPC_VIS_5DF9E1AAB7CC4DCCB2965BA1A78DFE8_778B2FB149287F27ECF2B2A529693BE3, StartTime=2016.04.01-22.33.53, HierarchicalDDC=, DataSize=64618, Duration=0.136890, RunGuid=RunID1C79A73A414D7D2E6B3A949852008D6F
DDCTransactionId01384B1C4332ED10C04FE18EC6345BDC_291, PutCachedData=, CacheKey=PhysXPC_FULL_5DF9E1AAB7CC4DCCB2965BA1A78DFE8_39166B28A2C6A47EFBE447B0364F1E89, StartTime=2016.04.01-22.33.53, HierarchicalDDC=, DataSize=64618, Duration=0.139333, RunGuid=RunID1C79A73A414D7D2E6B3A949852008D6F
DDCTransactionIdFC1C83824942CA647BFFB5A59F97735F_286, PutCachedData=, CacheKey=PhysXPC_VIS_5DF9E1AAB7CC4DCCB2965BA1A78DFE8_0628C3374F6A0EEC56A56D8FA51312BA, StartTime=2016.04.01-22.33.53, HierarchicalDDC=, DataSize=64618, Duration=0.138357, RunGuid=RunID1C79A73A414D7D2E6B3A949852008D6F
DDCTransactionId01384B1C4332ED10C04FE18EC6345BDC_292, PutCachedData=, CacheKey=PhysXPC_FULL_5DF9E1AAB7CC4DCCB2965BA1A78DFE8_78F3B15540F35AB6B3F16855F9C2ACEB, StartTime=2016.04.01-22.33.53, HierarchicalDDC=, DataSize=64618, Duration=0.144709, RunGuid=RunID1C79A73A414D7D2E6B3A949852008D6F
DDCTransactionIdFC1C83824942CA647BFFB5A59F97735F_287, PutCachedData=, CacheKey=PhysXPC_VIS_5DF9E1AAB7CC4DCCB2965BA1A78DFE8_87C7B5AD437E11EA0822C190383E1A91, StartTime=2016.04.01-22.33.53, HierarchicalDDC=, DataSize=64618, Duration=0.138845, RunGuid=RunID1C79A73A414D7D2E6B3A949852008D6F
DDCTransactionId01384B1C4332ED10C04FE18EC6345BDC_293, PutCachedData=, CacheKey=PhysXPC_FULL_5DF9E1AAB7CC4DCCB2965BA1A78DFE8_E30E8EDBAA8CE665A925841A5C70B4D3, StartTime=2016.04.01-22.33.53, HierarchicalDDC=, DataSize=64618, Duration=0.138354, RunGuid=RunID1C79A73A414D7D2E6B3A949852008D6F
DDCTransactionIdFC1C83824942CA647BFFB5A59F97735F_288, PutCachedData=, CacheKey=PhysXPC_VIS_5DF9E1AAB7CC4DCCB2965BA1A78DFE8_DF22358B4383626516D9A1ADB65333C9, StartTime=2016.04.01-22.33.53, HierarchicalDDC=, DataSize=64618, Duration=0.139333, RunGuid=RunID1C79A73A414D7D2E6B3A949852008D6F
DDCTransactionId01384B1C4332ED10C04FE18EC6345BDC_294, PutCachedData=, CacheKey=PhysXPC_FULL_5DF9E1AAB7CC4DCCB2965BA1A78DFE8_B94EFD10E5C250E3B71347A9442C02E4, StartTime=2016.04.01-22.33.53, HierarchicalDDC=, DataSize=64618, Duration=0.137378, RunGuid=RunID1C79A73A414D7D2E6B3A949852008D6F
DDCTransactionIdFC1C83824942CA647BFFB5A59F97735F_289, PutCachedData=, CacheKey=PhysXPC_VIS_5DF9E1AAB7CC4DCCB2965BA1A78DFE8_64DF1C21492690468A259E99275FC411, StartTime=2016.04.01-22.33.53, HierarchicalDDC=, DataSize=64618, Duration=0.135910, RunGuid=RunID1C79A73A414D7D2E6B3A949852008D6F
DDCTransactionId01384B1C4332ED10C04FE18EC6345BDC_295, PutCachedData=, CacheKey=PhysXPC_FULL_5DF9E1AAB7CC4DCCB2965BA1A78DFE8_9A752A812FD26532479C7DFC27F71340, StartTime=2016.04.01-22.33.53, HierarchicalDDC=, DataSize=64618, Duration=0.135913, RunGuid=RunID1C79A73A414D7D2E6B3A949852008D6F
DDCTransactionIdFC1C83824942CA647BFFB5A59F97735F_290, PutCachedData=, CacheKey=PhysXPC_VIS_5DF9E1AAB7CC4DCCB2965BA1A78DFE8_C06E037C49687CD674595E8C52A8D44A, StartTime=2016.04.01-22.33.53, HierarchicalDDC=, DataSize=64618, Duration=0.135425, RunGuid=RunID1C79A73A414D7D2E6B3A949852008D6F
DDCTransactionId01384B1C4332ED10C04FE18EC6345BDC_296, PutCachedData=, CacheKey=PhysXPC_FULL_5DF9E1AAB7CC4DCCB2965BA1A78DFE8_E95F088D1B43CA603267F72349DB1B1E, StartTime=2016.04.01-22.33.53, HierarchicalDDC=, DataSize=64618, Duration=0.144713, RunGuid=RunID1C79A73A414D7D2E6B3A949852008D6F
DDCTransactionIdFC1C83824942CA647BFFB5A59F97735F_291, PutCachedData=, CacheKey=PhysXPC_VIS_5DF9E1AAB7CC4DCCB2965BA1A78DFE8_887FC0744D37F564F14F9BAB5C93DB63, StartTime=2016.04.01-22.33.53, HierarchicalDDC=, DataSize=64618, Duration=0.294313, RunGuid=RunID1C79A73A414D7D2E6B3A949852008D6F
DDCTransactionId01384B1C4332ED10C04FE18EC6345BDC_297, PutCachedData=, CacheKey=PhysXPC_FULL_5DF9E1AAB7CC4DCCB2965BA1A78DFE8_E39563A89094BCF42FA60EB45C629CC7, StartTime=2016.04.01-22.33.53, HierarchicalDDC=, DataSize=64618, Duration=0.161331, RunGuid=RunID1C79A73A414D7D2E6B3A949852008D6F
DDCTransactionIdFC1C83824942CA647BFFB5A59F97735F_292, PutCachedData=, CacheKey=PhysXPC_VIS_5DF9E1AAB7CC4DCCB2965BA1A78DFE8_C273A1654368FCE42BF088B681944CC1, StartTime=2016.04.01-22.33.53, HierarchicalDDC=, DataSize=64618, Duration=0.147644, RunGuid=RunID1C79A73A414D7D2E6B3A949852008D6F
DDCTransactionId01384B1C4332ED10C04FE18EC6345BDC_298, PutCachedData=, CacheKey=PhysXPC_FULL_5DF9E1AAB7CC4DCCB2965BA1A78DFE8_B432573DECDF045380693DDF6F2F99A3, StartTime=2016.04.01-22.33.53, HierarchicalDDC=, DataSize=64618, Duration=0.147153, RunGuid=RunID1C79A73A414D7D2E6B3A949852008D6F
DDCTransactionIdFC1C83824942CA647BFFB5A59F97735F_293, PutCachedData=, CacheKey=PhysXPC_VIS_5DF9E1AAB7CC4DCCB2965BA1A78DFE8_17B4ADCD47ADF67AB1A62595C3769F8B, StartTime=2016.04.01-22.33.53, HierarchicalDDC=, DataSize=64618, Duration=0.249330, RunGuid=RunID1C79A73A414D7D2E6B3A949852008D6F
DDCTransactionId01384B1C4332ED10C04FE18EC6345BDC_299, PutCachedData=, CacheKey=PhysXPC_FULL_5DF9E1AAB7CC4DCCB2965BA1A78DFE8_30E9738DA2370533C6AF5490B469340E, StartTime=2016.04.01-22.33.53, HierarchicalDDC=, DataSize=64618, Duration=0.112444, RunGuid=RunID1C79A73A414D7D2E6B3A949852008D6F
DDCTransactionIdFC1C83824942CA647BFFB5A59F97735F_294, PutCachedData=, CacheKey=PhysXPC_VIS_5DF9E1AAB7CC4DCCB2965BA1A78DFE8_60EB72B3442A02CF319D47A6DFF9BC3B, StartTime=2016.04.01-22.33.53, HierarchicalDDC=, DataSize=64618, Duration=0.173558, RunGuid=RunID1C79A73A414D7D2E6B3A949852008D6F
DDCTransactionId01384B1C4332ED10C04FE18EC6345BDC_300, PutCachedData=, CacheKey=PhysXPC_FULL_5DF9E1AAB7CC4DCCB2965BA1A78DFE8_B7100610AE358BAF02D35E45BB275DA6, StartTime=2016.04.01-22.33.53, HierarchicalDDC=, DataSize=64618, Duration=0.119779, RunGuid=RunID1C79A73A414D7D2E6B3A949852008D6F
DDCTransactionId01384B1C4332ED10C04FE18EC6345BDC_301, PutCachedData=, CacheKey=PhysXPC_VIS_5DF9E1AAB7CC4DCCB2965BA1A78DFE8_6F843AAD47AACAA8A0D29BB8DA51B397, StartTime=2016.04.01-22.33.53, HierarchicalDDC=, DataSize=64618, Duration=0.119779, RunGuid=RunID1C79A73A414D7D2E6B3A949852008D6F
DDCTransactionIdFC1C83824942CA647BFFB5A59F97735F_295, PutCachedData=, CacheKey=PhysXPC_FULL_5DF9E1AAB7CC4DCCB2965BA1A78DFE8_5E631D6DE2B880394ED5FAC854921949, StartTime=2016.04.01-22.33.53, HierarchicalDDC=, DataSize=64618, Duration=0.155468, RunGuid=RunID1C79A73A414D7D2E6B3A949852008D6F
DDCTransactionId01384B1C4332ED10C04FE18EC6345BDC_302, PutCachedData=, CacheKey=PhysXPC_VIS_5DF9E1AAB7CC4DCCB2965BA1A78DFE8_BF1A7C6A4E3A17C1B01A7BB0477FE420, StartTime=2016.04.01-22.33.53, HierarchicalDDC=, DataSize=64618, Duration=0.122711, RunGuid=RunID1C79A73A414D7D2E6B3A949852008D6F
DDCTransactionIdFC1C83824942CA647BFFB5A59F97735F_296, PutCachedData=, CacheKey=PhysXPC_FULL_5DF9E1AAB7CC4DCCB2965BA1A78DFE8_13699F0A6FE6884106BD9490D342F021, StartTime=2016.04.01-22.33.53, HierarchicalDDC=, DataSize=64618, Duration=0.141781, RunGuid=RunID1C79A73A414D7D2E6B3A949852008D6F
DDCTransactionId01384B1C4332ED10C04FE18EC6345BDC_303, PutCachedData=, CacheKey=PhysXPC_VIS_5DF9E1AAB7CC4DCCB2965BA1A78DFE8_8ADCDE9D4388F09EE83C8BA27B229F53, StartTime=2016.04.01-22.33.53, HierarchicalDDC=, DataSize=64618, Duration=0.118800, RunGuid=RunID1C79A73A414D7D2E6B3A949852008D6F
DDCTransactionIdFC1C83824942CA647BFFB5A59F97735F_297, PutCachedData=, CacheKey=PhysXPC_FULL_5DF9E1AAB7CC4DCCB2965BA1A78DFE8_E9FA26E856D8CE68466C38431A7AE897, StartTime=2016.04.01-22.33.53, HierarchicalDDC=, DataSize=64618, Duration=0.156935, RunGuid=RunID1C79A73A414D7D2E6B3A949852008D6F
DDCTransactionId01384B1C4332ED10C04FE18EC6345BDC_304, PutCachedData=, CacheKey=PhysXPC_VIS_5DF9E1AAB7CC4DCCB2965BA1A78DFE8_E608979C481AF53ED005ECBB41960F43, StartTime=2016.04.01-22.33.53, HierarchicalDDC=, DataSize=64618, Duration=0.131510, RunGuid=RunID1C79A73A414D7D2E6B3A949852008D6F
DDCTransactionIdFC1C83824942CA647BFFB5A59F97735F_298, PutCachedData=, CacheKey=PhysXPC_FULL_5DF9E1AAB7CC4DCCB2965BA1A78DFE8_62A66DF2E83F4FA4CBD56849983F36BE, StartTime=2016.04.01-22.33.53, HierarchicalDDC=, DataSize=64618, Duration=0.146668, RunGuid=RunID1C79A73A414D7D2E6B3A949852008D6F
DDCTransactionId01384B1C4332ED10C04FE18EC6345BDC_305, PutCachedData=, CacheKey=PhysXPC_VIS_5DF9E1AAB7CC4DCCB2965BA1A78DFE8_592B7CD94ADF4F7FC02557984B2C2C8B, StartTime=2016.04.01-22.33.53, HierarchicalDDC=, DataSize=64618, Duration=0.126135, RunGuid=RunID1C79A73A414D7D2E6B3A949852008D6F
DDCTransactionId01384B1C4332ED10C04FE18EC6345BDC_306, PutCachedData=, CacheKey=PhysXPC_FULL_5DF9E1AAB7CC4DCCB2965BA1A78DFE8_B43E0F5718BD37078AE4C108C0D2ADC4, StartTime=2016.04.01-22.33.53, HierarchicalDDC=, DataSize=64618, Duration=0.138842, RunGuid=RunID1C79A73A414D7D2E6B3A949852008D6F
DDCTransactionIdFC1C83824942CA647BFFB5A59F97735F_299, PutCachedData=, CacheKey=PhysXPC_VIS_5DF9E1AAB7CC4DCCB2965BA1A78DFE8_979936B34F7124D21D91A0837E882313, StartTime=2016.04.01-22.33.53, HierarchicalDDC=, DataSize=64618, Duration=0.151556, RunGuid=RunID1C79A73A414D7D2E6B3A949852008D6F
DDCTransactionIdFC1C83824942CA647BFFB5A59F97735F_300, PutCachedData=, CacheKey=PhysXPC_FULL_5DF9E1AAB7CC4DCCB2965BA1A78DFE8_92307ECA82A3486EB4097DF748F8529C, StartTime=2016.04.01-22.33.53, HierarchicalDDC=, DataSize=64618, Duration=0.170134, RunGuid=RunID1C79A73A414D7D2E6B3A949852008D6F
DDCTransactionId01384B1C4332ED10C04FE18EC6345BDC_307, PutCachedData=, CacheKey=PhysXPC_VIS_5DF9E1AAB7CC4DCCB2965BA1A78DFE8_7E54FFF745B4BC1C0FC809B34F0A3441, StartTime=2016.04.01-22.33.53, HierarchicalDDC=, DataSize=64618, Duration=0.176489, RunGuid=RunID1C79A73A414D7D2E6B3A949852008D6F
DDCTransactionIdFC1C83824942CA647BFFB5A59F97735F_301, PutCachedData=, CacheKey=PhysXPC_FULL_5DF9E1AAB7CC4DCCB2965BA1A78DFE8_592E14B5DB1721B6D19237D40565D8EB, StartTime=2016.04.01-22.33.53, HierarchicalDDC=, DataSize=64618, Duration=0.154000, RunGuid=RunID1C79A73A414D7D2E6B3A949852008D6F
DDCTransactionId01384B1C4332ED10C04FE18EC6345BDC_308, PutCachedData=, CacheKey=PhysXPC_VIS_5DF9E1AAB7CC4DCCB2965BA1A78DFE8_48CEF72846156D15DC94788CD45F2963, StartTime=2016.04.01-22.33.53, HierarchicalDDC=, DataSize=64618, Duration=0.176001, RunGuid=RunID1C79A73A414D7D2E6B3A949852008D6F
DDCTransactionIdFC1C83824942CA647BFFB5A59F97735F_302, PutCachedData=, CacheKey=PhysXPC_FULL_5DF9E1AAB7CC4DCCB2965BA1A78DFE8_078BA58E989537084B280029107218A9, StartTime=2016.04.01-22.33.53, HierarchicalDDC=, DataSize=64618, Duration=0.267908, RunGuid=RunID1C79A73A414D7D2E6B3A949852008D6F
DDCTransactionId01384B1C4332ED10C04FE18EC6345BDC_309, PutCachedData=, CacheKey=PhysXPC_VIS_5DF9E1AAB7CC4DCCB2965BA1A78DFE8_1AA1E492446878404BB61A96D0DA13B2, StartTime=2016.04.01-22.33.53, HierarchicalDDC=, DataSize=64618, Duration=0.167202, RunGuid=RunID1C79A73A414D7D2E6B3A949852008D6F
DDCTransactionId01384B1C4332ED10C04FE18EC6345BDC_310, PutCachedData=, CacheKey=PhysXPC_FULL_5DF9E1AAB7CC4DCCB2965BA1A78DFE8_7A3FCC408A3929C31763407129F4AFBD, StartTime=2016.04.01-22.33.53, HierarchicalDDC=, DataSize=64618, Duration=0.162803, RunGuid=RunID1C79A73A414D7D2E6B3A949852008D6F
DDCTransactionIdFC1C83824942CA647BFFB5A59F97735F_303, PutCachedData=, CacheKey=PhysXPC_VIS_5DF9E1AAB7CC4DCCB2965BA1A78DFE8_15719D9F4CDB9E845D19ED8CA56F126F, StartTime=2016.04.01-22.33.53, HierarchicalDDC=, DataSize=64618, Duration=0.166222, RunGuid=RunID1C79A73A414D7D2E6B3A949852008D6F
DDCTransactionId01384B1C4332ED10C04FE18EC6345BDC_311, PutCachedData=, CacheKey=PhysXPC_FULL_5DF9E1AAB7CC4DCCB2965BA1A78DFE8_87B888C9D37D3A90A930F158494A5B9C, StartTime=2016.04.01-22.33.53, HierarchicalDDC=, DataSize=64618, Duration=0.163779, RunGuid=RunID1C79A73A414D7D2E6B3A949852008D6F
DDCTransactionIdFC1C83824942CA647BFFB5A59F97735F_304, PutCachedData=, CacheKey=PhysXPC_VIS_5DF9E1AAB7CC4DCCB2965BA1A78DFE8_0EDE3293447E97D114161F8D1D1B6AC3, StartTime=2016.04.01-22.33.53, HierarchicalDDC=, DataSize=64618, Duration=0.168178, RunGuid=RunID1C79A73A414D7D2E6B3A949852008D6F
DDCTransactionId01384B1C4332ED10C04FE18EC6345BDC_312, PutCachedData=, CacheKey=PhysXPC_FULL_5DF9E1AAB7CC4DCCB2965BA1A78DFE8_A086BACAA139954F42FC70A129BD4607, StartTime=2016.04.01-22.33.53, HierarchicalDDC=, DataSize=64618, Duration=0.176001, RunGuid=RunID1C79A73A414D7D2E6B3A949852008D6F
DDCTransactionIdFC1C83824942CA647BFFB5A59F97735F_305, PutCachedData=, CacheKey=PhysXPC_VIS_5DF9E1AAB7CC4DCCB2965BA1A78DFE8_1691F9E147EEE1BAFFAA4C8D1E44A925, StartTime=2016.04.01-22.33.53, HierarchicalDDC=, DataSize=64618, Duration=0.185780, RunGuid=RunID1C79A73A414D7D2E6B3A949852008D6F
DDCTransactionId01384B1C4332ED10C04FE18EC6345BDC_313, PutCachedData=, CacheKey=PhysXPC_FULL_5DF9E1AAB7CC4DCCB2965BA1A78DFE8_31C8901B89562AB2D1AC462D5E382B0A, StartTime=2016.04.01-22.33.53, HierarchicalDDC=, DataSize=64618, Duration=0.165731, RunGuid=RunID1C79A73A414D7D2E6B3A949852008D6F
DDCTransactionIdFC1C83824942CA647BFFB5A59F97735F_306, PutCachedData=, CacheKey=PhysXPC_VIS_5DF9E1AAB7CC4DCCB2965BA1A78DFE8_A29F2EBF433ED80864F9D18B4045885E, StartTime=2016.04.01-22.33.53, HierarchicalDDC=, DataSize=64618, Duration=0.178445, RunGuid=RunID1C79A73A414D7D2E6B3A949852008D6F
DDCTransactionId01384B1C4332ED10C04FE18EC6345BDC_314, PutCachedData=, CacheKey=PhysXPC_FULL_5DF9E1AAB7CC4DCCB2965BA1A78DFE8_7FD964787BD7E05A9DCC24196CA880F0, StartTime=2016.04.01-22.33.53, HierarchicalDDC=, DataSize=64618, Duration=0.162311, RunGuid=RunID1C79A73A414D7D2E6B3A949852008D6F
DDCTransactionIdFC1C83824942CA647BFFB5A59F97735F_307, PutCachedData=, CacheKey=PhysXPC_VIS_5DF9E1AAB7CC4DCCB2965BA1A78DFE8_2E3584DA4F0E850A723CFDB8E849E506, StartTime=2016.04.01-22.33.53, HierarchicalDDC=, DataSize=64618, Duration=0.141781, RunGuid=RunID1C79A73A414D7D2E6B3A949852008D6F
DDCTransactionId01384B1C4332ED10C04FE18EC6345BDC_315, PutCachedData=, CacheKey=PhysXPC_FULL_5DF9E1AAB7CC4DCCB2965BA1A78DFE8_9A27FDCE409F6A4CD892A4AAD34FE2B1, StartTime=2016.04.01-22.33.53, HierarchicalDDC=, DataSize=64618, Duration=0.165731, RunGuid=RunID1C79A73A414D7D2E6B3A949852008D6F
DDCTransactionId01384B1C4332ED10C04FE18EC6345BDC_316, PutCachedData=, CacheKey=PhysXPC_VIS_5DF9E1AAB7CC4DCCB2965BA1A78DFE8_9C2040F5453B2355A6EE16BB8C48126B, StartTime=2016.04.01-22.33.53, HierarchicalDDC=, DataSize=64618, Duration=0.159867, RunGuid=RunID1C79A73A414D7D2E6B3A949852008D6F
DDCTransactionIdFC1C83824942CA647BFFB5A59F97735F_308, PutCachedData=, CacheKey=PhysXPC_FULL_5DF9E1AAB7CC4DCCB2965BA1A78DFE8_0FB8C1D44B1247CAEC57A11A544A9D24, StartTime=2016.04.01-22.33.53, HierarchicalDDC=, DataSize=64618, Duration=0.181865, RunGuid=RunID1C79A73A414D7D2E6B3A949852008D6F
DDCTransactionId01384B1C4332ED10C04FE18EC6345BDC_317, PutCachedData=, CacheKey=PhysXPC_VIS_5DF9E1AAB7CC4DCCB2965BA1A78DFE8_A9C0EA4B4DFA8AF9A0A08DA13920284A, StartTime=2016.04.01-22.33.53, HierarchicalDDC=, DataSize=64618, Duration=0.197023, RunGuid=RunID1C79A73A414D7D2E6B3A949852008D6F
DDCTransactionIdFC1C83824942CA647BFFB5A59F97735F_309, PutCachedData=, CacheKey=PhysXPC_FULL_5DF9E1AAB7CC4DCCB2965BA1A78DFE8_7FEDB41317805ED746FC568D51E046BC, StartTime=2016.04.01-22.33.53, HierarchicalDDC=, DataSize=64618, Duration=0.136402, RunGuid=RunID1C79A73A414D7D2E6B3A949852008D6F
DDCTransactionId01384B1C4332ED10C04FE18EC6345BDC_318, PutCachedData=, CacheKey=PhysXPC_VIS_5DF9E1AAB7CC4DCCB2965BA1A78DFE8_9DB8840F423D83B81F1B929E2CBB0016, StartTime=2016.04.01-22.33.53, HierarchicalDDC=, DataSize=64618, Duration=0.144713, RunGuid=RunID1C79A73A414D7D2E6B3A949852008D6F
DDCTransactionIdFC1C83824942CA647BFFB5A59F97735F_310, PutCachedData=, CacheKey=PhysXPC_FULL_5DF9E1AAB7CC4DCCB2965BA1A78DFE8_A2FAE016E839CD6E48E8AFC3B7516023, StartTime=2016.04.01-22.33.53, HierarchicalDDC=, DataSize=64618, Duration=0.140309, RunGuid=RunID1C79A73A414D7D2E6B3A949852008D6F
DDCTransactionId01384B1C4332ED10C04FE18EC6345BDC_319, PutCachedData=, CacheKey=PhysXPC_VIS_5DF9E1AAB7CC4DCCB2965BA1A78DFE8_CC4EB9114D3F7DE4A989449B5F68F1A5, StartTime=2016.04.01-22.33.53, HierarchicalDDC=, DataSize=64618, Duration=0.152044, RunGuid=RunID1C79A73A414D7D2E6B3A949852008D6F
DDCTransactionIdFC1C83824942CA647BFFB5A59F97735F_311, PutCachedData=, CacheKey=PhysXPC_FULL_5DF9E1AAB7CC4DCCB2965BA1A78DFE8_D9F3F2A934DA0D4DB2CF977EA383DE36, StartTime=2016.04.01-22.33.53, HierarchicalDDC=, DataSize=64618, Duration=0.182357, RunGuid=RunID1C79A73A414D7D2E6B3A949852008D6F
DDCTransactionId01384B1C4332ED10C04FE18EC6345BDC_320, PutCachedData=, CacheKey=PhysXPC_VIS_5DF9E1AAB7CC4DCCB2965BA1A78DFE8_EDC0F2754BE9C6BA6E1D3E888950D57D, StartTime=2016.04.01-22.33.53, HierarchicalDDC=, DataSize=64618, Duration=0.163779, RunGuid=RunID1C79A73A414D7D2E6B3A949852008D6F
DDCTransactionIdFC1C83824942CA647BFFB5A59F97735F_312, PutCachedData=, CacheKey=PhysXPC_FULL_5DF9E1AAB7CC4DCCB2965BA1A78DFE8_B590CB818FCE8944B0488571582FEDC0, StartTime=2016.04.01-22.33.53, HierarchicalDDC=, DataSize=64618, Duration=0.157911, RunGuid=RunID1C79A73A414D7D2E6B3A949852008D6F
DDCTransactionId01384B1C4332ED10C04FE18EC6345BDC_321, PutCachedData=, CacheKey=PhysXPC_VIS_5DF9E1AAB7CC4DCCB2965BA1A78DFE8_BCDF74354CC185E29C30FA84427D5441, StartTime=2016.04.01-22.33.53, HierarchicalDDC=, DataSize=64618, Duration=0.162311, RunGuid=RunID1C79A73A414D7D2E6B3A949852008D6F
DDCTransactionIdFC1C83824942CA647BFFB5A59F97735F_313, PutCachedData=, CacheKey=PhysXPC_FULL_5DF9E1AAB7CC4DCCB2965BA1A78DFE8_8CFE91808E16D673E37B7C76011E5549, StartTime=2016.04.01-22.33.53, HierarchicalDDC=, DataSize=64618, Duration=0.162311, RunGuid=RunID1C79A73A414D7D2E6B3A949852008D6F
DDCTransactionId01384B1C4332ED10C04FE18EC6345BDC_322, PutCachedData=, CacheKey=PhysXPC_VIS_5DF9E1AAB7CC4DCCB2965BA1A78DFE8_348CC6434E9F5D720C311D9855F59E3C, StartTime=2016.04.01-22.33.53, HierarchicalDDC=, DataSize=64618, Duration=0.154976, RunGuid=RunID1C79A73A414D7D2E6B3A949852008D6F
DDCTransactionIdFC1C83824942CA647BFFB5A59F97735F_314, PutCachedData=, CacheKey=PhysXPC_FULL_5DF9E1AAB7CC4DCCB2965BA1A78DFE8_CC884B8E42F2657B5540F5BA9C842554, StartTime=2016.04.01-22.33.53, HierarchicalDDC=, DataSize=64618, Duration=0.189200, RunGuid=RunID1C79A73A414D7D2E6B3A949852008D6F
DDCTransactionId01384B1C4332ED10C04FE18EC6345BDC_323, PutCachedData=, CacheKey=PhysXPC_VIS_5DF9E1AAB7CC4DCCB2965BA1A78DFE8_FF4A87ED4A7FFEA8D70DF48E8237C5ED, StartTime=2016.04.01-22.33.53, HierarchicalDDC=, DataSize=64618, Duration=0.222445, RunGuid=RunID1C79A73A414D7D2E6B3A949852008D6F
DDCTransactionIdFC1C83824942CA647BFFB5A59F97735F_315, PutCachedData=, CacheKey=PhysXPC_FULL_5DF9E1AAB7CC4DCCB2965BA1A78DFE8_29C71C25D5E19C452F5686300522AC94, StartTime=2016.04.01-22.33.53, HierarchicalDDC=, DataSize=64618, Duration=0.161335, RunGuid=RunID1C79A73A414D7D2E6B3A949852008D6F
DDCTransactionId01384B1C4332ED10C04FE18EC6345BDC_324, PutCachedData=, CacheKey=PhysXPC_VIS_5DF9E1AAB7CC4DCCB2965BA1A78DFE8_EB18C24F400938F9505F658E7D3B015E, StartTime=2016.04.01-22.33.53, HierarchicalDDC=, DataSize=64618, Duration=0.224397, RunGuid=RunID1C79A73A414D7D2E6B3A949852008D6F
DDCTransactionIdFC1C83824942CA647BFFB5A59F97735F_316, PutCachedData=, CacheKey=PhysXPC_FULL_5DF9E1AAB7CC4DCCB2965BA1A78DFE8_F0F5946F718BBA91B2A327665A62CA13, StartTime=2016.04.01-22.33.53, HierarchicalDDC=, DataSize=64618, Duration=0.198979, RunGuid=RunID1C79A73A414D7D2E6B3A949852008D6F
DDCTransactionId01384B1C4332ED10C04FE18EC6345BDC_325, PutCachedData=, CacheKey=PhysXPC_VIS_5DF9E1AAB7CC4DCCB2965BA1A78DFE8_35F8A7A64FB75C9DA7691FB5EA30BFDB, StartTime=2016.04.01-22.33.53, HierarchicalDDC=, DataSize=64618, Duration=0.175510, RunGuid=RunID1C79A73A414D7D2E6B3A949852008D6F
DDCTransactionIdFC1C83824942CA647BFFB5A59F97735F_317, PutCachedData=, CacheKey=PhysXPC_FULL_5DF9E1AAB7CC4DCCB2965BA1A78DFE8_0DED32687E29772D2C5FEE2F84779A4E, StartTime=2016.04.01-22.33.53, HierarchicalDDC=, DataSize=64618, Duration=0.261556, RunGuid=RunID1C79A73A414D7D2E6B3A949852008D6F
DDCTransactionId01384B1C4332ED10C04FE18EC6345BDC_326, PutCachedData=, CacheKey=PhysXPC_VIS_5DF9E1AAB7CC4DCCB2965BA1A78DFE8_B499F80A451A5568AEE982B0B4223135, StartTime=2016.04.01-22.33.53, HierarchicalDDC=, DataSize=64618, Duration=0.283070, RunGuid=RunID1C79A73A414D7D2E6B3A949852008D6F
DDCTransactionIdFC1C83824942CA647BFFB5A59F97735F_318, PutCachedData=, CacheKey=PhysXPC_FULL_5DF9E1AAB7CC4DCCB2965BA1A78DFE8_73EB3B78C1144DECCE8884A6D148FF38, StartTime=2016.04.01-22.33.53, HierarchicalDDC=, DataSize=64618, Duration=0.171598, RunGuid=RunID1C79A73A414D7D2E6B3A949852008D6F
DDCTransactionId01384B1C4332ED10C04FE18EC6345BDC_327, PutCachedData=, CacheKey=PhysXPC_VIS_5DF9E1AAB7CC4DCCB2965BA1A78DFE8_64D926734CDEC75F088FA794759BFAE6, StartTime=2016.04.01-22.33.53, HierarchicalDDC=, DataSize=64618, Duration=0.131510, RunGuid=RunID1C79A73A414D7D2E6B3A949852008D6F
DDCTransactionId01384B1C4332ED10C04FE18EC6345BDC_328, PutCachedData=, CacheKey=PhysXPC_FULL_5DF9E1AAB7CC4DCCB2965BA1A78DFE8_A69713A88FF3A90BFA301A4A918B07D9, StartTime=2016.04.01-22.33.53, HierarchicalDDC=, DataSize=64618, Duration=0.158403, RunGuid=RunID1C79A73A414D7D2E6B3A949852008D6F
DDCTransactionIdFC1C83824942CA647BFFB5A59F97735F_319, PutCachedData=, CacheKey=PhysXPC_VIS_5DF9E1AAB7CC4DCCB2965BA1A78DFE8_26628D1D478F9AD44EF371B37C04355D, StartTime=2016.04.01-22.33.53, HierarchicalDDC=, DataSize=64618, Duration=0.166710, RunGuid=RunID1C79A73A414D7D2E6B3A949852008D6F
DDCTransactionId01384B1C4332ED10C04FE18EC6345BDC_329, PutCachedData=, CacheKey=PhysXPC_FULL_5DF9E1AAB7CC4DCCB2965BA1A78DFE8_1980E78667E1DF806559394D6DB2BFB8, StartTime=2016.04.01-22.33.53, HierarchicalDDC=, DataSize=64618, Duration=0.160847, RunGuid=RunID1C79A73A414D7D2E6B3A949852008D6F
DDCTransactionIdFC1C83824942CA647BFFB5A59F97735F_320, PutCachedData=, CacheKey=PhysXPC_VIS_5DF9E1AAB7CC4DCCB2965BA1A78DFE8_042759FA4FBE0EECB456E8A11C9B5883, StartTime=2016.04.01-22.33.53, HierarchicalDDC=, DataSize=64618, Duration=0.154492, RunGuid=RunID1C79A73A414D7D2E6B3A949852008D6F
DDCTransactionId01384B1C4332ED10C04FE18EC6345BDC_330, PutCachedData=, CacheKey=PhysXPC_FULL_5DF9E1AAB7CC4DCCB2965BA1A78DFE8_1C9FB097C4F4604D801C5E6F082754F1, StartTime=2016.04.01-22.33.53, HierarchicalDDC=, DataSize=64618, Duration=0.157423, RunGuid=RunID1C79A73A414D7D2E6B3A949852008D6F
DDCTransactionIdFC1C83824942CA647BFFB5A59F97735F_321, PutCachedData=, CacheKey=PhysXPC_VIS_5DF9E1AAB7CC4DCCB2965BA1A78DFE8_3E31C9564C5F1430D84297B895A6AA4F, StartTime=2016.04.01-22.33.53, HierarchicalDDC=, DataSize=64618, Duration=0.156935, RunGuid=RunID1C79A73A414D7D2E6B3A949852008D6F
DDCTransactionId01384B1C4332ED10C04FE18EC6345BDC_331, PutCachedData=, CacheKey=PhysXPC_FULL_5DF9E1AAB7CC4DCCB2965BA1A78DFE8_66E7F888ACC3D4C7542608927F058401, StartTime=2016.04.01-22.33.53, HierarchicalDDC=, DataSize=64618, Duration=0.158891, RunGuid=RunID1C79A73A414D7D2E6B3A949852008D6F
DDCTransactionIdFC1C83824942CA647BFFB5A59F97735F_322, PutCachedData=, CacheKey=PhysXPC_VIS_5DF9E1AAB7CC4DCCB2965BA1A78DFE8_B47AB8D4437F2936B5FE5BAA7FB80C13, StartTime=2016.04.01-22.33.53, HierarchicalDDC=, DataSize=64618, Duration=0.167198, RunGuid=RunID1C79A73A414D7D2E6B3A949852008D6F
DDCTransactionId01384B1C4332ED10C04FE18EC6345BDC_332, PutCachedData=, CacheKey=PhysXPC_FULL_5DF9E1AAB7CC4DCCB2965BA1A78DFE8_2C4D76CCED60ADA6BF64F3DEDFCF3351, StartTime=2016.04.01-22.33.53, HierarchicalDDC=, DataSize=64618, Duration=0.197511, RunGuid=RunID1C79A73A414D7D2E6B3A949852008D6F
DDCTransactionIdFC1C83824942CA647BFFB5A59F97735F_323, PutCachedData=, CacheKey=PhysXPC_VIS_5DF9E1AAB7CC4DCCB2965BA1A78DFE8_6E8477CF4CEFE08B16EBA98E681205EC, StartTime=2016.04.01-22.33.53, HierarchicalDDC=, DataSize=64618, Duration=0.278175, RunGuid=RunID1C79A73A414D7D2E6B3A949852008D6F
DDCTransactionId01384B1C4332ED10C04FE18EC6345BDC_333, PutCachedData=, CacheKey=PhysXPC_FULL_5DF9E1AAB7CC4DCCB2965BA1A78DFE8_96265C6302C5A5F16C0DA75C9268C7D2, StartTime=2016.04.01-22.33.53, HierarchicalDDC=, DataSize=64618, Duration=0.203378, RunGuid=RunID1C79A73A414D7D2E6B3A949852008D6F
DDCTransactionIdFC1C83824942CA647BFFB5A59F97735F_324, PutCachedData=, CacheKey=PhysXPC_VIS_5DF9E1AAB7CC4DCCB2965BA1A78DFE8_059EDBD741AE0708277D51B2EDE6B2F2, StartTime=2016.04.01-22.33.53, HierarchicalDDC=, DataSize=64618, Duration=0.269867, RunGuid=RunID1C79A73A414D7D2E6B3A949852008D6F
DDCTransactionId01384B1C4332ED10C04FE18EC6345BDC_334, PutCachedData=, CacheKey=PhysXPC_FULL_5DF9E1AAB7CC4DCCB2965BA1A78DFE8_1B207074640C8F022B9C9124ACF1ABA7, StartTime=2016.04.01-22.33.53, HierarchicalDDC=, DataSize=64618, Duration=0.180401, RunGuid=RunID1C79A73A414D7D2E6B3A949852008D6F
DDCTransactionIdFC1C83824942CA647BFFB5A59F97735F_325, PutCachedData=, CacheKey=PhysXPC_VIS_5DF9E1AAB7CC4DCCB2965BA1A78DFE8_4440E34440D1202B78BFBD834098C0F6, StartTime=2016.04.01-22.33.53, HierarchicalDDC=, DataSize=64618, Duration=0.239555, RunGuid=RunID1C79A73A414D7D2E6B3A949852008D6F
DDCTransactionId01384B1C4332ED10C04FE18EC6345BDC_335, PutCachedData=, CacheKey=PhysXPC_FULL_5DF9E1AAB7CC4DCCB2965BA1A78DFE8_D0E4FFD71DB2CE7A044A326A3C75E053, StartTime=2016.04.01-22.33.53, HierarchicalDDC=, DataSize=64618, Duration=0.157423, RunGuid=RunID1C79A73A414D7D2E6B3A949852008D6F
DDCTransactionId01384B1C4332ED10C04FE18EC6345BDC_336, PutCachedData=, CacheKey=PhysXPC_VIS_5DF9E1AAB7CC4DCCB2965BA1A78DFE8_B0DC1D464D984BA57656FCA270E549F9, StartTime=2016.04.01-22.33.53, HierarchicalDDC=, DataSize=64618, Duration=0.136402, RunGuid=RunID1C79A73A414D7D2E6B3A949852008D6F
DDCTransactionIdFC1C83824942CA647BFFB5A59F97735F_326, PutCachedData=, CacheKey=PhysXPC_FULL_5DF9E1AAB7CC4DCCB2965BA1A78DFE8_1E380E8AC5814589FCE97C3454B7E0BD, StartTime=2016.04.01-22.33.53, HierarchicalDDC=, DataSize=64618, Duration=0.169642, RunGuid=RunID1C79A73A414D7D2E6B3A949852008D6F
DDCTransactionId01384B1C4332ED10C04FE18EC6345BDC_337, PutCachedData=, CacheKey=PhysXPC_VIS_5DF9E1AAB7CC4DCCB2965BA1A78DFE8_01CD39E04DBB6F684EE6E69C4B1166C5, StartTime=2016.04.01-22.33.53, HierarchicalDDC=, DataSize=64618, Duration=0.127111, RunGuid=RunID1C79A73A414D7D2E6B3A949852008D6F
DDCTransactionIdFC1C83824942CA647BFFB5A59F97735F_327, PutCachedData=, CacheKey=PhysXPC_FULL_5DF9E1AAB7CC4DCCB2965BA1A78DFE8_12F52317DBE2EE6A5F68615552EC7AA5, StartTime=2016.04.01-22.33.53, HierarchicalDDC=, DataSize=64618, Duration=0.161823, RunGuid=RunID1C79A73A414D7D2E6B3A949852008D6F
DDCTransactionId01384B1C4332ED10C04FE18EC6345BDC_338, PutCachedData=, CacheKey=PhysXPC_VIS_5DF9E1AAB7CC4DCCB2965BA1A78DFE8_33EFE43C4F2EC436D04DB3969E87A36E, StartTime=2016.04.01-22.33.53, HierarchicalDDC=, DataSize=64618, Duration=0.130534, RunGuid=RunID1C79A73A414D7D2E6B3A949852008D6F
DDCTransactionId01384B1C4332ED10C04FE18EC6345BDC_339, PutCachedData=, CacheKey=PhysXPC_FULL_5DF9E1AAB7CC4DCCB2965BA1A78DFE8_52DD91822FF070D5A6265569D6DB256E, StartTime=2016.04.01-22.33.53, HierarchicalDDC=, DataSize=64618, Duration=0.142265, RunGuid=RunID1C79A73A414D7D2E6B3A949852008D6F
DDCTransactionIdFC1C83824942CA647BFFB5A59F97735F_328, PutCachedData=, CacheKey=PhysXPC_VIS_5DF9E1AAB7CC4DCCB2965BA1A78DFE8_7297768C491080C2FE7214975DC1BC64, StartTime=2016.04.01-22.33.53, HierarchicalDDC=, DataSize=64618, Duration=0.194579, RunGuid=RunID1C79A73A414D7D2E6B3A949852008D6F
DDCTransactionId01384B1C4332ED10C04FE18EC6345BDC_340, PutCachedData=, CacheKey=PhysXPC_FULL_5DF9E1AAB7CC4DCCB2965BA1A78DFE8_D333BBE5ABCD9CD3424B0575FF46AA3A, StartTime=2016.04.01-22.33.53, HierarchicalDDC=, DataSize=64618, Duration=0.151068, RunGuid=RunID1C79A73A414D7D2E6B3A949852008D6F
DDCTransactionIdFC1C83824942CA647BFFB5A59F97735F_329, PutCachedData=, CacheKey=PhysXPC_VIS_5DF9E1AAB7CC4DCCB2965BA1A78DFE8_18D16E0A4276DF3E021AF7A2CDBC9654, StartTime=2016.04.01-22.33.53, HierarchicalDDC=, DataSize=64618, Duration=0.194091, RunGuid=RunID1C79A73A414D7D2E6B3A949852008D6F
DDCTransactionId01384B1C4332ED10C04FE18EC6345BDC_341, PutCachedData=, CacheKey=PhysXPC_FULL_5DF9E1AAB7CC4DCCB2965BA1A78DFE8_FF6B0DA66875EF7A2B92979FB2322977, StartTime=2016.04.01-22.33.53, HierarchicalDDC=, DataSize=64618, Duration=0.154000, RunGuid=RunID1C79A73A414D7D2E6B3A949852008D6F
DDCTransactionId01384B1C4332ED10C04FE18EC6345BDC_342, PutCachedData=, CacheKey=PhysXPC_VIS_5DF9E1AAB7CC4DCCB2965BA1A78DFE8_0EE60FC9447992CAC3491C8238899AAD, StartTime=2016.04.01-22.33.53, HierarchicalDDC=, DataSize=64618, Duration=0.167690, RunGuid=RunID1C79A73A414D7D2E6B3A949852008D6F
DDCTransactionIdFC1C83824942CA647BFFB5A59F97735F_330, PutCachedData=, CacheKey=PhysXPC_FULL_5DF9E1AAB7CC4DCCB2965BA1A78DFE8_A4328AB99B1805945E601FC3A33E85E2, StartTime=2016.04.01-22.33.53, HierarchicalDDC=, DataSize=64618, Duration=0.162311, RunGuid=RunID1C79A73A414D7D2E6B3A949852008D6F
DDCTransactionId01384B1C4332ED10C04FE18EC6345BDC_343, PutCachedData=, CacheKey=PhysXPC_VIS_5DF9E1AAB7CC4DCCB2965BA1A78DFE8_64FD2A9240067F46B62ABCA2D141D61A, StartTime=2016.04.01-22.33.53, HierarchicalDDC=, DataSize=64618, Duration=0.153512, RunGuid=RunID1C79A73A414D7D2E6B3A949852008D6F
DDCTransactionIdFC1C83824942CA647BFFB5A59F97735F_331, PutCachedData=, CacheKey=PhysXPC_FULL_5DF9E1AAB7CC4DCCB2965BA1A78DFE8_0851A55B71222F01E732702A8C21F9E2, StartTime=2016.04.01-22.33.53, HierarchicalDDC=, DataSize=64618, Duration=0.191644, RunGuid=RunID1C79A73A414D7D2E6B3A949852008D6F
DDCTransactionId01384B1C4332ED10C04FE18EC6345BDC_344, PutCachedData=, CacheKey=PhysXPC_VIS_5DF9E1AAB7CC4DCCB2965BA1A78DFE8_CF29C6B746DFD1C46085C6B78F51311C, StartTime=2016.04.01-22.33.53, HierarchicalDDC=, DataSize=64618, Duration=0.139821, RunGuid=RunID1C79A73A414D7D2E6B3A949852008D6F
DDCTransactionIdFC1C83824942CA647BFFB5A59F97735F_332, PutCachedData=, CacheKey=PhysXPC_FULL_5DF9E1AAB7CC4DCCB2965BA1A78DFE8_02D0A545711AEE7B731F50DE2E749275, StartTime=2016.04.01-22.33.53, HierarchicalDDC=, DataSize=64618, Duration=0.162315, RunGuid=RunID1C79A73A414D7D2E6B3A949852008D6F
DDCTransactionId01384B1C4332ED10C04FE18EC6345BDC_345, PutCachedData=, CacheKey=PhysXPC_VIS_5DF9E1AAB7CC4DCCB2965BA1A78DFE8_BE7C39F74EB3FC791D85E3ABA6FC3FE5, StartTime=2016.04.01-22.33.53, HierarchicalDDC=, DataSize=64618, Duration=0.150576, RunGuid=RunID1C79A73A414D7D2E6B3A949852008D6F
DDCTransactionIdFC1C83824942CA647BFFB5A59F97735F_333, PutCachedData=, CacheKey=PhysXPC_FULL_5DF9E1AAB7CC4DCCB2965BA1A78DFE8_D140B59BDF4973E9DE528601925C630B, StartTime=2016.04.01-22.33.53, HierarchicalDDC=, DataSize=64618, Duration=0.197023, RunGuid=RunID1C79A73A414D7D2E6B3A949852008D6F
DDCTransactionId01384B1C4332ED10C04FE18EC6345BDC_346, PutCachedData=, CacheKey=PhysXPC_VIS_5DF9E1AAB7CC4DCCB2965BA1A78DFE8_FFB01D934D99CC3EBF885D9C402CC358, StartTime=2016.04.01-22.33.53, HierarchicalDDC=, DataSize=64618, Duration=0.147156, RunGuid=RunID1C79A73A414D7D2E6B3A949852008D6F
DDCTransactionIdFC1C83824942CA647BFFB5A59F97735F_334, PutCachedData=, CacheKey=PhysXPC_FULL_5DF9E1AAB7CC4DCCB2965BA1A78DFE8_B8DF62449BFC3F81A8A01EE7BE669C62, StartTime=2016.04.01-22.33.53, HierarchicalDDC=, DataSize=64618, Duration=0.170134, RunGuid=RunID1C79A73A414D7D2E6B3A949852008D6F
DDCTransactionId01384B1C4332ED10C04FE18EC6345BDC_347, PutCachedData=, CacheKey=PhysXPC_VIS_5DF9E1AAB7CC4DCCB2965BA1A78DFE8_48919971452CE69514007A989BCDB929, StartTime=2016.04.01-22.33.53, HierarchicalDDC=, DataSize=64618, Duration=0.147156, RunGuid=RunID1C79A73A414D7D2E6B3A949852008D6F
DDCTransactionIdFC1C83824942CA647BFFB5A59F97735F_335, PutCachedData=, CacheKey=PhysXPC_FULL_5DF9E1AAB7CC4DCCB2965BA1A78DFE8_220A128CE59C68B008CA65CAA4EC1234, StartTime=2016.04.01-22.33.53, HierarchicalDDC=, DataSize=64618, Duration=0.166710, RunGuid=RunID1C79A73A414D7D2E6B3A949852008D6F
DDCTransactionId01384B1C4332ED10C04FE18EC6345BDC_348, PutCachedData=, CacheKey=PhysXPC_VIS_5DF9E1AAB7CC4DCCB2965BA1A78DFE8_F7EA07834532F1225EDC7DB3B7A25C78, StartTime=2016.04.01-22.33.53, HierarchicalDDC=, DataSize=64618, Duration=0.211198, RunGuid=RunID1C79A73A414D7D2E6B3A949852008D6F
DDCTransactionIdFC1C83824942CA647BFFB5A59F97735F_336, PutCachedData=, CacheKey=PhysXPC_FULL_5DF9E1AAB7CC4DCCB2965BA1A78DFE8_4499433EF532C3FD5DA09725FD4AB767, StartTime=2016.04.01-22.33.53, HierarchicalDDC=, DataSize=64618, Duration=0.154488, RunGuid=RunID1C79A73A414D7D2E6B3A949852008D6F
DDCTransactionId01384B1C4332ED10C04FE18EC6345BDC_349, PutCachedData=, CacheKey=PhysXPC_VIS_5DF9E1AAB7CC4DCCB2965BA1A78DFE8_F8412F784D608F6BBF01659B571C2D1A, StartTime=2016.04.01-22.33.53, HierarchicalDDC=, DataSize=64618, Duration=0.145689, RunGuid=RunID1C79A73A414D7D2E6B3A949852008D6F
DDCTransactionIdFC1C83824942CA647BFFB5A59F97735F_337, PutCachedData=, CacheKey=PhysXPC_FULL_5DF9E1AAB7CC4DCCB2965BA1A78DFE8_48D7C192FDDAB2655317D2F130BF7A60, StartTime=2016.04.01-22.33.53, HierarchicalDDC=, DataSize=64618, Duration=0.236623, RunGuid=RunID1C79A73A414D7D2E6B3A949852008D6F
DDCTransactionId01384B1C4332ED10C04FE18EC6345BDC_350, PutCachedData=, CacheKey=PhysXPC_VIS_5DF9E1AAB7CC4DCCB2965BA1A78DFE8_0A91863E470EDBEA34F6029D9A93DD87, StartTime=2016.04.01-22.33.53, HierarchicalDDC=, DataSize=64618, Duration=0.161819, RunGuid=RunID1C79A73A414D7D2E6B3A949852008D6F
DDCTransactionId01384B1C4332ED10C04FE18EC6345BDC_351, PutCachedData=, CacheKey=PhysXPC_FULL_5DF9E1AAB7CC4DCCB2965BA1A78DFE8_AC5B548497EFCCE57EDA6375B7324ACC, StartTime=2016.04.01-22.33.53, HierarchicalDDC=, DataSize=64618, Duration=0.251777, RunGuid=RunID1C79A73A414D7D2E6B3A949852008D6F
DDCTransactionIdFC1C83824942CA647BFFB5A59F97735F_338, PutCachedData=, CacheKey=PhysXPC_VIS_5DF9E1AAB7CC4DCCB2965BA1A78DFE8_6C779FC54E1B3F965DD7CEA11BD3E7D5, StartTime=2016.04.01-22.33.53, HierarchicalDDC=, DataSize=64618, Duration=0.179909, RunGuid=RunID1C79A73A414D7D2E6B3A949852008D6F
DDCTransactionIdFC1C83824942CA647BFFB5A59F97735F_339, PutCachedData=, CacheKey=PhysXPC_FULL_5DF9E1AAB7CC4DCCB2965BA1A78DFE8_829BFC4B19ED655FA00C601A31117937, StartTime=2016.04.01-22.33.53, HierarchicalDDC=, DataSize=64618, Duration=0.165731, RunGuid=RunID1C79A73A414D7D2E6B3A949852008D6F
DDCTransactionId01384B1C4332ED10C04FE18EC6345BDC_352, PutCachedData=, CacheKey=PhysXPC_VIS_5DF9E1AAB7CC4DCCB2965BA1A78DFE8_5960D63C43AA2859D03C8F8ED13573FA, StartTime=2016.04.01-22.33.53, HierarchicalDDC=, DataSize=64618, Duration=0.167690, RunGuid=RunID1C79A73A414D7D2E6B3A949852008D6F
DDCTransactionIdFC1C83824942CA647BFFB5A59F97735F_340, PutCachedData=, CacheKey=PhysXPC_FULL_5DF9E1AAB7CC4DCCB2965BA1A78DFE8_07FA52A32877221AF3C16DC3A02E5AB3, StartTime=2016.04.01-22.33.53, HierarchicalDDC=, DataSize=64618, Duration=0.231732, RunGuid=RunID1C79A73A414D7D2E6B3A949852008D6F
DDCTransactionId01384B1C4332ED10C04FE18EC6345BDC_353, PutCachedData=, CacheKey=PhysXPC_VIS_5DF9E1AAB7CC4DCCB2965BA1A78DFE8_31E99C14414475B2BC895781247B4D4B, StartTime=2016.04.01-22.33.53, HierarchicalDDC=, DataSize=64618, Duration=0.212178, RunGuid=RunID1C79A73A414D7D2E6B3A949852008D6F
DDCTransactionIdFC1C83824942CA647BFFB5A59F97735F_341, PutCachedData=, CacheKey=PhysXPC_FULL_5DF9E1AAB7CC4DCCB2965BA1A78DFE8_D81238BC959650E4D47802B489F42482, StartTime=2016.04.01-22.33.53, HierarchicalDDC=, DataSize=64618, Duration=0.144225, RunGuid=RunID1C79A73A414D7D2E6B3A949852008D6F
DDCTransactionId01384B1C4332ED10C04FE18EC6345BDC_354, PutCachedData=, CacheKey=PhysXPC_VIS_5DF9E1AAB7CC4DCCB2965BA1A78DFE8_EEFCBED94CF40622E3BEBB927B7DF84C, StartTime=2016.04.01-22.33.53, HierarchicalDDC=, DataSize=64618, Duration=0.150088, RunGuid=RunID1C79A73A414D7D2E6B3A949852008D6F
DDCTransactionIdFC1C83824942CA647BFFB5A59F97735F_342, PutCachedData=, CacheKey=PhysXPC_FULL_5DF9E1AAB7CC4DCCB2965BA1A78DFE8_6AE78C1BBDA56793B0518A1C15991FD3, StartTime=2016.04.01-22.33.53, HierarchicalDDC=, DataSize=64618, Duration=0.171598, RunGuid=RunID1C79A73A414D7D2E6B3A949852008D6F
DDCTransactionId01384B1C4332ED10C04FE18EC6345BDC_355, PutCachedData=, CacheKey=PhysXPC_VIS_5DF9E1AAB7CC4DCCB2965BA1A78DFE8_D51D7A934276084EF6DFE69A9F1D1257, StartTime=2016.04.01-22.33.53, HierarchicalDDC=, DataSize=64618, Duration=0.142269, RunGuid=RunID1C79A73A414D7D2E6B3A949852008D6F
DDCTransactionIdFC1C83824942CA647BFFB5A59F97735F_343, PutCachedData=, CacheKey=PhysXPC_FULL_5DF9E1AAB7CC4DCCB2965BA1A78DFE8_C9E0413C314C9A53E7E8A0AA0C7F6649, StartTime=2016.04.01-22.33.53, HierarchicalDDC=, DataSize=64618, Duration=0.237111, RunGuid=RunID1C79A73A414D7D2E6B3A949852008D6F
DDCTransactionId01384B1C4332ED10C04FE18EC6345BDC_356, PutCachedData=, CacheKey=PhysXPC_VIS_5DF9E1AAB7CC4DCCB2965BA1A78DFE8_0400FE01434386FF6F981FA74F59F38D, StartTime=2016.04.01-22.33.53, HierarchicalDDC=, DataSize=64618, Duration=0.151068, RunGuid=RunID1C79A73A414D7D2E6B3A949852008D6F
DDCTransactionId01384B1C4332ED10C04FE18EC6345BDC_357, PutCachedData=, CacheKey=PhysXPC_FULL_5DF9E1AAB7CC4DCCB2965BA1A78DFE8_9B0621098423E5495D8476A8DFEF9F2A, StartTime=2016.04.01-22.33.53, HierarchicalDDC=, DataSize=64618, Duration=0.198975, RunGuid=RunID1C79A73A414D7D2E6B3A949852008D6F
DDCTransactionIdFC1C83824942CA647BFFB5A59F97735F_344, PutCachedData=, CacheKey=PhysXPC_VIS_5DF9E1AAB7CC4DCCB2965BA1A78DFE8_860F07324DA334C790866EA031070814, StartTime=2016.04.01-22.33.53, HierarchicalDDC=, DataSize=64618, Duration=0.160355, RunGuid=RunID1C79A73A414D7D2E6B3A949852008D6F
DDCTransactionIdFC1C83824942CA647BFFB5A59F97735F_345, PutCachedData=, CacheKey=PhysXPC_FULL_5DF9E1AAB7CC4DCCB2965BA1A78DFE8_57320EF77B34EB4E22F36A2824608218, StartTime=2016.04.01-22.33.53, HierarchicalDDC=, DataSize=64618, Duration=0.135910, RunGuid=RunID1C79A73A414D7D2E6B3A949852008D6F
DDCTransactionId01384B1C4332ED10C04FE18EC6345BDC_358, PutCachedData=, CacheKey=PhysXPC_VIS_5DF9E1AAB7CC4DCCB2965BA1A78DFE8_1B8CB9CF4C087E268FAF0FAC65281A9E, StartTime=2016.04.01-22.33.53, HierarchicalDDC=, DataSize=64618, Duration=0.153512, RunGuid=RunID1C79A73A414D7D2E6B3A949852008D6F
DDCTransactionIdFC1C83824942CA647BFFB5A59F97735F_346, PutCachedData=, CacheKey=PhysXPC_FULL_5DF9E1AAB7CC4DCCB2965BA1A78DFE8_767B5386C8C8358AD6ADB5AC26E227F0, StartTime=2016.04.01-22.33.53, HierarchicalDDC=, DataSize=64618, Duration=0.155468, RunGuid=RunID1C79A73A414D7D2E6B3A949852008D6F
DDCTransactionId01384B1C4332ED10C04FE18EC6345BDC_359, PutCachedData=, CacheKey=PhysXPC_VIS_5DF9E1AAB7CC4DCCB2965BA1A78DFE8_77106B7048B47C0087A11BB870999A99, StartTime=2016.04.01-22.33.53, HierarchicalDDC=, DataSize=64618, Duration=0.149600, RunGuid=RunID1C79A73A414D7D2E6B3A949852008D6F
DDCTransactionIdFC1C83824942CA647BFFB5A59F97735F_347, PutCachedData=, CacheKey=PhysXPC_FULL_5DF9E1AAB7CC4DCCB2965BA1A78DFE8_7F382BA3FE1E4151E751D4631E18960C, StartTime=2016.04.01-22.33.53, HierarchicalDDC=, DataSize=64618, Duration=0.190668, RunGuid=RunID1C79A73A414D7D2E6B3A949852008D6F
DDCTransactionId01384B1C4332ED10C04FE18EC6345BDC_360, PutCachedData=, CacheKey=PhysXPC_VIS_5DF9E1AAB7CC4DCCB2965BA1A78DFE8_4EC129EE40EC6B36345C02AB6F737BC3, StartTime=2016.04.01-22.33.53, HierarchicalDDC=, DataSize=64618, Duration=0.177957, RunGuid=RunID1C79A73A414D7D2E6B3A949852008D6F
DDCTransactionIdFC1C83824942CA647BFFB5A59F97735F_348, PutCachedData=, CacheKey=PhysXPC_FULL_5DF9E1AAB7CC4DCCB2965BA1A78DFE8_9926BD6B06EB0C90585B47CB8086276A, StartTime=2016.04.01-22.33.53, HierarchicalDDC=, DataSize=64618, Duration=0.145201, RunGuid=RunID1C79A73A414D7D2E6B3A949852008D6F
DDCTransactionId01384B1C4332ED10C04FE18EC6345BDC_361, PutCachedData=, CacheKey=PhysXPC_VIS_5DF9E1AAB7CC4DCCB2965BA1A78DFE8_8BEE25EE4655DDF16F22748054592E94, StartTime=2016.04.01-22.33.53, HierarchicalDDC=, DataSize=64618, Duration=0.171110, RunGuid=RunID1C79A73A414D7D2E6B3A949852008D6F
DDCTransactionIdFC1C83824942CA647BFFB5A59F97735F_349, PutCachedData=, CacheKey=PhysXPC_FULL_5DF9E1AAB7CC4DCCB2965BA1A78DFE8_0647011E2047AB38FCBD04EA81D0D97C, StartTime=2016.04.01-22.33.53, HierarchicalDDC=, DataSize=64618, Duration=0.151068, RunGuid=RunID1C79A73A414D7D2E6B3A949852008D6F
DDCTransactionId01384B1C4332ED10C04FE18EC6345BDC_362, PutCachedData=, CacheKey=PhysXPC_VIS_5DF9E1AAB7CC4DCCB2965BA1A78DFE8_FBB594DF4E9AB23B199E0EA645F52C3C, StartTime=2016.04.01-22.33.53, HierarchicalDDC=, DataSize=64618, Duration=0.240047, RunGuid=RunID1C79A73A414D7D2E6B3A949852008D6F
DDCTransactionIdFC1C83824942CA647BFFB5A59F97735F_350, PutCachedData=, CacheKey=PhysXPC_FULL_5DF9E1AAB7CC4DCCB2965BA1A78DFE8_8C49B3EDAB80EA6F13531DF5ADE0CBA8, StartTime=2016.04.01-22.33.53, HierarchicalDDC=, DataSize=64618, Duration=0.158891, RunGuid=RunID1C79A73A414D7D2E6B3A949852008D6F
DDCTransactionId01384B1C4332ED10C04FE18EC6345BDC_363, PutCachedData=, CacheKey=PhysXPC_VIS_5DF9E1AAB7CC4DCCB2965BA1A78DFE8_662E5B064AED5FFBFFBABF98952B04E2, StartTime=2016.04.01-22.33.53, HierarchicalDDC=, DataSize=64618, Duration=0.161823, RunGuid=RunID1C79A73A414D7D2E6B3A949852008D6F
DDCTransactionIdFC1C83824942CA647BFFB5A59F97735F_351, PutCachedData=, CacheKey=PhysXPC_FULL_5DF9E1AAB7CC4DCCB2965BA1A78DFE8_142FE95FFB77FCDE61D29CB72FA22632, StartTime=2016.04.01-22.33.53, HierarchicalDDC=, DataSize=64618, Duration=0.190668, RunGuid=RunID1C79A73A414D7D2E6B3A949852008D6F
DDCTransactionId01384B1C4332ED10C04FE18EC6345BDC_364, PutCachedData=, CacheKey=PhysXPC_VIS_5DF9E1AAB7CC4DCCB2965BA1A78DFE8_4660020B49F6AFE4C2C4B28BED15D8BA, StartTime=2016.04.01-22.33.53, HierarchicalDDC=, DataSize=64618, Duration=0.163775, RunGuid=RunID1C79A73A414D7D2E6B3A949852008D6F
DDCTransactionIdFC1C83824942CA647BFFB5A59F97735F_352, PutCachedData=, CacheKey=PhysXPC_FULL_5DF9E1AAB7CC4DCCB2965BA1A78DFE8_66D6203E96C013AD18245A34D3582B56, StartTime=2016.04.01-22.33.53, HierarchicalDDC=, DataSize=64618, Duration=0.224888, RunGuid=RunID1C79A73A414D7D2E6B3A949852008D6F
DDCTransactionId01384B1C4332ED10C04FE18EC6345BDC_365, PutCachedData=, CacheKey=PhysXPC_VIS_5DF9E1AAB7CC4DCCB2965BA1A78DFE8_482F30AD4D315D52934CD490F5CAE684, StartTime=2016.04.01-22.33.53, HierarchicalDDC=, DataSize=64618, Duration=0.158399, RunGuid=RunID1C79A73A414D7D2E6B3A949852008D6F
DDCTransactionIdFC1C83824942CA647BFFB5A59F97735F_353, PutCachedData=, CacheKey=PhysXPC_FULL_5DF9E1AAB7CC4DCCB2965BA1A78DFE8_F8C07BF0F4A05D7BC661E63756BCE431, StartTime=2016.04.01-22.33.53, HierarchicalDDC=, DataSize=64618, Duration=0.137866, RunGuid=RunID1C79A73A414D7D2E6B3A949852008D6F
DDCTransactionId01384B1C4332ED10C04FE18EC6345BDC_366, PutCachedData=, CacheKey=PhysXPC_VIS_5DF9E1AAB7CC4DCCB2965BA1A78DFE8_88D8EE9846045EFA04219CA81ED8CD90, StartTime=2016.04.01-22.33.53, HierarchicalDDC=, DataSize=64618, Duration=0.163287, RunGuid=RunID1C79A73A414D7D2E6B3A949852008D6F
DDCTransactionIdFC1C83824942CA647BFFB5A59F97735F_354, PutCachedData=, CacheKey=PhysXPC_FULL_5DF9E1AAB7CC4DCCB2965BA1A78DFE8_33A81CB3988AC638C4A1A4B3D7A52BBA, StartTime=2016.04.01-22.33.53, HierarchicalDDC=, DataSize=64618, Duration=0.224400, RunGuid=RunID1C79A73A414D7D2E6B3A949852008D6F
DDCTransactionId01384B1C4332ED10C04FE18EC6345BDC_367, PutCachedData=, CacheKey=PhysXPC_VIS_5DF9E1AAB7CC4DCCB2965BA1A78DFE8_2A8045604CBCE9FC075659A60BE00A2F, StartTime=2016.04.01-22.33.53, HierarchicalDDC=, DataSize=64618, Duration=0.187244, RunGuid=RunID1C79A73A414D7D2E6B3A949852008D6F
DDCTransactionId01384B1C4332ED10C04FE18EC6345BDC_368, PutCachedData=, CacheKey=PhysXPC_FULL_5DF9E1AAB7CC4DCCB2965BA1A78DFE8_0449AD8B08095DBC4F19931D8150E2C6, StartTime=2016.04.01-22.33.53, HierarchicalDDC=, DataSize=64618, Duration=0.143733, RunGuid=RunID1C79A73A414D7D2E6B3A949852008D6F
DDCTransactionIdFC1C83824942CA647BFFB5A59F97735F_355, PutCachedData=, CacheKey=PhysXPC_VIS_5DF9E1AAB7CC4DCCB2965BA1A78DFE8_A381B2CC49C1EAF751ABB3B7F519E0DD, StartTime=2016.04.01-22.33.53, HierarchicalDDC=, DataSize=64618, Duration=0.148624, RunGuid=RunID1C79A73A414D7D2E6B3A949852008D6F
DDCTransactionId01384B1C4332ED10C04FE18EC6345BDC_369, PutCachedData=, CacheKey=PhysXPC_FULL_5DF9E1AAB7CC4DCCB2965BA1A78DFE8_A0A8994103AA6CF5E6D9E3AA5FA53D51, StartTime=2016.04.01-22.33.53, HierarchicalDDC=, DataSize=64618, Duration=0.161335, RunGuid=RunID1C79A73A414D7D2E6B3A949852008D6F
DDCTransactionIdFC1C83824942CA647BFFB5A59F97735F_356, PutCachedData=, CacheKey=PhysXPC_VIS_5DF9E1AAB7CC4DCCB2965BA1A78DFE8_6FF1385E408DB05A457D54B9EBF0BCFD, StartTime=2016.04.01-22.33.53, HierarchicalDDC=, DataSize=64618, Duration=0.172578, RunGuid=RunID1C79A73A414D7D2E6B3A949852008D6F
DDCTransactionId01384B1C4332ED10C04FE18EC6345BDC_370, PutCachedData=, CacheKey=PhysXPC_FULL_5DF9E1AAB7CC4DCCB2965BA1A78DFE8_042A0AA04F89D2CB7FE592439E5ADE7C, StartTime=2016.04.01-22.33.53, HierarchicalDDC=, DataSize=64618, Duration=0.133954, RunGuid=RunID1C79A73A414D7D2E6B3A949852008D6F
DDCTransactionIdFC1C83824942CA647BFFB5A59F97735F_357, PutCachedData=, CacheKey=PhysXPC_VIS_5DF9E1AAB7CC4DCCB2965BA1A78DFE8_C8F935AE45120300C2603DB8AAC64713, StartTime=2016.04.01-22.33.53, HierarchicalDDC=, DataSize=64618, Duration=0.124179, RunGuid=RunID1C79A73A414D7D2E6B3A949852008D6F
DDCTransactionId01384B1C4332ED10C04FE18EC6345BDC_371, PutCachedData=, CacheKey=PhysXPC_FULL_5DF9E1AAB7CC4DCCB2965BA1A78DFE8_BEBACAE73A9FB81E9A5C083E0F989529, StartTime=2016.04.01-22.33.53, HierarchicalDDC=, DataSize=64618, Duration=0.127111, RunGuid=RunID1C79A73A414D7D2E6B3A949852008D6F
DDCTransactionIdFC1C83824942CA647BFFB5A59F97735F_358, PutCachedData=, CacheKey=PhysXPC_VIS_5DF9E1AAB7CC4DCCB2965BA1A78DFE8_0538FFEF49DBD42E1E112193FA318792, StartTime=2016.04.01-22.33.53, HierarchicalDDC=, DataSize=64618, Duration=0.122223, RunGuid=RunID1C79A73A414D7D2E6B3A949852008D6F
DDCTransactionId01384B1C4332ED10C04FE18EC6345BDC_372, PutCachedData=, CacheKey=PhysXPC_FULL_5DF9E1AAB7CC4DCCB2965BA1A78DFE8_EFC4911BF9984F92E86311EE85EB7E03, StartTime=2016.04.01-22.33.53, HierarchicalDDC=, DataSize=64618, Duration=0.138357, RunGuid=RunID1C79A73A414D7D2E6B3A949852008D6F
DDCTransactionIdFC1C83824942CA647BFFB5A59F97735F_359, PutCachedData=, CacheKey=PhysXPC_VIS_5DF9E1AAB7CC4DCCB2965BA1A78DFE8_F5E67C124D39C71C3223C7937D1C5E91, StartTime=2016.04.01-22.33.53, HierarchicalDDC=, DataSize=64618, Duration=0.220489, RunGuid=RunID1C79A73A414D7D2E6B3A949852008D6F
DDCTransactionId01384B1C4332ED10C04FE18EC6345BDC_373, PutCachedData=, CacheKey=PhysXPC_FULL_5DF9E1AAB7CC4DCCB2965BA1A78DFE8_F11650AEB9FEBB27D7ECF6CAED5B6AD8, StartTime=2016.04.01-22.33.53, HierarchicalDDC=, DataSize=64618, Duration=0.134442, RunGuid=RunID1C79A73A414D7D2E6B3A949852008D6F
DDCTransactionIdFC1C83824942CA647BFFB5A59F97735F_360, PutCachedData=, CacheKey=PhysXPC_VIS_5DF9E1AAB7CC4DCCB2965BA1A78DFE8_AB9A81A148102C861A849C9F4CBCE847, StartTime=2016.04.01-22.33.53, HierarchicalDDC=, DataSize=64618, Duration=0.322670, RunGuid=RunID1C79A73A414D7D2E6B3A949852008D6F
DDCTransactionId01384B1C4332ED10C04FE18EC6345BDC_374, PutCachedData=, CacheKey=PhysXPC_FULL_5DF9E1AAB7CC4DCCB2965BA1A78DFE8_CB2CAB393718D7744202AD63B50B402B, StartTime=2016.04.01-22.33.53, HierarchicalDDC=, DataSize=64618, Duration=0.161823, RunGuid=RunID1C79A73A414D7D2E6B3A949852008D6F
DDCTransactionId01384B1C4332ED10C04FE18EC6345BDC_375, PutCachedData=, CacheKey=PhysXPC_VIS_5DF9E1AAB7CC4DCCB2965BA1A78DFE8_D31F66134A41F538D327B8AECC7B9FA3, StartTime=2016.04.01-22.33.53, HierarchicalDDC=, DataSize=64618, Duration=0.155956, RunGuid=RunID1C79A73A414D7D2E6B3A949852008D6F
DDCTransactionIdFC1C83824942CA647BFFB5A59F97735F_361, PutCachedData=, CacheKey=PhysXPC_FULL_5DF9E1AAB7CC4DCCB2965BA1A78DFE8_631972849AEB5CB3BF4743910101A3E0, StartTime=2016.04.01-22.33.53, HierarchicalDDC=, DataSize=64618, Duration=0.156444, RunGuid=RunID1C79A73A414D7D2E6B3A949852008D6F
DDCTransactionIdFC1C83824942CA647BFFB5A59F97735F_362, PutCachedData=, CacheKey=PhysXPC_VIS_5DF9E1AAB7CC4DCCB2965BA1A78DFE8_AC15A0D24B9351D1CD3839A485B6DE20, StartTime=2016.04.01-22.33.53, HierarchicalDDC=, DataSize=64618, Duration=0.164267, RunGuid=RunID1C79A73A414D7D2E6B3A949852008D6F
DDCTransactionIdFC1C83824942CA647BFFB5A59F97735F_363, PutCachedData=, CacheKey=PhysXPC_FULL_5DF9E1AAB7CC4DCCB2965BA1A78DFE8_62DA44C3C142A60FA0B0DF910B526A9A, StartTime=2016.04.01-22.33.53, HierarchicalDDC=, DataSize=64618, Duration=0.152532, RunGuid=RunID1C79A73A414D7D2E6B3A949852008D6F
DDCTransactionId01384B1C4332ED10C04FE18EC6345BDC_376, PutCachedData=, CacheKey=PhysXPC_VIS_5DF9E1AAB7CC4DCCB2965BA1A78DFE8_5DE1A08E410042E94E72C38167EEC202, StartTime=2016.04.01-22.33.53, HierarchicalDDC=, DataSize=64618, Duration=0.156444, RunGuid=RunID1C79A73A414D7D2E6B3A949852008D6F
DDCTransactionIdFC1C83824942CA647BFFB5A59F97735F_364, PutCachedData=, CacheKey=PhysXPC_FULL_5DF9E1AAB7CC4DCCB2965BA1A78DFE8_41AF67C5AF91F4B8A5FA99525D8FABFC, StartTime=2016.04.01-22.33.53, HierarchicalDDC=, DataSize=64618, Duration=0.159379, RunGuid=RunID1C79A73A414D7D2E6B3A949852008D6F
DDCTransactionId01384B1C4332ED10C04FE18EC6345BDC_377, PutCachedData=, CacheKey=PhysXPC_VIS_5DF9E1AAB7CC4DCCB2965BA1A78DFE8_5B0B4B204FDAB862701360B45EA3ABF6, StartTime=2016.04.01-22.33.53, HierarchicalDDC=, DataSize=64618, Duration=0.154000, RunGuid=RunID1C79A73A414D7D2E6B3A949852008D6F
DDCTransactionIdFC1C83824942CA647BFFB5A59F97735F_365, PutCachedData=, CacheKey=PhysXPC_FULL_5DF9E1AAB7CC4DCCB2965BA1A78DFE8_B80518294EC5DEDB80499D059DD2A28C, StartTime=2016.04.01-22.33.53, HierarchicalDDC=, DataSize=64618, Duration=0.245910, RunGuid=RunID1C79A73A414D7D2E6B3A949852008D6F
DDCTransactionId01384B1C4332ED10C04FE18EC6345BDC_378, PutCachedData=, CacheKey=PhysXPC_VIS_5DF9E1AAB7CC4DCCB2965BA1A78DFE8_6F66544F4345B5E9E2A6B5922D2CF925, StartTime=2016.04.01-22.33.53, HierarchicalDDC=, DataSize=64618, Duration=0.194576, RunGuid=RunID1C79A73A414D7D2E6B3A949852008D6F
DDCTransactionId01384B1C4332ED10C04FE18EC6345BDC_379, PutCachedData=, CacheKey=PhysXPC_FULL_5DF9E1AAB7CC4DCCB2965BA1A78DFE8_E1945BE9BE67F2120DB4054D79CB4FEA, StartTime=2016.04.01-22.33.53, HierarchicalDDC=, DataSize=64618, Duration=0.164267, RunGuid=RunID1C79A73A414D7D2E6B3A949852008D6F
DDCTransactionIdFC1C83824942CA647BFFB5A59F97735F_366, PutCachedData=, CacheKey=PhysXPC_VIS_5DF9E1AAB7CC4DCCB2965BA1A78DFE8_544FA9034FA323F94A934C8888C7F512, StartTime=2016.04.01-22.33.53, HierarchicalDDC=, DataSize=64618, Duration=0.157423, RunGuid=RunID1C79A73A414D7D2E6B3A949852008D6F
DDCTransactionIdFC1C83824942CA647BFFB5A59F97735F_367, PutCachedData=, CacheKey=PhysXPC_FULL_5DF9E1AAB7CC4DCCB2965BA1A78DFE8_D1B8114ACB9F01910812AF95BF26DB03, StartTime=2016.04.01-22.33.53, HierarchicalDDC=, DataSize=64618, Duration=0.151552, RunGuid=RunID1C79A73A414D7D2E6B3A949852008D6F
DDCTransactionId01384B1C4332ED10C04FE18EC6345BDC_380, PutCachedData=, CacheKey=PhysXPC_VIS_5DF9E1AAB7CC4DCCB2965BA1A78DFE8_5F0196BA443D192389498F97C82D30F0, StartTime=2016.04.01-22.33.53, HierarchicalDDC=, DataSize=64618, Duration=0.179913, RunGuid=RunID1C79A73A414D7D2E6B3A949852008D6F
DDCTransactionIdFC1C83824942CA647BFFB5A59F97735F_368, PutCachedData=, CacheKey=PhysXPC_FULL_5DF9E1AAB7CC4DCCB2965BA1A78DFE8_01BA2D9168155A04B11007329B06C708, StartTime=2016.04.01-22.33.53, HierarchicalDDC=, DataSize=64618, Duration=0.174046, RunGuid=RunID1C79A73A414D7D2E6B3A949852008D6F
DDCTransactionId01384B1C4332ED10C04FE18EC6345BDC_381, PutCachedData=, CacheKey=PhysXPC_VIS_5DF9E1AAB7CC4DCCB2965BA1A78DFE8_5B3B7FE44331BCAA2A3D958C3623C3DA, StartTime=2016.04.01-22.33.53, HierarchicalDDC=, DataSize=64618, Duration=0.164267, RunGuid=RunID1C79A73A414D7D2E6B3A949852008D6F
DDCTransactionId01384B1C4332ED10C04FE18EC6345BDC_382, PutCachedData=, CacheKey=PhysXPC_FULL_5DF9E1AAB7CC4DCCB2965BA1A78DFE8_6F1996770FD4A3185F876C9FED5AB248, StartTime=2016.04.01-22.33.53, HierarchicalDDC=, DataSize=64618, Duration=0.154980, RunGuid=RunID1C79A73A414D7D2E6B3A949852008D6F
DDCTransactionIdFC1C83824942CA647BFFB5A59F97735F_369, PutCachedData=, CacheKey=PhysXPC_VIS_5DF9E1AAB7CC4DCCB2965BA1A78DFE8_DDFC5E4847DFCB40F6EA21B7A328714F, StartTime=2016.04.01-22.33.53, HierarchicalDDC=, DataSize=64618, Duration=0.181865, RunGuid=RunID1C79A73A414D7D2E6B3A949852008D6F
DDCTransactionId01384B1C4332ED10C04FE18EC6345BDC_383, PutCachedData=, CacheKey=PhysXPC_FULL_5DF9E1AAB7CC4DCCB2965BA1A78DFE8_383215C847036FD688B19EDE1CCEEC1D, StartTime=2016.04.01-22.33.53, HierarchicalDDC=, DataSize=64618, Duration=0.144709, RunGuid=RunID1C79A73A414D7D2E6B3A949852008D6F
DDCTransactionId01384B1C4332ED10C04FE18EC6345BDC_384, PutCachedData=, CacheKey=PhysXPC_VIS_5DF9E1AAB7CC4DCCB2965BA1A78DFE8_B86B4A3F4D3DD6D13D82A5B8E3A4A5CA, StartTime=2016.04.01-22.33.53, HierarchicalDDC=, DataSize=64618, Duration=0.146180, RunGuid=RunID1C79A73A414D7D2E6B3A949852008D6F
DDCTransactionId01384B1C4332ED10C04FE18EC6345BDC_385, PutCachedData=, CacheKey=PhysXPC_FULL_5DF9E1AAB7CC4DCCB2965BA1A78DFE8_85424FAC5224D2A05ECB8BB374BFF28A, StartTime=2016.04.01-22.33.53, HierarchicalDDC=, DataSize=64618, Duration=0.172090, RunGuid=RunID1C79A73A414D7D2E6B3A949852008D6F
DDCTransactionIdFC1C83824942CA647BFFB5A59F97735F_370, PutCachedData=, CacheKey=PhysXPC_VIS_5DF9E1AAB7CC4DCCB2965BA1A78DFE8_C65467A9401933027E5FE2A346075259, StartTime=2016.04.01-22.33.53, HierarchicalDDC=, DataSize=64618, Duration=0.267420, RunGuid=RunID1C79A73A414D7D2E6B3A949852008D6F
DDCTransactionId01384B1C4332ED10C04FE18EC6345BDC_386, PutCachedData=, CacheKey=PhysXPC_FULL_5DF9E1AAB7CC4DCCB2965BA1A78DFE8_BEA6BB46D22FE907EF10C2E0D7179581, StartTime=2016.04.01-22.33.53, HierarchicalDDC=, DataSize=64618, Duration=0.169646, RunGuid=RunID1C79A73A414D7D2E6B3A949852008D6F
DDCTransactionIdFC1C83824942CA647BFFB5A59F97735F_371, PutCachedData=, CacheKey=PhysXPC_VIS_5DF9E1AAB7CC4DCCB2965BA1A78DFE8_143CA0AE4C147D056FB962B189A91298, StartTime=2016.04.01-22.33.53, HierarchicalDDC=, DataSize=64618, Duration=0.213157, RunGuid=RunID1C79A73A414D7D2E6B3A949852008D6F
DDCTransactionId01384B1C4332ED10C04FE18EC6345BDC_387, PutCachedData=, CacheKey=PhysXPC_FULL_5DF9E1AAB7CC4DCCB2965BA1A78DFE8_D576415A1CC0BF467139229BD1439641, StartTime=2016.04.01-22.33.53, HierarchicalDDC=, DataSize=64618, Duration=0.163291, RunGuid=RunID1C79A73A414D7D2E6B3A949852008D6F
DDCTransactionIdFC1C83824942CA647BFFB5A59F97735F_372, PutCachedData=, CacheKey=PhysXPC_VIS_5DF9E1AAB7CC4DCCB2965BA1A78DFE8_D8A8FAAF4120D40B174474BC1E213CB1, StartTime=2016.04.01-22.33.53, HierarchicalDDC=, DataSize=64618, Duration=0.145201, RunGuid=RunID1C79A73A414D7D2E6B3A949852008D6F
DDCTransactionId01384B1C4332ED10C04FE18EC6345BDC_388, PutCachedData=, CacheKey=PhysXPC_FULL_5DF9E1AAB7CC4DCCB2965BA1A78DFE8_88150FE4D98F01DF1632C831E33ED29B, StartTime=2016.04.01-22.33.53, HierarchicalDDC=, DataSize=64618, Duration=0.158399, RunGuid=RunID1C79A73A414D7D2E6B3A949852008D6F
DDCTransactionIdFC1C83824942CA647BFFB5A59F97735F_373, PutCachedData=, CacheKey=PhysXPC_VIS_5DF9E1AAB7CC4DCCB2965BA1A78DFE8_B8E35920493F22CB9963F6A013CA5700, StartTime=2016.04.01-22.33.53, HierarchicalDDC=, DataSize=64618, Duration=0.173554, RunGuid=RunID1C79A73A414D7D2E6B3A949852008D6F
DDCTransactionId01384B1C4332ED10C04FE18EC6345BDC_389, PutCachedData=, CacheKey=PhysXPC_FULL_5DF9E1AAB7CC4DCCB2965BA1A78DFE8_30BB1C618A12D171406750FA965D5D00, StartTime=2016.04.01-22.33.53, HierarchicalDDC=, DataSize=64618, Duration=0.154488, RunGuid=RunID1C79A73A414D7D2E6B3A949852008D6F
DDCTransactionIdFC1C83824942CA647BFFB5A59F97735F_374, PutCachedData=, CacheKey=PhysXPC_VIS_5DF9E1AAB7CC4DCCB2965BA1A78DFE8_31F83DA64C66E6100EF1F7A380E6CF6C, StartTime=2016.04.01-22.33.53, HierarchicalDDC=, DataSize=64618, Duration=0.179421, RunGuid=RunID1C79A73A414D7D2E6B3A949852008D6F
DDCTransactionId01384B1C4332ED10C04FE18EC6345BDC_390, PutCachedData=, CacheKey=PhysXPC_FULL_5DF9E1AAB7CC4DCCB2965BA1A78DFE8_E99132DCFDB09B91A70E1E2AE43F58A3, StartTime=2016.04.01-22.33.53, HierarchicalDDC=, DataSize=64618, Duration=0.211686, RunGuid=RunID1C79A73A414D7D2E6B3A949852008D6F
DDCTransactionId01384B1C4332ED10C04FE18EC6345BDC_391, PutCachedData=, CacheKey=PhysXPC_VIS_5DF9E1AAB7CC4DCCB2965BA1A78DFE8_549B7FBD47672AB6AB9F2299CEB441D6, StartTime=2016.04.01-22.33.53, HierarchicalDDC=, DataSize=64618, Duration=0.194088, RunGuid=RunID1C79A73A414D7D2E6B3A949852008D6F
DDCTransactionIdFC1C83824942CA647BFFB5A59F97735F_375, PutCachedData=, CacheKey=PhysXPC_FULL_5DF9E1AAB7CC4DCCB2965BA1A78DFE8_3BF19DDC7B7DC5CCD2FD5D1F0985B63E, StartTime=2016.04.01-22.33.53, HierarchicalDDC=, DataSize=64618, Duration=0.158891, RunGuid=RunID1C79A73A414D7D2E6B3A949852008D6F
DDCTransactionIdFC1C83824942CA647BFFB5A59F97735F_376, PutCachedData=, CacheKey=PhysXPC_VIS_5DF9E1AAB7CC4DCCB2965BA1A78DFE8_99702F204D77FD5BEB56CFBFCC2BE14A, StartTime=2016.04.01-22.33.53, HierarchicalDDC=, DataSize=64618, Duration=0.154492, RunGuid=RunID1C79A73A414D7D2E6B3A949852008D6F
DDCTransactionId01384B1C4332ED10C04FE18EC6345BDC_392, PutCachedData=, CacheKey=PhysXPC_FULL_5DF9E1AAB7CC4DCCB2965BA1A78DFE8_1062E6071ED21BF980F2AA211533CE4E, StartTime=2016.04.01-22.33.53, HierarchicalDDC=, DataSize=64618, Duration=0.157423, RunGuid=RunID1C79A73A414D7D2E6B3A949852008D6F
DDCTransactionId01384B1C4332ED10C04FE18EC6345BDC_393, PutCachedData=, CacheKey=PhysXPC_VIS_5DF9E1AAB7CC4DCCB2965BA1A78DFE8_89927E0947B90D9BCB539F875CE7B015, StartTime=2016.04.01-22.33.53, HierarchicalDDC=, DataSize=64618, Duration=0.141777, RunGuid=RunID1C79A73A414D7D2E6B3A949852008D6F
DDCTransactionIdFC1C83824942CA647BFFB5A59F97735F_377, PutCachedData=, CacheKey=PhysXPC_FULL_5DF9E1AAB7CC4DCCB2965BA1A78DFE8_9840EF219AE01AB6B2160DA0F3937E0C, StartTime=2016.04.01-22.33.53, HierarchicalDDC=, DataSize=64618, Duration=0.198003, RunGuid=RunID1C79A73A414D7D2E6B3A949852008D6F
DDCTransactionId01384B1C4332ED10C04FE18EC6345BDC_394, PutCachedData=, CacheKey=PhysXPC_VIS_5DF9E1AAB7CC4DCCB2965BA1A78DFE8_5CD6FECC4F19917971E9DDB135F5074D, StartTime=2016.04.01-22.33.53, HierarchicalDDC=, DataSize=64618, Duration=0.133954, RunGuid=RunID1C79A73A414D7D2E6B3A949852008D6F
DDCTransactionIdFC1C83824942CA647BFFB5A59F97735F_378, PutCachedData=, CacheKey=PhysXPC_FULL_5DF9E1AAB7CC4DCCB2965BA1A78DFE8_3F121815F8F0CC3E8F00F2BE7FDF9C5E, StartTime=2016.04.01-22.33.53, HierarchicalDDC=, DataSize=64618, Duration=0.137869, RunGuid=RunID1C79A73A414D7D2E6B3A949852008D6F
DDCTransactionId01384B1C4332ED10C04FE18EC6345BDC_395, PutCachedData=, CacheKey=PhysXPC_VIS_5DF9E1AAB7CC4DCCB2965BA1A78DFE8_7B61CC6A44F69A23A7C951980FADFF0F, StartTime=2016.04.01-22.33.53, HierarchicalDDC=, DataSize=64618, Duration=0.131022, RunGuid=RunID1C79A73A414D7D2E6B3A949852008D6F
DDCTransactionIdFC1C83824942CA647BFFB5A59F97735F_379, PutCachedData=, CacheKey=PhysXPC_FULL_5DF9E1AAB7CC4DCCB2965BA1A78DFE8_9C3CA5BB2D420C012C57E8203C35FB43, StartTime=2016.04.01-22.33.53, HierarchicalDDC=, DataSize=64618, Duration=0.137378, RunGuid=RunID1C79A73A414D7D2E6B3A949852008D6F
DDCTransactionId01384B1C4332ED10C04FE18EC6345BDC_396, PutCachedData=, CacheKey=PhysXPC_VIS_5DF9E1AAB7CC4DCCB2965BA1A78DFE8_A2B34143434D86344F2DDCB3CA277796, StartTime=2016.04.01-22.33.53, HierarchicalDDC=, DataSize=64618, Duration=0.133958, RunGuid=RunID1C79A73A414D7D2E6B3A949852008D6F
DDCTransactionIdFC1C83824942CA647BFFB5A59F97735F_380, PutCachedData=, CacheKey=PhysXPC_FULL_5DF9E1AAB7CC4DCCB2965BA1A78DFE8_A32E9CC140154127AAE7119241CBCF27, StartTime=2016.04.01-22.33.53, HierarchicalDDC=, DataSize=64618, Duration=0.186753, RunGuid=RunID1C79A73A414D7D2E6B3A949852008D6F
DDCTransactionId01384B1C4332ED10C04FE18EC6345BDC_397, PutCachedData=, CacheKey=PhysXPC_VIS_5DF9E1AAB7CC4DCCB2965BA1A78DFE8_FE198A6F42FA5D8C341453BC84E6BA23, StartTime=2016.04.01-22.33.53, HierarchicalDDC=, DataSize=64618, Duration=0.185288, RunGuid=RunID1C79A73A414D7D2E6B3A949852008D6F
DDCTransactionIdFC1C83824942CA647BFFB5A59F97735F_381, PutCachedData=, CacheKey=PhysXPC_FULL_5DF9E1AAB7CC4DCCB2965BA1A78DFE8_0423D721CAC5244A179CB78503551CB8, StartTime=2016.04.01-22.33.53, HierarchicalDDC=, DataSize=64618, Duration=0.172090, RunGuid=RunID1C79A73A414D7D2E6B3A949852008D6F
DDCTransactionId01384B1C4332ED10C04FE18EC6345BDC_398, PutCachedData=, CacheKey=PhysXPC_VIS_5DF9E1AAB7CC4DCCB2965BA1A78DFE8_F2740962464C8A11FD3C508ECB8B5374, StartTime=2016.04.01-22.33.53, HierarchicalDDC=, DataSize=64618, Duration=0.160843, RunGuid=RunID1C79A73A414D7D2E6B3A949852008D6F
DDCTransactionIdFC1C83824942CA647BFFB5A59F97735F_382, PutCachedData=, CacheKey=PhysXPC_FULL_5DF9E1AAB7CC4DCCB2965BA1A78DFE8_8E1888C9B3E906BE0574A981C59D9F8F, StartTime=2016.04.01-22.33.53, HierarchicalDDC=, DataSize=64618, Duration=0.168178, RunGuid=RunID1C79A73A414D7D2E6B3A949852008D6F
DDCTransactionId01384B1C4332ED10C04FE18EC6345BDC_399, PutCachedData=, CacheKey=PhysXPC_VIS_5DF9E1AAB7CC4DCCB2965BA1A78DFE8_1A2B442E49ACD489E278A6A10846DD23, StartTime=2016.04.01-22.33.53, HierarchicalDDC=, DataSize=64618, Duration=0.173070, RunGuid=RunID1C79A73A414D7D2E6B3A949852008D6F
DDCTransactionIdFC1C83824942CA647BFFB5A59F97735F_383, PutCachedData=, CacheKey=PhysXPC_FULL_5DF9E1AAB7CC4DCCB2965BA1A78DFE8_38584850151A47CE6931C358A7976ADD, StartTime=2016.04.01-22.33.53, HierarchicalDDC=, DataSize=64618, Duration=0.150088, RunGuid=RunID1C79A73A414D7D2E6B3A949852008D6F
DDCTransactionIdFC1C83824942CA647BFFB5A59F97735F_384, PutCachedData=, CacheKey=PhysXPC_VIS_5DF9E1AAB7CC4DCCB2965BA1A78DFE8_0B4D32074BA9413E887604A192B44196, StartTime=2016.04.01-22.33.53, HierarchicalDDC=, DataSize=64618, Duration=0.170134, RunGuid=RunID1C79A73A414D7D2E6B3A949852008D6F
DDCTransactionId01384B1C4332ED10C04FE18EC6345BDC_400, PutCachedData=, CacheKey=PhysXPC_FULL_5DF9E1AAB7CC4DCCB2965BA1A78DFE8_05291897F99512A22013DADE459148AA, StartTime=2016.04.01-22.33.53, HierarchicalDDC=, DataSize=64618, Duration=0.159379, RunGuid=RunID1C79A73A414D7D2E6B3A949852008D6F
DDCTransactionId01384B1C4332ED10C04FE18EC6345BDC_401, PutCachedData=, CacheKey=PhysXPC_VIS_5DF9E1AAB7CC4DCCB2965BA1A78DFE8_9F672DD1483C40B6CA73A5815CE82E41, StartTime=2016.04.01-22.33.53, HierarchicalDDC=, DataSize=64618, Duration=0.141777, RunGuid=RunID1C79A73A414D7D2E6B3A949852008D6F
DDCTransactionIdFC1C83824942CA647BFFB5A59F97735F_385, PutCachedData=, CacheKey=PhysXPC_FULL_5DF9E1AAB7CC4DCCB2965BA1A78DFE8_AA68CAE0453C5C38D36FC48282045A8A, StartTime=2016.04.01-22.33.53, HierarchicalDDC=, DataSize=64618, Duration=0.143241, RunGuid=RunID1C79A73A414D7D2E6B3A949852008D6F
DDCTransactionId01384B1C4332ED10C04FE18EC6345BDC_402, PutCachedData=, CacheKey=PhysXPC_VIS_5DF9E1AAB7CC4DCCB2965BA1A78DFE8_7D84E79441E5173208DF918E8BBA1AF7, StartTime=2016.04.01-22.33.53, HierarchicalDDC=, DataSize=64618, Duration=0.158399, RunGuid=RunID1C79A73A414D7D2E6B3A949852008D6F
DDCTransactionIdFC1C83824942CA647BFFB5A59F97735F_386, PutCachedData=, CacheKey=PhysXPC_FULL_5DF9E1AAB7CC4DCCB2965BA1A78DFE8_16F0FC66C38F287091568EF23484DFB6, StartTime=2016.04.01-22.33.53, HierarchicalDDC=, DataSize=64618, Duration=0.197023, RunGuid=RunID1C79A73A414D7D2E6B3A949852008D6F
DDCTransactionId01384B1C4332ED10C04FE18EC6345BDC_403, PutCachedData=, CacheKey=PhysXPC_VIS_5DF9E1AAB7CC4DCCB2965BA1A78DFE8_D29F3BF044C2563FD0B140A7B552181E, StartTime=2016.04.01-22.33.53, HierarchicalDDC=, DataSize=64618, Duration=0.137378, RunGuid=RunID1C79A73A414D7D2E6B3A949852008D6F
DDCTransactionIdFC1C83824942CA647BFFB5A59F97735F_387, PutCachedData=, CacheKey=PhysXPC_FULL_5DF9E1AAB7CC4DCCB2965BA1A78DFE8_2BDD662DFF5CB1D197BD292552DB6386, StartTime=2016.04.01-22.33.53, HierarchicalDDC=, DataSize=64618, Duration=0.171602, RunGuid=RunID1C79A73A414D7D2E6B3A949852008D6F
DDCTransactionId01384B1C4332ED10C04FE18EC6345BDC_404, PutCachedData=, CacheKey=PhysXPC_VIS_5DF9E1AAB7CC4DCCB2965BA1A78DFE8_F6D32D55448499A168BAE8A4399F9B2C, StartTime=2016.04.01-22.33.53, HierarchicalDDC=, DataSize=64618, Duration=0.135422, RunGuid=RunID1C79A73A414D7D2E6B3A949852008D6F
DDCTransactionIdFC1C83824942CA647BFFB5A59F97735F_388, PutCachedData=, CacheKey=PhysXPC_FULL_5DF9E1AAB7CC4DCCB2965BA1A78DFE8_667BFBE177B7417212CE7597C0F0B972, StartTime=2016.04.01-22.33.53, HierarchicalDDC=, DataSize=64618, Duration=0.139821, RunGuid=RunID1C79A73A414D7D2E6B3A949852008D6F
DDCTransactionId01384B1C4332ED10C04FE18EC6345BDC_405, PutCachedData=, CacheKey=PhysXPC_VIS_5DF9E1AAB7CC4DCCB2965BA1A78DFE8_A166D6A04AF88F9B98606A97D72AB979, StartTime=2016.04.01-22.33.53, HierarchicalDDC=, DataSize=64618, Duration=0.140313, RunGuid=RunID1C79A73A414D7D2E6B3A949852008D6F
DDCTransactionIdFC1C83824942CA647BFFB5A59F97735F_389, PutCachedData=, CacheKey=PhysXPC_FULL_5DF9E1AAB7CC4DCCB2965BA1A78DFE8_D34E75FC571C4F1397A5094B2B6F6612, StartTime=2016.04.01-22.33.53, HierarchicalDDC=, DataSize=64618, Duration=0.146180, RunGuid=RunID1C79A73A414D7D2E6B3A949852008D6F
DDCTransactionId01384B1C4332ED10C04FE18EC6345BDC_406, PutCachedData=, CacheKey=PhysXPC_VIS_5DF9E1AAB7CC4DCCB2965BA1A78DFE8_998439244C8C6B6DB41B70AA560D1A6D, StartTime=2016.04.01-22.33.53, HierarchicalDDC=, DataSize=64618, Duration=0.135913, RunGuid=RunID1C79A73A414D7D2E6B3A949852008D6F
DDCTransactionIdFC1C83824942CA647BFFB5A59F97735F_390, PutCachedData=, CacheKey=PhysXPC_FULL_5DF9E1AAB7CC4DCCB2965BA1A78DFE8_A12B2A4DF091EBA4B01C5A72A552BD3E, StartTime=2016.04.01-22.33.53, HierarchicalDDC=, DataSize=64618, Duration=0.133466, RunGuid=RunID1C79A73A414D7D2E6B3A949852008D6F
DDCTransactionId01384B1C4332ED10C04FE18EC6345BDC_407, PutCachedData=, CacheKey=PhysXPC_VIS_5DF9E1AAB7CC4DCCB2965BA1A78DFE8_493D281B4D65D016895ADC8184A9B2A8, StartTime=2016.04.01-22.33.53, HierarchicalDDC=, DataSize=64618, Duration=0.151068, RunGuid=RunID1C79A73A414D7D2E6B3A949852008D6F
DDCTransactionIdFC1C83824942CA647BFFB5A59F97735F_391, PutCachedData=, CacheKey=PhysXPC_FULL_5DF9E1AAB7CC4DCCB2965BA1A78DFE8_756826382D593942156F414B517059E5, StartTime=2016.04.01-22.33.53, HierarchicalDDC=, DataSize=64618, Duration=0.137378, RunGuid=RunID1C79A73A414D7D2E6B3A949852008D6F
DDCTransactionIdFC1C83824942CA647BFFB5A59F97735F_392, PutCachedData=, CacheKey=PhysXPC_VIS_5DF9E1AAB7CC4DCCB2965BA1A78DFE8_7C1E4F2A4A9EBD8D448D4C8CD3E25EA7, StartTime=2016.04.01-22.33.53, HierarchicalDDC=, DataSize=64618, Duration=0.151064, RunGuid=RunID1C79A73A414D7D2E6B3A949852008D6F
DDCTransactionId01384B1C4332ED10C04FE18EC6345BDC_408, PutCachedData=, CacheKey=PhysXPC_FULL_5DF9E1AAB7CC4DCCB2965BA1A78DFE8_3276F179D7A27AA8B65F3E5CB3235038, StartTime=2016.04.01-22.33.53, HierarchicalDDC=, DataSize=64618, Duration=0.149112, RunGuid=RunID1C79A73A414D7D2E6B3A949852008D6F
DDCTransactionIdFC1C83824942CA647BFFB5A59F97735F_393, PutCachedData=, CacheKey=PhysXPC_VIS_5DF9E1AAB7CC4DCCB2965BA1A78DFE8_6DD95C0746A6E4151F0169B5174B0997, StartTime=2016.04.01-22.33.53, HierarchicalDDC=, DataSize=64618, Duration=0.154976, RunGuid=RunID1C79A73A414D7D2E6B3A949852008D6F
DDCTransactionId01384B1C4332ED10C04FE18EC6345BDC_409, PutCachedData=, CacheKey=PhysXPC_FULL_5DF9E1AAB7CC4DCCB2965BA1A78DFE8_A19EF7826E0BDA4BA24BBFD0D7880EDF, StartTime=2016.04.01-22.33.53, HierarchicalDDC=, DataSize=64618, Duration=0.145689, RunGuid=RunID1C79A73A414D7D2E6B3A949852008D6F
DDCTransactionIdFC1C83824942CA647BFFB5A59F97735F_394, PutCachedData=, CacheKey=PhysXPC_VIS_5DF9E1AAB7CC4DCCB2965BA1A78DFE8_3B0637E24D4E7ACED0015D8C7C543867, StartTime=2016.04.01-22.33.53, HierarchicalDDC=, DataSize=64618, Duration=0.188220, RunGuid=RunID1C79A73A414D7D2E6B3A949852008D6F
DDCTransactionId01384B1C4332ED10C04FE18EC6345BDC_410, PutCachedData=, CacheKey=PhysXPC_FULL_5DF9E1AAB7CC4DCCB2965BA1A78DFE8_D986BD6E3F5318D8125A312540DD0A36, StartTime=2016.04.01-22.33.53, HierarchicalDDC=, DataSize=64618, Duration=0.145689, RunGuid=RunID1C79A73A414D7D2E6B3A949852008D6F
DDCTransactionIdFC1C83824942CA647BFFB5A59F97735F_395, PutCachedData=, CacheKey=PhysXPC_VIS_5DF9E1AAB7CC4DCCB2965BA1A78DFE8_8B6B599E468B2F88CE48C0A7026E2558, StartTime=2016.04.01-22.33.53, HierarchicalDDC=, DataSize=64618, Duration=0.265956, RunGuid=RunID1C79A73A414D7D2E6B3A949852008D6F
DDCTransactionId01384B1C4332ED10C04FE18EC6345BDC_411, PutCachedData=, CacheKey=PhysXPC_FULL_5DF9E1AAB7CC4DCCB2965BA1A78DFE8_C7F540B3D9DD8ACC518F205E2B168649, StartTime=2016.04.01-22.33.53, HierarchicalDDC=, DataSize=64618, Duration=0.170622, RunGuid=RunID1C79A73A414D7D2E6B3A949852008D6F
DDCTransactionIdFC1C83824942CA647BFFB5A59F97735F_396, PutCachedData=, CacheKey=PhysXPC_VIS_5DF9E1AAB7CC4DCCB2965BA1A78DFE8_8891CB4A4AF83039305D0FBA42563FDE, StartTime=2016.04.01-22.33.53, HierarchicalDDC=, DataSize=64618, Duration=0.156932, RunGuid=RunID1C79A73A414D7D2E6B3A949852008D6F
DDCTransactionId01384B1C4332ED10C04FE18EC6345BDC_412, PutCachedData=, CacheKey=PhysXPC_FULL_5DF9E1AAB7CC4DCCB2965BA1A78DFE8_9B9BA68BFA07CDA17437F102AAE58C61, StartTime=2016.04.01-22.33.53, HierarchicalDDC=, DataSize=64618, Duration=0.189200, RunGuid=RunID1C79A73A414D7D2E6B3A949852008D6F
DDCTransactionIdFC1C83824942CA647BFFB5A59F97735F_397, PutCachedData=, CacheKey=PhysXPC_VIS_5DF9E1AAB7CC4DCCB2965BA1A78DFE8_14CDE87F48A3FF8A03D058952068791F, StartTime=2016.04.01-22.33.53, HierarchicalDDC=, DataSize=64618, Duration=0.139825, RunGuid=RunID1C79A73A414D7D2E6B3A949852008D6F
DDCTransactionId01384B1C4332ED10C04FE18EC6345BDC_413, PutCachedData=, CacheKey=PhysXPC_FULL_5DF9E1AAB7CC4DCCB2965BA1A78DFE8_A58DC1D789F663FE09A8CAC3FCA894A5, StartTime=2016.04.01-22.33.53, HierarchicalDDC=, DataSize=64618, Duration=0.144221, RunGuid=RunID1C79A73A414D7D2E6B3A949852008D6F
DDCTransactionIdFC1C83824942CA647BFFB5A59F97735F_398, PutCachedData=, CacheKey=PhysXPC_VIS_5DF9E1AAB7CC4DCCB2965BA1A78DFE8_C77323714479D286EA7D60B086F8B2EA, StartTime=2016.04.01-22.33.53, HierarchicalDDC=, DataSize=64618, Duration=0.154980, RunGuid=RunID1C79A73A414D7D2E6B3A949852008D6F
DDCTransactionId01384B1C4332ED10C04FE18EC6345BDC_414, PutCachedData=, CacheKey=PhysXPC_FULL_5DF9E1AAB7CC4DCCB2965BA1A78DFE8_93CA0F2695D100558935B9562B14573C, StartTime=2016.04.01-22.33.53, HierarchicalDDC=, DataSize=64618, Duration=0.172090, RunGuid=RunID1C79A73A414D7D2E6B3A949852008D6F
DDCTransactionIdFC1C83824942CA647BFFB5A59F97735F_399, PutCachedData=, CacheKey=PhysXPC_VIS_5DF9E1AAB7CC4DCCB2965BA1A78DFE8_03D4C52E468BAF6DACEE48B56C64F2B2, StartTime=2016.04.01-22.33.53, HierarchicalDDC=, DataSize=64618, Duration=0.164755, RunGuid=RunID1C79A73A414D7D2E6B3A949852008D6F
DDCTransactionId01384B1C4332ED10C04FE18EC6345BDC_415, PutCachedData=, CacheKey=PhysXPC_FULL_5DF9E1AAB7CC4DCCB2965BA1A78DFE8_3E87D59DDC7B4BBF22C7460B6FF008E7, StartTime=2016.04.01-22.33.53, HierarchicalDDC=, DataSize=64618, Duration=0.187736, RunGuid=RunID1C79A73A414D7D2E6B3A949852008D6F
DDCTransactionIdFC1C83824942CA647BFFB5A59F97735F_400, PutCachedData=, CacheKey=PhysXPC_VIS_5DF9E1AAB7CC4DCCB2965BA1A78DFE8_CF9193CA4DBE12FB4D48A7BE010C667E, StartTime=2016.04.01-22.33.53, HierarchicalDDC=, DataSize=64618, Duration=0.140309, RunGuid=RunID1C79A73A414D7D2E6B3A949852008D6F
DDCTransactionId01384B1C4332ED10C04FE18EC6345BDC_416, PutCachedData=, CacheKey=PhysXPC_FULL_5DF9E1AAB7CC4DCCB2965BA1A78DFE8_CF11DCF88AD883AD55ED8E469A7B5BC7, StartTime=2016.04.01-22.33.53, HierarchicalDDC=, DataSize=64618, Duration=0.170134, RunGuid=RunID1C79A73A414D7D2E6B3A949852008D6F
DDCTransactionIdFC1C83824942CA647BFFB5A59F97735F_401, PutCachedData=, CacheKey=PhysXPC_VIS_5DF9E1AAB7CC4DCCB2965BA1A78DFE8_A477D7F04E521863507598B34ACDDA1C, StartTime=2016.04.01-22.33.53, HierarchicalDDC=, DataSize=64618, Duration=0.155468, RunGuid=RunID1C79A73A414D7D2E6B3A949852008D6F
DDCTransactionId01384B1C4332ED10C04FE18EC6345BDC_417, PutCachedData=, CacheKey=PhysXPC_FULL_5DF9E1AAB7CC4DCCB2965BA1A78DFE8_986C714252DE9BE2542FDC0F498AACDA, StartTime=2016.04.01-22.33.53, HierarchicalDDC=, DataSize=64618, Duration=0.158403, RunGuid=RunID1C79A73A414D7D2E6B3A949852008D6F
DDCTransactionIdFC1C83824942CA647BFFB5A59F97735F_402, PutCachedData=, CacheKey=PhysXPC_VIS_5DF9E1AAB7CC4DCCB2965BA1A78DFE8_0910A5BA4D79771F49CB33AAA9A8B618, StartTime=2016.04.01-22.33.53, HierarchicalDDC=, DataSize=64618, Duration=0.127599, RunGuid=RunID1C79A73A414D7D2E6B3A949852008D6F
DDCTransactionId01384B1C4332ED10C04FE18EC6345BDC_418, PutCachedData=, CacheKey=PhysXPC_FULL_5DF9E1AAB7CC4DCCB2965BA1A78DFE8_D1FD7C880E212FA6E8FDA594EDF89268, StartTime=2016.04.01-22.33.53, HierarchicalDDC=, DataSize=64618, Duration=0.158399, RunGuid=RunID1C79A73A414D7D2E6B3A949852008D6F
DDCTransactionIdFC1C83824942CA647BFFB5A59F97735F_403, PutCachedData=, CacheKey=PhysXPC_VIS_5DF9E1AAB7CC4DCCB2965BA1A78DFE8_D31D414043BAFDA41DB81182265C0FD3, StartTime=2016.04.01-22.33.53, HierarchicalDDC=, DataSize=64618, Duration=0.192136, RunGuid=RunID1C79A73A414D7D2E6B3A949852008D6F
DDCTransactionId01384B1C4332ED10C04FE18EC6345BDC_419, PutCachedData=, CacheKey=PhysXPC_FULL_5DF9E1AAB7CC4DCCB2965BA1A78DFE8_39209C2F14A18A103785ABCAE91E3D94, StartTime=2016.04.01-22.33.53, HierarchicalDDC=, DataSize=64618, Duration=0.142757, RunGuid=RunID1C79A73A414D7D2E6B3A949852008D6F
DDCTransactionIdFC1C83824942CA647BFFB5A59F97735F_404, PutCachedData=, CacheKey=PhysXPC_VIS_5DF9E1AAB7CC4DCCB2965BA1A78DFE8_8DFC5A6E47E69B5D281EDEA1A01D2AF0, StartTime=2016.04.01-22.33.53, HierarchicalDDC=, DataSize=64618, Duration=0.138845, RunGuid=RunID1C79A73A414D7D2E6B3A949852008D6F
DDCTransactionId01384B1C4332ED10C04FE18EC6345BDC_420, PutCachedData=, CacheKey=PhysXPC_FULL_5DF9E1AAB7CC4DCCB2965BA1A78DFE8_C03998BDD9AE180599480EE7D6FDC93E, StartTime=2016.04.01-22.33.53, HierarchicalDDC=, DataSize=64618, Duration=0.165243, RunGuid=RunID1C79A73A414D7D2E6B3A949852008D6F
DDCTransactionIdFC1C83824942CA647BFFB5A59F97735F_405, PutCachedData=, CacheKey=PhysXPC_VIS_5DF9E1AAB7CC4DCCB2965BA1A78DFE8_D6C61809478C2F5AB5EEA785659A4850, StartTime=2016.04.01-22.33.53, HierarchicalDDC=, DataSize=64618, Duration=0.154492, RunGuid=RunID1C79A73A414D7D2E6B3A949852008D6F
DDCTransactionId01384B1C4332ED10C04FE18EC6345BDC_421, PutCachedData=, CacheKey=PhysXPC_FULL_5DF9E1AAB7CC4DCCB2965BA1A78DFE8_000F215B0324E4DF55143E7144C4FAA2, StartTime=2016.04.01-22.33.53, HierarchicalDDC=, DataSize=64618, Duration=0.176489, RunGuid=RunID1C79A73A414D7D2E6B3A949852008D6F
DDCTransactionIdFC1C83824942CA647BFFB5A59F97735F_406, PutCachedData=, CacheKey=PhysXPC_VIS_5DF9E1AAB7CC4DCCB2965BA1A78DFE8_55A662DF4010E969AC0100AEDF7BEEFC, StartTime=2016.04.01-22.33.53, HierarchicalDDC=, DataSize=64618, Duration=0.170622, RunGuid=RunID1C79A73A414D7D2E6B3A949852008D6F
DDCTransactionId01384B1C4332ED10C04FE18EC6345BDC_422, PutCachedData=, CacheKey=PhysXPC_FULL_5DF9E1AAB7CC4DCCB2965BA1A78DFE8_AE9A749B586E78D95DEE72D380E46176, StartTime=2016.04.01-22.33.53, HierarchicalDDC=, DataSize=64618, Duration=0.160847, RunGuid=RunID1C79A73A414D7D2E6B3A949852008D6F
DDCTransactionIdFC1C83824942CA647BFFB5A59F97735F_407, PutCachedData=, CacheKey=PhysXPC_VIS_5DF9E1AAB7CC4DCCB2965BA1A78DFE8_C53038B7497DA466A4EB839D9580A02D, StartTime=2016.04.01-22.33.53, HierarchicalDDC=, DataSize=64618, Duration=0.265468, RunGuid=RunID1C79A73A414D7D2E6B3A949852008D6F
DDCTransactionId01384B1C4332ED10C04FE18EC6345BDC_423, PutCachedData=, CacheKey=PhysXPC_FULL_5DF9E1AAB7CC4DCCB2965BA1A78DFE8_09CB2DE7662D4D8ECB56BA7F5F72388B, StartTime=2016.04.01-22.33.53, HierarchicalDDC=, DataSize=64618, Duration=0.183821, RunGuid=RunID1C79A73A414D7D2E6B3A949852008D6F
DDCTransactionIdFC1C83824942CA647BFFB5A59F97735F_408, PutCachedData=, CacheKey=PhysXPC_VIS_5DF9E1AAB7CC4DCCB2965BA1A78DFE8_6131613B438A3FB5C4FA7EAD28F313BC, StartTime=2016.04.01-22.33.53, HierarchicalDDC=, DataSize=64618, Duration=0.141289, RunGuid=RunID1C79A73A414D7D2E6B3A949852008D6F
DDCTransactionId01384B1C4332ED10C04FE18EC6345BDC_424, PutCachedData=, CacheKey=PhysXPC_FULL_5DF9E1AAB7CC4DCCB2965BA1A78DFE8_7261046485140CCA446C37B90E08BB4A, StartTime=2016.04.01-22.33.53, HierarchicalDDC=, DataSize=64618, Duration=0.134442, RunGuid=RunID1C79A73A414D7D2E6B3A949852008D6F
DDCTransactionId01384B1C4332ED10C04FE18EC6345BDC_425, PutCachedData=, CacheKey=PhysXPC_VIS_5DF9E1AAB7CC4DCCB2965BA1A78DFE8_588EFEAA42730E86D0796A9A37D3ED5C, StartTime=2016.04.01-22.33.53, HierarchicalDDC=, DataSize=64618, Duration=0.157911, RunGuid=RunID1C79A73A414D7D2E6B3A949852008D6F
DDCTransactionIdFC1C83824942CA647BFFB5A59F97735F_409, PutCachedData=, CacheKey=PhysXPC_FULL_5DF9E1AAB7CC4DCCB2965BA1A78DFE8_1DEC5D076ABC278335C5B27A1ECE73E2, StartTime=2016.04.01-22.33.53, HierarchicalDDC=, DataSize=64618, Duration=0.255689, RunGuid=RunID1C79A73A414D7D2E6B3A949852008D6F
DDCTransactionId01384B1C4332ED10C04FE18EC6345BDC_426, PutCachedData=, CacheKey=PhysXPC_VIS_5DF9E1AAB7CC4DCCB2965BA1A78DFE8_EC9BBFCA4D4D0F335AD73BAC9F980C37, StartTime=2016.04.01-22.33.53, HierarchicalDDC=, DataSize=64618, Duration=0.168666, RunGuid=RunID1C79A73A414D7D2E6B3A949852008D6F
DDCTransactionIdFC1C83824942CA647BFFB5A59F97735F_410, PutCachedData=, CacheKey=PhysXPC_FULL_5DF9E1AAB7CC4DCCB2965BA1A78DFE8_1719D63F81F1BD8C64B5C97861BEAAFD, StartTime=2016.04.01-22.33.53, HierarchicalDDC=, DataSize=64618, Duration=0.159375, RunGuid=RunID1C79A73A414D7D2E6B3A949852008D6F
DDCTransactionId01384B1C4332ED10C04FE18EC6345BDC_427, PutCachedData=, CacheKey=PhysXPC_VIS_5DF9E1AAB7CC4DCCB2965BA1A78DFE8_0BCA26E841ACAB23098A42BD0B0D0373, StartTime=2016.04.01-22.33.53, HierarchicalDDC=, DataSize=64618, Duration=0.149112, RunGuid=RunID1C79A73A414D7D2E6B3A949852008D6F
DDCTransactionIdFC1C83824942CA647BFFB5A59F97735F_411, PutCachedData=, CacheKey=PhysXPC_FULL_5DF9E1AAB7CC4DCCB2965BA1A78DFE8_67F3F03BF369C58F27EB80CC90E9E952, StartTime=2016.04.01-22.33.53, HierarchicalDDC=, DataSize=64618, Duration=0.163779, RunGuid=RunID1C79A73A414D7D2E6B3A949852008D6F
DDCTransactionId01384B1C4332ED10C04FE18EC6345BDC_428, PutCachedData=, CacheKey=PhysXPC_VIS_5DF9E1AAB7CC4DCCB2965BA1A78DFE8_BE698AD74ABE1CB6106676A89CA08B91, StartTime=2016.04.01-22.33.53, HierarchicalDDC=, DataSize=64618, Duration=0.185288, RunGuid=RunID1C79A73A414D7D2E6B3A949852008D6F
DDCTransactionIdFC1C83824942CA647BFFB5A59F97735F_412, PutCachedData=, CacheKey=PhysXPC_FULL_5DF9E1AAB7CC4DCCB2965BA1A78DFE8_8CA65CB77F00EF028401C9E62ED3CE1B, StartTime=2016.04.01-22.33.53, HierarchicalDDC=, DataSize=64618, Duration=0.161335, RunGuid=RunID1C79A73A414D7D2E6B3A949852008D6F
DDCTransactionIdFC1C83824942CA647BFFB5A59F97735F_413, PutCachedData=, CacheKey=PhysXPC_VIS_5DF9E1AAB7CC4DCCB2965BA1A78DFE8_213A5E7849DFE46A6C79F39F3CAAA6DF, StartTime=2016.04.01-22.33.53, HierarchicalDDC=, DataSize=64618, Duration=0.162311, RunGuid=RunID1C79A73A414D7D2E6B3A949852008D6F
DDCTransactionId01384B1C4332ED10C04FE18EC6345BDC_429, PutCachedData=, CacheKey=PhysXPC_FULL_5DF9E1AAB7CC4DCCB2965BA1A78DFE8_7190535748687553C1253C69BDF5942A, StartTime=2016.04.01-22.33.53, HierarchicalDDC=, DataSize=64618, Duration=0.165731, RunGuid=RunID1C79A73A414D7D2E6B3A949852008D6F
DDCTransactionIdFC1C83824942CA647BFFB5A59F97735F_414, PutCachedData=, CacheKey=PhysXPC_VIS_5DF9E1AAB7CC4DCCB2965BA1A78DFE8_E4A4AD174275FAED81FB7EAF14216537, StartTime=2016.04.01-22.33.53, HierarchicalDDC=, DataSize=64618, Duration=0.179909, RunGuid=RunID1C79A73A414D7D2E6B3A949852008D6F
DDCTransactionId01384B1C4332ED10C04FE18EC6345BDC_430, PutCachedData=, CacheKey=PhysXPC_FULL_5DF9E1AAB7CC4DCCB2965BA1A78DFE8_21AD679F931A2F74978F4E82024BC339, StartTime=2016.04.01-22.33.53, HierarchicalDDC=, DataSize=64618, Duration=0.213645, RunGuid=RunID1C79A73A414D7D2E6B3A949852008D6F
DDCTransactionIdFC1C83824942CA647BFFB5A59F97735F_415, PutCachedData=, CacheKey=PhysXPC_VIS_5DF9E1AAB7CC4DCCB2965BA1A78DFE8_2CC7E99B4A8275177EBFA89BDDF85F0A, StartTime=2016.04.01-22.33.53, HierarchicalDDC=, DataSize=64618, Duration=0.169154, RunGuid=RunID1C79A73A414D7D2E6B3A949852008D6F
DDCTransactionIdFC1C83824942CA647BFFB5A59F97735F_416, PutCachedData=, CacheKey=PhysXPC_FULL_5DF9E1AAB7CC4DCCB2965BA1A78DFE8_0BA59CAD8DC0FD8115FA7E2BE127313E, StartTime=2016.04.01-22.33.53, HierarchicalDDC=, DataSize=64618, Duration=0.189200, RunGuid=RunID1C79A73A414D7D2E6B3A949852008D6F
DDCTransactionId01384B1C4332ED10C04FE18EC6345BDC_431, PutCachedData=, CacheKey=PhysXPC_VIS_5DF9E1AAB7CC4DCCB2965BA1A78DFE8_CF6F073C4BA06677017414A39B685AAE, StartTime=2016.04.01-22.33.53, HierarchicalDDC=, DataSize=64618, Duration=0.145201, RunGuid=RunID1C79A73A414D7D2E6B3A949852008D6F
DDCTransactionId01384B1C4332ED10C04FE18EC6345BDC_432, PutCachedData=, CacheKey=PhysXPC_FULL_5DF9E1AAB7CC4DCCB2965BA1A78DFE8_7C475E553C2CF87833AC95729FF179C3, StartTime=2016.04.01-22.33.53, HierarchicalDDC=, DataSize=64618, Duration=0.170134, RunGuid=RunID1C79A73A414D7D2E6B3A949852008D6F
DDCTransactionIdFC1C83824942CA647BFFB5A59F97735F_417, PutCachedData=, CacheKey=PhysXPC_VIS_5DF9E1AAB7CC4DCCB2965BA1A78DFE8_B50EF41B4634A292B5FA54A4F541FA8F, StartTime=2016.04.01-22.33.53, HierarchicalDDC=, DataSize=64618, Duration=0.149112, RunGuid=RunID1C79A73A414D7D2E6B3A949852008D6F
DDCTransactionId01384B1C4332ED10C04FE18EC6345BDC_433, PutCachedData=, CacheKey=PhysXPC_FULL_5DF9E1AAB7CC4DCCB2965BA1A78DFE8_D56D39D2A9D83F45918705E55BBD9EEF, StartTime=2016.04.01-22.33.53, HierarchicalDDC=, DataSize=64618, Duration=0.142757, RunGuid=RunID1C79A73A414D7D2E6B3A949852008D6F
DDCTransactionIdFC1C83824942CA647BFFB5A59F97735F_418, PutCachedData=, CacheKey=PhysXPC_VIS_5DF9E1AAB7CC4DCCB2965BA1A78DFE8_6EF938D2483F89D7E3357AAAC3187349, StartTime=2016.04.01-22.33.53, HierarchicalDDC=, DataSize=64618, Duration=0.142269, RunGuid=RunID1C79A73A414D7D2E6B3A949852008D6F
DDCTransactionId01384B1C4332ED10C04FE18EC6345BDC_434, PutCachedData=, CacheKey=PhysXPC_FULL_5DF9E1AAB7CC4DCCB2965BA1A78DFE8_7DDC61E83FED51A4D9DD814242EFBA08, StartTime=2016.04.01-22.33.53, HierarchicalDDC=, DataSize=64618, Duration=0.141289, RunGuid=RunID1C79A73A414D7D2E6B3A949852008D6F
DDCTransactionIdFC1C83824942CA647BFFB5A59F97735F_419, PutCachedData=, CacheKey=PhysXPC_VIS_5DF9E1AAB7CC4DCCB2965BA1A78DFE8_1D1E1CC24D7BCF0F0A98038500D7084F, StartTime=2016.04.01-22.33.53, HierarchicalDDC=, DataSize=64618, Duration=0.163287, RunGuid=RunID1C79A73A414D7D2E6B3A949852008D6F
DDCTransactionId01384B1C4332ED10C04FE18EC6345BDC_435, PutCachedData=, CacheKey=PhysXPC_FULL_5DF9E1AAB7CC4DCCB2965BA1A78DFE8_3E047A79CF0B1A8E017088236CD67DC9, StartTime=2016.04.01-22.33.53, HierarchicalDDC=, DataSize=64618, Duration=0.140801, RunGuid=RunID1C79A73A414D7D2E6B3A949852008D6F
DDCTransactionIdFC1C83824942CA647BFFB5A59F97735F_420, PutCachedData=, CacheKey=PhysXPC_VIS_5DF9E1AAB7CC4DCCB2965BA1A78DFE8_57C9384A445F76E075F055BFD7AAB027, StartTime=2016.04.01-22.33.53, HierarchicalDDC=, DataSize=64618, Duration=0.208266, RunGuid=RunID1C79A73A414D7D2E6B3A949852008D6F
DDCTransactionId01384B1C4332ED10C04FE18EC6345BDC_436, PutCachedData=, CacheKey=PhysXPC_FULL_5DF9E1AAB7CC4DCCB2965BA1A78DFE8_F4B9EFD6BF0245B41762B7A7699E9626, StartTime=2016.04.01-22.33.53, HierarchicalDDC=, DataSize=64618, Duration=0.152532, RunGuid=RunID1C79A73A414D7D2E6B3A949852008D6F
DDCTransactionIdFC1C83824942CA647BFFB5A59F97735F_421, PutCachedData=, CacheKey=PhysXPC_VIS_5DF9E1AAB7CC4DCCB2965BA1A78DFE8_7334DE3945BE15E9DF8733BF7C700BD5, StartTime=2016.04.01-22.33.53, HierarchicalDDC=, DataSize=64618, Duration=0.131998, RunGuid=RunID1C79A73A414D7D2E6B3A949852008D6F
DDCTransactionId01384B1C4332ED10C04FE18EC6345BDC_437, PutCachedData=, CacheKey=PhysXPC_FULL_5DF9E1AAB7CC4DCCB2965BA1A78DFE8_C289F3B2C96F29A59BFCF4682413AC8B, StartTime=2016.04.01-22.33.53, HierarchicalDDC=, DataSize=64618, Duration=0.157908, RunGuid=RunID1C79A73A414D7D2E6B3A949852008D6F
DDCTransactionIdFC1C83824942CA647BFFB5A59F97735F_422, PutCachedData=, CacheKey=PhysXPC_VIS_5DF9E1AAB7CC4DCCB2965BA1A78DFE8_BDB0135449936CA41D85B2B1EE993C32, StartTime=2016.04.01-22.33.53, HierarchicalDDC=, DataSize=64618, Duration=0.140313, RunGuid=RunID1C79A73A414D7D2E6B3A949852008D6F
DDCTransactionIdFC1C83824942CA647BFFB5A59F97735F_423, PutCachedData=, CacheKey=PhysXPC_FULL_5DF9E1AAB7CC4DCCB2965BA1A78DFE8_1BE8BA48BC40D239896C307710A716C4, StartTime=2016.04.01-22.33.53, HierarchicalDDC=, DataSize=64618, Duration=0.156932, RunGuid=RunID1C79A73A414D7D2E6B3A949852008D6F
DDCTransactionId01384B1C4332ED10C04FE18EC6345BDC_438, PutCachedData=, CacheKey=PhysXPC_VIS_5DF9E1AAB7CC4DCCB2965BA1A78DFE8_DE4D71DD4D610F6376D5708FEFCCF696, StartTime=2016.04.01-22.33.53, HierarchicalDDC=, DataSize=64618, Duration=0.164267, RunGuid=RunID1C79A73A414D7D2E6B3A949852008D6F
DDCTransactionIdFC1C83824942CA647BFFB5A59F97735F_424, PutCachedData=, CacheKey=PhysXPC_FULL_5DF9E1AAB7CC4DCCB2965BA1A78DFE8_E19B8ED3324BA22FCA1AE0A02F9152ED, StartTime=2016.04.01-22.33.53, HierarchicalDDC=, DataSize=64618, Duration=0.169646, RunGuid=RunID1C79A73A414D7D2E6B3A949852008D6F
DDCTransactionId01384B1C4332ED10C04FE18EC6345BDC_439, PutCachedData=, CacheKey=PhysXPC_VIS_5DF9E1AAB7CC4DCCB2965BA1A78DFE8_3CA1DABD47293E17D1C38887A9ED9EBA, StartTime=2016.04.01-22.33.53, HierarchicalDDC=, DataSize=64618, Duration=0.169646, RunGuid=RunID1C79A73A414D7D2E6B3A949852008D6F
DDCTransactionIdFC1C83824942CA647BFFB5A59F97735F_425, PutCachedData=, CacheKey=PhysXPC_FULL_5DF9E1AAB7CC4DCCB2965BA1A78DFE8_500FED9A17CE40934D6C7CE51A4BB558, StartTime=2016.04.01-22.33.53, HierarchicalDDC=, DataSize=64618, Duration=0.158887, RunGuid=RunID1C79A73A414D7D2E6B3A949852008D6F
DDCTransactionId01384B1C4332ED10C04FE18EC6345BDC_440, PutCachedData=, CacheKey=PhysXPC_VIS_5DF9E1AAB7CC4DCCB2965BA1A78DFE8_6B86DA3C45750C1CD9BD1BB899714C95, StartTime=2016.04.01-22.33.53, HierarchicalDDC=, DataSize=64618, Duration=0.177953, RunGuid=RunID1C79A73A414D7D2E6B3A949852008D6F
DDCTransactionIdFC1C83824942CA647BFFB5A59F97735F_426, PutCachedData=, CacheKey=PhysXPC_FULL_5DF9E1AAB7CC4DCCB2965BA1A78DFE8_DB6B098D30F4D262D96F2108B027FAB3, StartTime=2016.04.01-22.33.53, HierarchicalDDC=, DataSize=64618, Duration=0.150576, RunGuid=RunID1C79A73A414D7D2E6B3A949852008D6F
DDCTransactionId01384B1C4332ED10C04FE18EC6345BDC_441, PutCachedData=, CacheKey=PhysXPC_VIS_5DF9E1AAB7CC4DCCB2965BA1A78DFE8_2ECEBA0A43D50C0E1CE643A8FC94DAFD, StartTime=2016.04.01-22.33.53, HierarchicalDDC=, DataSize=64618, Duration=0.145689, RunGuid=RunID1C79A73A414D7D2E6B3A949852008D6F
DDCTransactionIdFC1C83824942CA647BFFB5A59F97735F_427, PutCachedData=, CacheKey=PhysXPC_FULL_5DF9E1AAB7CC4DCCB2965BA1A78DFE8_4929D7E1805A18B8BD8143700CF40BBB, StartTime=2016.04.01-22.33.53, HierarchicalDDC=, DataSize=64618, Duration=0.187244, RunGuid=RunID1C79A73A414D7D2E6B3A949852008D6F
DDCTransactionId01384B1C4332ED10C04FE18EC6345BDC_442, PutCachedData=, CacheKey=PhysXPC_VIS_5DF9E1AAB7CC4DCCB2965BA1A78DFE8_4C2F1EDF4E850432D9F600A3B87A9BDB, StartTime=2016.04.01-22.33.53, HierarchicalDDC=, DataSize=64618, Duration=0.136890, RunGuid=RunID1C79A73A414D7D2E6B3A949852008D6F
DDCTransactionIdFC1C83824942CA647BFFB5A59F97735F_428, PutCachedData=, CacheKey=PhysXPC_FULL_5DF9E1AAB7CC4DCCB2965BA1A78DFE8_9561A7F5EC95831D9DAE1C130E92E952, StartTime=2016.04.01-22.33.53, HierarchicalDDC=, DataSize=64618, Duration=0.195555, RunGuid=RunID1C79A73A414D7D2E6B3A949852008D6F
DDCTransactionId01384B1C4332ED10C04FE18EC6345BDC_443, PutCachedData=, CacheKey=PhysXPC_VIS_5DF9E1AAB7CC4DCCB2965BA1A78DFE8_547D22A94C27359FEE5DC98A88541810, StartTime=2016.04.01-22.33.53, HierarchicalDDC=, DataSize=64618, Duration=0.128578, RunGuid=RunID1C79A73A414D7D2E6B3A949852008D6F
DDCTransactionId01384B1C4332ED10C04FE18EC6345BDC_444, PutCachedData=, CacheKey=PhysXPC_FULL_5DF9E1AAB7CC4DCCB2965BA1A78DFE8_586E06F593B89FE5376939B66EC18007, StartTime=2016.04.01-22.33.53, HierarchicalDDC=, DataSize=64618, Duration=0.132490, RunGuid=RunID1C79A73A414D7D2E6B3A949852008D6F
DDCTransactionIdFC1C83824942CA647BFFB5A59F97735F_429, PutCachedData=, CacheKey=PhysXPC_VIS_5DF9E1AAB7CC4DCCB2965BA1A78DFE8_103F16BC4D8CDA8BD1D1D7A32BE0595D, StartTime=2016.04.01-22.33.53, HierarchicalDDC=, DataSize=64618, Duration=0.155468, RunGuid=RunID1C79A73A414D7D2E6B3A949852008D6F
DDCTransactionId01384B1C4332ED10C04FE18EC6345BDC_445, PutCachedData=, CacheKey=PhysXPC_FULL_5DF9E1AAB7CC4DCCB2965BA1A78DFE8_7FCC58DE5735288C9697B7D31A5DAC12, StartTime=2016.04.01-22.33.53, HierarchicalDDC=, DataSize=64618, Duration=0.137378, RunGuid=RunID1C79A73A414D7D2E6B3A949852008D6F
DDCTransactionIdFC1C83824942CA647BFFB5A59F97735F_430, PutCachedData=, CacheKey=PhysXPC_VIS_5DF9E1AAB7CC4DCCB2965BA1A78DFE8_2D5AAA344B55050ECCDEEC95BE8AAB4D, StartTime=2016.04.01-22.33.53, HierarchicalDDC=, DataSize=64618, Duration=0.152536, RunGuid=RunID1C79A73A414D7D2E6B3A949852008D6F
DDCTransactionId01384B1C4332ED10C04FE18EC6345BDC_446, PutCachedData=, CacheKey=PhysXPC_FULL_5DF9E1AAB7CC4DCCB2965BA1A78DFE8_33C6F31F04DD579A465EE2B905D50B34, StartTime=2016.04.01-22.33.53, HierarchicalDDC=, DataSize=64618, Duration=0.154000, RunGuid=RunID1C79A73A414D7D2E6B3A949852008D6F
DDCTransactionIdFC1C83824942CA647BFFB5A59F97735F_431, PutCachedData=, CacheKey=PhysXPC_VIS_5DF9E1AAB7CC4DCCB2965BA1A78DFE8_E715DDD3498A72D1075B67A69266066C, StartTime=2016.04.01-22.33.53, HierarchicalDDC=, DataSize=64618, Duration=0.149600, RunGuid=RunID1C79A73A414D7D2E6B3A949852008D6F
DDCTransactionId01384B1C4332ED10C04FE18EC6345BDC_447, PutCachedData=, CacheKey=PhysXPC_FULL_5DF9E1AAB7CC4DCCB2965BA1A78DFE8_CEA0FF697A4A1EC9EFA1FA6384C7F86E, StartTime=2016.04.01-22.33.53, HierarchicalDDC=, DataSize=64618, Duration=0.160847, RunGuid=RunID1C79A73A414D7D2E6B3A949852008D6F
DDCTransactionIdFC1C83824942CA647BFFB5A59F97735F_432, PutCachedData=, CacheKey=PhysXPC_VIS_5DF9E1AAB7CC4DCCB2965BA1A78DFE8_E96920A548F99C8BB6A63CB33712F315, StartTime=2016.04.01-22.33.53, HierarchicalDDC=, DataSize=64618, Duration=0.244930, RunGuid=RunID1C79A73A414D7D2E6B3A949852008D6F
DDCTransactionId01384B1C4332ED10C04FE18EC6345BDC_448, PutCachedData=, CacheKey=PhysXPC_FULL_5DF9E1AAB7CC4DCCB2965BA1A78DFE8_A606AA1E8BD46770A22C4994427B65FF, StartTime=2016.04.01-22.33.53, HierarchicalDDC=, DataSize=64618, Duration=0.140309, RunGuid=RunID1C79A73A414D7D2E6B3A949852008D6F
DDCTransactionId01384B1C4332ED10C04FE18EC6345BDC_449, PutCachedData=, CacheKey=PhysXPC_VIS_5DF9E1AAB7CC4DCCB2965BA1A78DFE8_820580464B8EC0CD4E3447B09C438024, StartTime=2016.04.01-22.33.53, HierarchicalDDC=, DataSize=64618, Duration=0.142265, RunGuid=RunID1C79A73A414D7D2E6B3A949852008D6F
DDCTransactionIdFC1C83824942CA647BFFB5A59F97735F_433, PutCachedData=, CacheKey=PhysXPC_FULL_5DF9E1AAB7CC4DCCB2965BA1A78DFE8_4F21EC7FA94AA954C50471CBF7BAC60F, StartTime=2016.04.01-22.33.53, HierarchicalDDC=, DataSize=64618, Duration=0.135910, RunGuid=RunID1C79A73A414D7D2E6B3A949852008D6F
DDCTransactionId01384B1C4332ED10C04FE18EC6345BDC_450, PutCachedData=, CacheKey=PhysXPC_VIS_5DF9E1AAB7CC4DCCB2965BA1A78DFE8_C84D90814ABBF0FD1D12BAA5C3D472E8, StartTime=2016.04.01-22.33.53, HierarchicalDDC=, DataSize=64618, Duration=0.151556, RunGuid=RunID1C79A73A414D7D2E6B3A949852008D6F
DDCTransactionIdFC1C83824942CA647BFFB5A59F97735F_434, PutCachedData=, CacheKey=PhysXPC_FULL_5DF9E1AAB7CC4DCCB2965BA1A78DFE8_A04D6E0E458ABD785EAA465332628D41, StartTime=2016.04.01-22.33.53, HierarchicalDDC=, DataSize=64618, Duration=0.141289, RunGuid=RunID1C79A73A414D7D2E6B3A949852008D6F
DDCTransactionId01384B1C4332ED10C04FE18EC6345BDC_451, PutCachedData=, CacheKey=PhysXPC_VIS_5DF9E1AAB7CC4DCCB2965BA1A78DFE8_BA2FE3A142D61C5C8452ED8008A04115, StartTime=2016.04.01-22.33.53, HierarchicalDDC=, DataSize=64618, Duration=0.131510, RunGuid=RunID1C79A73A414D7D2E6B3A949852008D6F
DDCTransactionIdFC1C83824942CA647BFFB5A59F97735F_435, PutCachedData=, CacheKey=PhysXPC_FULL_5DF9E1AAB7CC4DCCB2965BA1A78DFE8_6D1D0A16B4A3289F77DFC443D4172CE5, StartTime=2016.04.01-22.33.53, HierarchicalDDC=, DataSize=64618, Duration=0.134934, RunGuid=RunID1C79A73A414D7D2E6B3A949852008D6F
DDCTransactionId01384B1C4332ED10C04FE18EC6345BDC_452, PutCachedData=, CacheKey=PhysXPC_VIS_5DF9E1AAB7CC4DCCB2965BA1A78DFE8_1443456D4DA559339AFEC2A7008DF0F4, StartTime=2016.04.01-22.33.53, HierarchicalDDC=, DataSize=64618, Duration=0.147644, RunGuid=RunID1C79A73A414D7D2E6B3A949852008D6F
DDCTransactionIdFC1C83824942CA647BFFB5A59F97735F_436, PutCachedData=, CacheKey=PhysXPC_FULL_5DF9E1AAB7CC4DCCB2965BA1A78DFE8_4AC42BD0F177166F44A37613EF31F15A, StartTime=2016.04.01-22.33.53, HierarchicalDDC=, DataSize=64618, Duration=0.280622, RunGuid=RunID1C79A73A414D7D2E6B3A949852008D6F
DDCTransactionId01384B1C4332ED10C04FE18EC6345BDC_453, PutCachedData=, CacheKey=PhysXPC_VIS_5DF9E1AAB7CC4DCCB2965BA1A78DFE8_E6729ED2489C9670D4A8079395DB6B1D, StartTime=2016.04.01-22.33.53, HierarchicalDDC=, DataSize=64618, Duration=0.154000, RunGuid=RunID1C79A73A414D7D2E6B3A949852008D6F
DDCTransactionIdFC1C83824942CA647BFFB5A59F97735F_437, PutCachedData=, CacheKey=PhysXPC_FULL_5DF9E1AAB7CC4DCCB2965BA1A78DFE8_E84FE3FC401625A77AAD6A91F8C6B3CE, StartTime=2016.04.01-22.33.53, HierarchicalDDC=, DataSize=64618, Duration=0.138357, RunGuid=RunID1C79A73A414D7D2E6B3A949852008D6F
DDCTransactionId01384B1C4332ED10C04FE18EC6345BDC_454, PutCachedData=, CacheKey=PhysXPC_VIS_5DF9E1AAB7CC4DCCB2965BA1A78DFE8_C3710F314BA4963747FDA39383B7DF64, StartTime=2016.04.01-22.33.53, HierarchicalDDC=, DataSize=64618, Duration=0.149112, RunGuid=RunID1C79A73A414D7D2E6B3A949852008D6F
DDCTransactionIdFC1C83824942CA647BFFB5A59F97735F_438, PutCachedData=, CacheKey=PhysXPC_FULL_5DF9E1AAB7CC4DCCB2965BA1A78DFE8_6431D3D9C37DD02F6400D7A3965C8183, StartTime=2016.04.01-22.33.53, HierarchicalDDC=, DataSize=64618, Duration=0.140309, RunGuid=RunID1C79A73A414D7D2E6B3A949852008D6F
DDCTransactionId01384B1C4332ED10C04FE18EC6345BDC_455, PutCachedData=, CacheKey=PhysXPC_VIS_5DF9E1AAB7CC4DCCB2965BA1A78DFE8_08E0CF8E4B6091229671579C0FFF54E8, StartTime=2016.04.01-22.33.53, HierarchicalDDC=, DataSize=64618, Duration=0.140309, RunGuid=RunID1C79A73A414D7D2E6B3A949852008D6F
DDCTransactionIdFC1C83824942CA647BFFB5A59F97735F_439, PutCachedData=, CacheKey=PhysXPC_FULL_5DF9E1AAB7CC4DCCB2965BA1A78DFE8_1ABC64A8EDF6A05D537624F0081BCCC5, StartTime=2016.04.01-22.33.53, HierarchicalDDC=, DataSize=64618, Duration=0.143245, RunGuid=RunID1C79A73A414D7D2E6B3A949852008D6F
DDCTransactionId01384B1C4332ED10C04FE18EC6345BDC_456, PutCachedData=, CacheKey=PhysXPC_VIS_5DF9E1AAB7CC4DCCB2965BA1A78DFE8_37F4062E47A9C63A9B7F6482412C0395, StartTime=2016.04.01-22.33.53, HierarchicalDDC=, DataSize=64618, Duration=0.139333, RunGuid=RunID1C79A73A414D7D2E6B3A949852008D6F
DDCTransactionIdFC1C83824942CA647BFFB5A59F97735F_440, PutCachedData=, CacheKey=PhysXPC_FULL_5DF9E1AAB7CC4DCCB2965BA1A78DFE8_5B62588338389B8844DFE02A865AF3F6, StartTime=2016.04.01-22.33.53, HierarchicalDDC=, DataSize=64618, Duration=0.160843, RunGuid=RunID1C79A73A414D7D2E6B3A949852008D6F
DDCTransactionId01384B1C4332ED10C04FE18EC6345BDC_457, PutCachedData=, CacheKey=PhysXPC_VIS_5DF9E1AAB7CC4DCCB2965BA1A78DFE8_32D89A4E4CBAC6145403C1ACA166801F, StartTime=2016.04.01-22.33.53, HierarchicalDDC=, DataSize=64618, Duration=0.159375, RunGuid=RunID1C79A73A414D7D2E6B3A949852008D6F
DDCTransactionIdFC1C83824942CA647BFFB5A59F97735F_441, PutCachedData=, CacheKey=PhysXPC_FULL_5DF9E1AAB7CC4DCCB2965BA1A78DFE8_185EF3C0F4E9870239ED6A493B320F58, StartTime=2016.04.01-22.33.53, HierarchicalDDC=, DataSize=64618, Duration=0.181377, RunGuid=RunID1C79A73A414D7D2E6B3A949852008D6F
DDCTransactionId01384B1C4332ED10C04FE18EC6345BDC_458, PutCachedData=, CacheKey=PhysXPC_VIS_5DF9E1AAB7CC4DCCB2965BA1A78DFE8_B01CD5CE42FD906E41C05D8689A67EDE, StartTime=2016.04.01-22.33.53, HierarchicalDDC=, DataSize=64618, Duration=0.165734, RunGuid=RunID1C79A73A414D7D2E6B3A949852008D6F
DDCTransactionIdFC1C83824942CA647BFFB5A59F97735F_442, PutCachedData=, CacheKey=PhysXPC_FULL_5DF9E1AAB7CC4DCCB2965BA1A78DFE8_0CA2789032CEE133F961491CB6CE0FCA, StartTime=2016.04.01-22.33.53, HierarchicalDDC=, DataSize=64618, Duration=0.138357, RunGuid=RunID1C79A73A414D7D2E6B3A949852008D6F
DDCTransactionId01384B1C4332ED10C04FE18EC6345BDC_459, PutCachedData=, CacheKey=PhysXPC_VIS_5DF9E1AAB7CC4DCCB2965BA1A78DFE8_600D49AF442E585919B758A811496846, StartTime=2016.04.01-22.33.53, HierarchicalDDC=, DataSize=64618, Duration=0.143245, RunGuid=RunID1C79A73A414D7D2E6B3A949852008D6F
DDCTransactionIdFC1C83824942CA647BFFB5A59F97735F_443, PutCachedData=, CacheKey=PhysXPC_FULL_5DF9E1AAB7CC4DCCB2965BA1A78DFE8_C702CEBFCCCAFCE347F1E2980D3A3C82, StartTime=2016.04.01-22.33.53, HierarchicalDDC=, DataSize=64618, Duration=0.137378, RunGuid=RunID1C79A73A414D7D2E6B3A949852008D6F
DDCTransactionId01384B1C4332ED10C04FE18EC6345BDC_460, PutCachedData=, CacheKey=PhysXPC_VIS_5DF9E1AAB7CC4DCCB2965BA1A78DFE8_CBF1289E44FF5ECE495C7C82EC58E330, StartTime=2016.04.01-22.33.53, HierarchicalDDC=, DataSize=64618, Duration=0.133958, RunGuid=RunID1C79A73A414D7D2E6B3A949852008D6F
DDCTransactionIdFC1C83824942CA647BFFB5A59F97735F_444, PutCachedData=, CacheKey=PhysXPC_FULL_5DF9E1AAB7CC4DCCB2965BA1A78DFE8_DB981BA3313FE6BB686C975F96ADA34E, StartTime=2016.04.01-22.33.53, HierarchicalDDC=, DataSize=64618, Duration=0.138845, RunGuid=RunID1C79A73A414D7D2E6B3A949852008D6F
DDCTransactionId01384B1C4332ED10C04FE18EC6345BDC_461, PutCachedData=, CacheKey=PhysXPC_VIS_5DF9E1AAB7CC4DCCB2965BA1A78DFE8_ABDD82E44BD4057B661B2F8EDB4FABBD, StartTime=2016.04.01-22.33.53, HierarchicalDDC=, DataSize=64618, Duration=0.141777, RunGuid=RunID1C79A73A414D7D2E6B3A949852008D6F
DDCTransactionIdFC1C83824942CA647BFFB5A59F97735F_445, PutCachedData=, CacheKey=PhysXPC_FULL_5DF9E1AAB7CC4DCCB2965BA1A78DFE8_407B5E6BEE400FA66637F913517D8A85, StartTime=2016.04.01-22.33.53, HierarchicalDDC=, DataSize=64618, Duration=0.131510, RunGuid=RunID1C79A73A414D7D2E6B3A949852008D6F
DDCTransactionId01384B1C4332ED10C04FE18EC6345BDC_462, PutCachedData=, CacheKey=PhysXPC_VIS_5DF9E1AAB7CC4DCCB2965BA1A78DFE8_492D5C17475D6906868E489D7C7E780C, StartTime=2016.04.01-22.33.53, HierarchicalDDC=, DataSize=64618, Duration=0.138354, RunGuid=RunID1C79A73A414D7D2E6B3A949852008D6F
DDCTransactionIdFC1C83824942CA647BFFB5A59F97735F_446, PutCachedData=, CacheKey=PhysXPC_FULL_5DF9E1AAB7CC4DCCB2965BA1A78DFE8_0EB142BC87351401F31AF6825973AA8B, StartTime=2016.04.01-22.33.53, HierarchicalDDC=, DataSize=64618, Duration=0.137866, RunGuid=RunID1C79A73A414D7D2E6B3A949852008D6F
DDCTransactionId01384B1C4332ED10C04FE18EC6345BDC_463, PutCachedData=, CacheKey=PhysXPC_VIS_5DF9E1AAB7CC4DCCB2965BA1A78DFE8_9F081F5E4C4B3856EA15DBAB3636906F, StartTime=2016.04.01-22.33.53, HierarchicalDDC=, DataSize=64618, Duration=0.152532, RunGuid=RunID1C79A73A414D7D2E6B3A949852008D6F
DDCTransactionIdFC1C83824942CA647BFFB5A59F97735F_447, PutCachedData=, CacheKey=PhysXPC_FULL_5DF9E1AAB7CC4DCCB2965BA1A78DFE8_850F9D6C5709C6D70C3BE0D28B90E48C, StartTime=2016.04.01-22.33.53, HierarchicalDDC=, DataSize=64618, Duration=0.143245, RunGuid=RunID1C79A73A414D7D2E6B3A949852008D6F
DDCTransactionId01384B1C4332ED10C04FE18EC6345BDC_464, PutCachedData=, CacheKey=PhysXPC_VIS_5DF9E1AAB7CC4DCCB2965BA1A78DFE8_E719EF674EB92C59F3BA3F97F607D2A1, StartTime=2016.04.01-22.33.53, HierarchicalDDC=, DataSize=64618, Duration=0.135422, RunGuid=RunID1C79A73A414D7D2E6B3A949852008D6F
DDCTransactionIdFC1C83824942CA647BFFB5A59F97735F_448, PutCachedData=, CacheKey=PhysXPC_FULL_5DF9E1AAB7CC4DCCB2965BA1A78DFE8_962B963DA5DAE1D76D3E5A36608B0621, StartTime=2016.04.01-22.33.53, HierarchicalDDC=, DataSize=64618, Duration=0.141289, RunGuid=RunID1C79A73A414D7D2E6B3A949852008D6F
DDCTransactionId01384B1C4332ED10C04FE18EC6345BDC_465, PutCachedData=, CacheKey=PhysXPC_VIS_5DF9E1AAB7CC4DCCB2965BA1A78DFE8_2EA5648147322EE8C7C61FA075210D09, StartTime=2016.04.01-22.33.53, HierarchicalDDC=, DataSize=64618, Duration=0.221957, RunGuid=RunID1C79A73A414D7D2E6B3A949852008D6F
DDCTransactionIdFC1C83824942CA647BFFB5A59F97735F_449, PutCachedData=, CacheKey=PhysXPC_FULL_5DF9E1AAB7CC4DCCB2965BA1A78DFE8_FE6AE47220B0CDCB2F28AC60C24B3631, StartTime=2016.04.01-22.33.53, HierarchicalDDC=, DataSize=64618, Duration=0.134446, RunGuid=RunID1C79A73A414D7D2E6B3A949852008D6F
DDCTransactionId01384B1C4332ED10C04FE18EC6345BDC_466, PutCachedData=, CacheKey=PhysXPC_VIS_5DF9E1AAB7CC4DCCB2965BA1A78DFE8_6748EB1C4EB8AACFEBC2DDB9FDA7A3C6, StartTime=2016.04.01-22.33.53, HierarchicalDDC=, DataSize=64618, Duration=0.130042, RunGuid=RunID1C79A73A414D7D2E6B3A949852008D6F
DDCTransactionIdFC1C83824942CA647BFFB5A59F97735F_450, PutCachedData=, CacheKey=PhysXPC_FULL_5DF9E1AAB7CC4DCCB2965BA1A78DFE8_DE943DCFF1B543818DA484B78AB348DB, StartTime=2016.04.01-22.33.53, HierarchicalDDC=, DataSize=64618, Duration=0.133466, RunGuid=RunID1C79A73A414D7D2E6B3A949852008D6F
DDCTransactionId01384B1C4332ED10C04FE18EC6345BDC_467, PutCachedData=, CacheKey=PhysXPC_VIS_5DF9E1AAB7CC4DCCB2965BA1A78DFE8_6172030D4A414E253E79BB858FA40AB9, StartTime=2016.04.01-22.33.53, HierarchicalDDC=, DataSize=64618, Duration=0.130046, RunGuid=RunID1C79A73A414D7D2E6B3A949852008D6F
DDCTransactionIdFC1C83824942CA647BFFB5A59F97735F_451, PutCachedData=, CacheKey=PhysXPC_FULL_5DF9E1AAB7CC4DCCB2965BA1A78DFE8_552A53150AF8899A06F43B07F8371DF3, StartTime=2016.04.01-22.33.53, HierarchicalDDC=, DataSize=64618, Duration=0.140313, RunGuid=RunID1C79A73A414D7D2E6B3A949852008D6F
DDCTransactionId01384B1C4332ED10C04FE18EC6345BDC_468, PutCachedData=, CacheKey=PhysXPC_VIS_5DF9E1AAB7CC4DCCB2965BA1A78DFE8_EA7E09FF426112B8A2AD2885E7D5D639, StartTime=2016.04.01-22.33.53, HierarchicalDDC=, DataSize=64618, Duration=0.151556, RunGuid=RunID1C79A73A414D7D2E6B3A949852008D6F
DDCTransactionId01384B1C4332ED10C04FE18EC6345BDC_469, PutCachedData=, CacheKey=PhysXPC_FULL_5DF9E1AAB7CC4DCCB2965BA1A78DFE8_865F3AC7328EA3D78E73F49BA3E74300, StartTime=2016.04.01-22.33.53, HierarchicalDDC=, DataSize=64618, Duration=0.155956, RunGuid=RunID1C79A73A414D7D2E6B3A949852008D6F
DDCTransactionIdFC1C83824942CA647BFFB5A59F97735F_452, PutCachedData=, CacheKey=PhysXPC_VIS_5DF9E1AAB7CC4DCCB2965BA1A78DFE8_DA5EBCAD492077A7C2B5C89D889423D8, StartTime=2016.04.01-22.33.53, HierarchicalDDC=, DataSize=64618, Duration=0.224400, RunGuid=RunID1C79A73A414D7D2E6B3A949852008D6F
DDCTransactionId01384B1C4332ED10C04FE18EC6345BDC_470, PutCachedData=, CacheKey=PhysXPC_FULL_5DF9E1AAB7CC4DCCB2965BA1A78DFE8_44F9EFD031346D35B5DDD3E066A43592, StartTime=2016.04.01-22.33.53, HierarchicalDDC=, DataSize=64618, Duration=0.191152, RunGuid=RunID1C79A73A414D7D2E6B3A949852008D6F
DDCTransactionIdFC1C83824942CA647BFFB5A59F97735F_453, PutCachedData=, CacheKey=PhysXPC_VIS_5DF9E1AAB7CC4DCCB2965BA1A78DFE8_F6EEECDF4D5BE8891069A99616C20E28, StartTime=2016.04.01-22.33.53, HierarchicalDDC=, DataSize=64618, Duration=0.140313, RunGuid=RunID1C79A73A414D7D2E6B3A949852008D6F
DDCTransactionIdFC1C83824942CA647BFFB5A59F97735F_454, PutCachedData=, CacheKey=PhysXPC_FULL_5DF9E1AAB7CC4DCCB2965BA1A78DFE8_D00D547DAC33D9E30915B1C07656E052, StartTime=2016.04.01-22.33.53, HierarchicalDDC=, DataSize=64618, Duration=0.152044, RunGuid=RunID1C79A73A414D7D2E6B3A949852008D6F
DDCTransactionId01384B1C4332ED10C04FE18EC6345BDC_471, PutCachedData=, CacheKey=PhysXPC_VIS_5DF9E1AAB7CC4DCCB2965BA1A78DFE8_32F91F484266F8227C336CBF82784842, StartTime=2016.04.01-22.33.53, HierarchicalDDC=, DataSize=64618, Duration=0.146177, RunGuid=RunID1C79A73A414D7D2E6B3A949852008D6F
DDCTransactionIdFC1C83824942CA647BFFB5A59F97735F_455, PutCachedData=, CacheKey=PhysXPC_FULL_5DF9E1AAB7CC4DCCB2965BA1A78DFE8_E32340D5DAAAA48405BEA700BD3AC3B5, StartTime=2016.04.01-22.33.53, HierarchicalDDC=, DataSize=64618, Duration=0.162803, RunGuid=RunID1C79A73A414D7D2E6B3A949852008D6F
DDCTransactionId01384B1C4332ED10C04FE18EC6345BDC_472, PutCachedData=, CacheKey=PhysXPC_VIS_5DF9E1AAB7CC4DCCB2965BA1A78DFE8_EFC4A10A4BFD448A748D77A4EB8231F6, StartTime=2016.04.01-22.33.53, HierarchicalDDC=, DataSize=64618, Duration=0.185777, RunGuid=RunID1C79A73A414D7D2E6B3A949852008D6F
DDCTransactionIdFC1C83824942CA647BFFB5A59F97735F_456, PutCachedData=, CacheKey=PhysXPC_FULL_5DF9E1AAB7CC4DCCB2965BA1A78DFE8_57982985E6FDAF20697500CFA01EC757, StartTime=2016.04.01-22.33.53, HierarchicalDDC=, DataSize=64618, Duration=0.141289, RunGuid=RunID1C79A73A414D7D2E6B3A949852008D6F
DDCTransactionId01384B1C4332ED10C04FE18EC6345BDC_473, PutCachedData=, CacheKey=PhysXPC_VIS_5DF9E1AAB7CC4DCCB2965BA1A78DFE8_C540CACC4846F11EA0E6F38387D9F496, StartTime=2016.04.01-22.33.53, HierarchicalDDC=, DataSize=64618, Duration=0.162311, RunGuid=RunID1C79A73A414D7D2E6B3A949852008D6F
DDCTransactionIdFC1C83824942CA647BFFB5A59F97735F_457, PutCachedData=, CacheKey=PhysXPC_FULL_5DF9E1AAB7CC4DCCB2965BA1A78DFE8_665287AFFB8D756CC740376A5A617055, StartTime=2016.04.01-22.33.53, HierarchicalDDC=, DataSize=64618, Duration=0.138842, RunGuid=RunID1C79A73A414D7D2E6B3A949852008D6F
DDCTransactionId01384B1C4332ED10C04FE18EC6345BDC_474, PutCachedData=, CacheKey=PhysXPC_VIS_5DF9E1AAB7CC4DCCB2965BA1A78DFE8_E486C4704E401E6DF194C49D4E9DA1A9, StartTime=2016.04.01-22.33.53, HierarchicalDDC=, DataSize=64618, Duration=0.141777, RunGuid=RunID1C79A73A414D7D2E6B3A949852008D6F
DDCTransactionIdFC1C83824942CA647BFFB5A59F97735F_458, PutCachedData=, CacheKey=PhysXPC_FULL_5DF9E1AAB7CC4DCCB2965BA1A78DFE8_45BDF87D7DB48695C26457AB97EC0D82, StartTime=2016.04.01-22.33.53, HierarchicalDDC=, DataSize=64618, Duration=0.192620, RunGuid=RunID1C79A73A414D7D2E6B3A949852008D6F
DDCTransactionId01384B1C4332ED10C04FE18EC6345BDC_475, PutCachedData=, CacheKey=PhysXPC_VIS_5DF9E1AAB7CC4DCCB2965BA1A78DFE8_58DC3899427D7B8DD143FB90377FB4B7, StartTime=2016.04.01-22.33.53, HierarchicalDDC=, DataSize=64618, Duration=0.140801, RunGuid=RunID1C79A73A414D7D2E6B3A949852008D6F
DDCTransactionIdFC1C83824942CA647BFFB5A59F97735F_459, PutCachedData=, CacheKey=PhysXPC_FULL_5DF9E1AAB7CC4DCCB2965BA1A78DFE8_BF25086E0E35491F718E942EAE655DB9, StartTime=2016.04.01-22.33.53, HierarchicalDDC=, DataSize=64618, Duration=0.164267, RunGuid=RunID1C79A73A414D7D2E6B3A949852008D6F
DDCTransactionId01384B1C4332ED10C04FE18EC6345BDC_476, PutCachedData=, CacheKey=PhysXPC_VIS_5DF9E1AAB7CC4DCCB2965BA1A78DFE8_62DED05F405E556AC2129CAFF5FF2A46, StartTime=2016.04.01-22.33.53, HierarchicalDDC=, DataSize=64618, Duration=0.143733, RunGuid=RunID1C79A73A414D7D2E6B3A949852008D6F
DDCTransactionIdFC1C83824942CA647BFFB5A59F97735F_460, PutCachedData=, CacheKey=PhysXPC_FULL_5DF9E1AAB7CC4DCCB2965BA1A78DFE8_7364B29810EA885F5DA6D3097579DEFF, StartTime=2016.04.01-22.33.53, HierarchicalDDC=, DataSize=64618, Duration=0.143737, RunGuid=RunID1C79A73A414D7D2E6B3A949852008D6F
DDCTransactionId01384B1C4332ED10C04FE18EC6345BDC_477, PutCachedData=, CacheKey=PhysXPC_VIS_5DF9E1AAB7CC4DCCB2965BA1A78DFE8_31FF3CA44ADB63CFBA8256A530A3DAF7, StartTime=2016.04.01-22.33.53, HierarchicalDDC=, DataSize=64618, Duration=0.178445, RunGuid=RunID1C79A73A414D7D2E6B3A949852008D6F
DDCTransactionIdFC1C83824942CA647BFFB5A59F97735F_461, PutCachedData=, CacheKey=PhysXPC_FULL_5DF9E1AAB7CC4DCCB2965BA1A78DFE8_ECDE1895A15EEF8619C84A5B0C26A073, StartTime=2016.04.01-22.33.53, HierarchicalDDC=, DataSize=64618, Duration=0.150088, RunGuid=RunID1C79A73A414D7D2E6B3A949852008D6F
DDCTransactionId01384B1C4332ED10C04FE18EC6345BDC_478, PutCachedData=, CacheKey=PhysXPC_VIS_5DF9E1AAB7CC4DCCB2965BA1A78DFE8_A2011921408A0933DFE54C8C049B9A38, StartTime=2016.04.01-22.33.53, HierarchicalDDC=, DataSize=64618, Duration=0.212669, RunGuid=RunID1C79A73A414D7D2E6B3A949852008D6F
DDCTransactionIdFC1C83824942CA647BFFB5A59F97735F_462, PutCachedData=, CacheKey=PhysXPC_FULL_5DF9E1AAB7CC4DCCB2965BA1A78DFE8_AA5CF4A73BD324206A369CA3915C0866, StartTime=2016.04.01-22.33.53, HierarchicalDDC=, DataSize=64618, Duration=0.200935, RunGuid=RunID1C79A73A414D7D2E6B3A949852008D6F
DDCTransactionId01384B1C4332ED10C04FE18EC6345BDC_479, PutCachedData=, CacheKey=PhysXPC_VIS_5DF9E1AAB7CC4DCCB2965BA1A78DFE8_C1E63A9643A1395597978DBE41422860, StartTime=2016.04.01-22.33.53, HierarchicalDDC=, DataSize=64618, Duration=0.180401, RunGuid=RunID1C79A73A414D7D2E6B3A949852008D6F
DDCTransactionIdFC1C83824942CA647BFFB5A59F97735F_463, PutCachedData=, CacheKey=PhysXPC_FULL_5DF9E1AAB7CC4DCCB2965BA1A78DFE8_092C5E1E8BEB06308D067858A8B357A6, StartTime=2016.04.01-22.33.53, HierarchicalDDC=, DataSize=64618, Duration=0.151556, RunGuid=RunID1C79A73A414D7D2E6B3A949852008D6F
DDCTransactionIdFC1C83824942CA647BFFB5A59F97735F_464, PutCachedData=, CacheKey=PhysXPC_VIS_5DF9E1AAB7CC4DCCB2965BA1A78DFE8_195A51DE4E4F7F302EC0619D2FBD14AB, StartTime=2016.04.01-22.33.53, HierarchicalDDC=, DataSize=64618, Duration=0.196043, RunGuid=RunID1C79A73A414D7D2E6B3A949852008D6F
DDCTransactionId01384B1C4332ED10C04FE18EC6345BDC_480, PutCachedData=, CacheKey=PhysXPC_FULL_5DF9E1AAB7CC4DCCB2965BA1A78DFE8_45694A09183E85B09F8D59310AC55530, StartTime=2016.04.01-22.33.53, HierarchicalDDC=, DataSize=64618, Duration=0.131022, RunGuid=RunID1C79A73A414D7D2E6B3A949852008D6F
DDCTransactionId01384B1C4332ED10C04FE18EC6345BDC_481, PutCachedData=, CacheKey=PhysXPC_VIS_5DF9E1AAB7CC4DCCB2965BA1A78DFE8_69DFB8F14E7D9A071A634D99E8642A32, StartTime=2016.04.01-22.33.53, HierarchicalDDC=, DataSize=64618, Duration=0.127602, RunGuid=RunID1C79A73A414D7D2E6B3A949852008D6F
DDCTransactionIdFC1C83824942CA647BFFB5A59F97735F_465, PutCachedData=, CacheKey=PhysXPC_FULL_5DF9E1AAB7CC4DCCB2965BA1A78DFE8_2BDB9884BCD2712681828B9D2FFA2593, StartTime=2016.04.01-22.33.53, HierarchicalDDC=, DataSize=64618, Duration=0.167202, RunGuid=RunID1C79A73A414D7D2E6B3A949852008D6F
DDCTransactionId01384B1C4332ED10C04FE18EC6345BDC_482, PutCachedData=, CacheKey=PhysXPC_VIS_5DF9E1AAB7CC4DCCB2965BA1A78DFE8_B66E360646D1CD14A3F4D2B1D89292EB, StartTime=2016.04.01-22.33.53, HierarchicalDDC=, DataSize=64618, Duration=0.154000, RunGuid=RunID1C79A73A414D7D2E6B3A949852008D6F
DDCTransactionIdFC1C83824942CA647BFFB5A59F97735F_466, PutCachedData=, CacheKey=PhysXPC_FULL_5DF9E1AAB7CC4DCCB2965BA1A78DFE8_9ABAD268281B8BBD7E88BA96ED40D2ED, StartTime=2016.04.01-22.33.53, HierarchicalDDC=, DataSize=64618, Duration=0.149596, RunGuid=RunID1C79A73A414D7D2E6B3A949852008D6F
DDCTransactionIdFC1C83824942CA647BFFB5A59F97735F_467, PutCachedData=, CacheKey=PhysXPC_VIS_5DF9E1AAB7CC4DCCB2965BA1A78DFE8_2A7177F6478596AE65849091D4012C35, StartTime=2016.04.01-22.33.53, HierarchicalDDC=, DataSize=64618, Duration=0.177465, RunGuid=RunID1C79A73A414D7D2E6B3A949852008D6F
DDCTransactionId01384B1C4332ED10C04FE18EC6345BDC_483, PutCachedData=, CacheKey=PhysXPC_FULL_5DF9E1AAB7CC4DCCB2965BA1A78DFE8_F4815C71BBF51DB170C6CD081D4B5AB0, StartTime=2016.04.01-22.33.53, HierarchicalDDC=, DataSize=64618, Duration=0.149600, RunGuid=RunID1C79A73A414D7D2E6B3A949852008D6F
DDCTransactionId01384B1C4332ED10C04FE18EC6345BDC_484, PutCachedData=, CacheKey=PhysXPC_VIS_5DF9E1AAB7CC4DCCB2965BA1A78DFE8_52B506A24DDAA597277BDA944FA7DBEE, StartTime=2016.04.01-22.33.53, HierarchicalDDC=, DataSize=64618, Duration=0.140309, RunGuid=RunID1C79A73A414D7D2E6B3A949852008D6F
DDCTransactionIdFC1C83824942CA647BFFB5A59F97735F_468, PutCachedData=, CacheKey=PhysXPC_FULL_5DF9E1AAB7CC4DCCB2965BA1A78DFE8_4E37041380E8023B648AB5408072FC8D, StartTime=2016.04.01-22.33.53, HierarchicalDDC=, DataSize=64618, Duration=0.307512, RunGuid=RunID1C79A73A414D7D2E6B3A949852008D6F
DDCTransactionId01384B1C4332ED10C04FE18EC6345BDC_485, PutCachedData=, CacheKey=PhysXPC_VIS_5DF9E1AAB7CC4DCCB2965BA1A78DFE8_B77DF9EF424150A220D8CAA6B373209D, StartTime=2016.04.01-22.33.53, HierarchicalDDC=, DataSize=64618, Duration=0.154488, RunGuid=RunID1C79A73A414D7D2E6B3A949852008D6F
DDCTransactionIdFC1C83824942CA647BFFB5A59F97735F_469, PutCachedData=, CacheKey=PhysXPC_FULL_5DF9E1AAB7CC4DCCB2965BA1A78DFE8_04D0C3DBCC45395619D5DA9C1BE7742B, StartTime=2016.04.01-22.33.53, HierarchicalDDC=, DataSize=64618, Duration=0.150088, RunGuid=RunID1C79A73A414D7D2E6B3A949852008D6F
DDCTransactionId01384B1C4332ED10C04FE18EC6345BDC_486, PutCachedData=, CacheKey=PhysXPC_VIS_5DF9E1AAB7CC4DCCB2965BA1A78DFE8_49DD98314F7EC73777D36099905CE9E2, StartTime=2016.04.01-22.33.53, HierarchicalDDC=, DataSize=64618, Duration=0.164755, RunGuid=RunID1C79A73A414D7D2E6B3A949852008D6F
DDCTransactionId01384B1C4332ED10C04FE18EC6345BDC_487, PutCachedData=, CacheKey=PhysXPC_FULL_5DF9E1AAB7CC4DCCB2965BA1A78DFE8_2CE13F59AECE0D2BA738B6190CB7C9E9, StartTime=2016.04.01-22.33.53, HierarchicalDDC=, DataSize=64618, Duration=0.135422, RunGuid=RunID1C79A73A414D7D2E6B3A949852008D6F
DDCTransactionIdFC1C83824942CA647BFFB5A59F97735F_470, PutCachedData=, CacheKey=PhysXPC_VIS_5DF9E1AAB7CC4DCCB2965BA1A78DFE8_67A665DC46CFD5FDB13B5A82B843F0D6, StartTime=2016.04.01-22.33.53, HierarchicalDDC=, DataSize=64618, Duration=0.140309, RunGuid=RunID1C79A73A414D7D2E6B3A949852008D6F
DDCTransactionId01384B1C4332ED10C04FE18EC6345BDC_488, PutCachedData=, CacheKey=PhysXPC_FULL_5DF9E1AAB7CC4DCCB2965BA1A78DFE8_8302727F413596F46FB1789D6CB5E754, StartTime=2016.04.01-22.33.53, HierarchicalDDC=, DataSize=64618, Duration=0.160355, RunGuid=RunID1C79A73A414D7D2E6B3A949852008D6F
DDCTransactionIdFC1C83824942CA647BFFB5A59F97735F_471, PutCachedData=, CacheKey=PhysXPC_VIS_5DF9E1AAB7CC4DCCB2965BA1A78DFE8_24B2EB554B14B131BE089EA9E4BC48E6, StartTime=2016.04.01-22.33.53, HierarchicalDDC=, DataSize=64618, Duration=0.143245, RunGuid=RunID1C79A73A414D7D2E6B3A949852008D6F
DDCTransactionIdFC1C83824942CA647BFFB5A59F97735F_472, PutCachedData=, CacheKey=PhysXPC_FULL_5DF9E1AAB7CC4DCCB2965BA1A78DFE8_F796E570088702B7AC478B59333D8E67, StartTime=2016.04.01-22.33.53, HierarchicalDDC=, DataSize=64618, Duration=0.149600, RunGuid=RunID1C79A73A414D7D2E6B3A949852008D6F
DDCTransactionId01384B1C4332ED10C04FE18EC6345BDC_489, PutCachedData=, CacheKey=PhysXPC_VIS_5DF9E1AAB7CC4DCCB2965BA1A78DFE8_9B4A324847D98685B214EF8F3C481871, StartTime=2016.04.01-22.33.53, HierarchicalDDC=, DataSize=64618, Duration=0.137866, RunGuid=RunID1C79A73A414D7D2E6B3A949852008D6F
DDCTransactionId01384B1C4332ED10C04FE18EC6345BDC_490, PutCachedData=, CacheKey=PhysXPC_FULL_5DF9E1AAB7CC4DCCB2965BA1A78DFE8_50AB4BB78DD72C50E090485F9A8D351F, StartTime=2016.04.01-22.33.53, HierarchicalDDC=, DataSize=64618, Duration=0.155468, RunGuid=RunID1C79A73A414D7D2E6B3A949852008D6F
DDCTransactionIdFC1C83824942CA647BFFB5A59F97735F_473, PutCachedData=, CacheKey=PhysXPC_VIS_5DF9E1AAB7CC4DCCB2965BA1A78DFE8_38D78C1E44DD6688A3C7A99E3C3D235F, StartTime=2016.04.01-22.33.53, HierarchicalDDC=, DataSize=64618, Duration=0.140797, RunGuid=RunID1C79A73A414D7D2E6B3A949852008D6F
DDCTransactionId01384B1C4332ED10C04FE18EC6345BDC_491, PutCachedData=, CacheKey=PhysXPC_FULL_5DF9E1AAB7CC4DCCB2965BA1A78DFE8_F00518068DFD2931C3ACE5A6294481A4, StartTime=2016.04.01-22.33.53, HierarchicalDDC=, DataSize=64618, Duration=0.140801, RunGuid=RunID1C79A73A414D7D2E6B3A949852008D6F
DDCTransactionIdFC1C83824942CA647BFFB5A59F97735F_474, PutCachedData=, CacheKey=PhysXPC_VIS_5DF9E1AAB7CC4DCCB2965BA1A78DFE8_7DAE5ECD4768F1F6B94AE18B4841337A, StartTime=2016.04.01-22.33.53, HierarchicalDDC=, DataSize=64618, Duration=0.179909, RunGuid=RunID1C79A73A414D7D2E6B3A949852008D6F
DDCTransactionId01384B1C4332ED10C04FE18EC6345BDC_492, PutCachedData=, CacheKey=PhysXPC_FULL_5DF9E1AAB7CC4DCCB2965BA1A78DFE8_B6B04D89011A874D52940F47B33A47AB, StartTime=2016.04.01-22.33.53, HierarchicalDDC=, DataSize=64618, Duration=0.197019, RunGuid=RunID1C79A73A414D7D2E6B3A949852008D6F
DDCTransactionIdFC1C83824942CA647BFFB5A59F97735F_475, PutCachedData=, CacheKey=PhysXPC_VIS_5DF9E1AAB7CC4DCCB2965BA1A78DFE8_3127500E4D3DAA2C842B49A14C04D611, StartTime=2016.04.01-22.33.53, HierarchicalDDC=, DataSize=64618, Duration=0.205822, RunGuid=RunID1C79A73A414D7D2E6B3A949852008D6F
DDCTransactionId01384B1C4332ED10C04FE18EC6345BDC_493, PutCachedData=, CacheKey=PhysXPC_FULL_5DF9E1AAB7CC4DCCB2965BA1A78DFE8_E4FF8E1E5A6406DB1E8FC9F00FEDB45E, StartTime=2016.04.01-22.33.53, HierarchicalDDC=, DataSize=64618, Duration=0.148620, RunGuid=RunID1C79A73A414D7D2E6B3A949852008D6F
DDCTransactionIdFC1C83824942CA647BFFB5A59F97735F_476, PutCachedData=, CacheKey=PhysXPC_VIS_5DF9E1AAB7CC4DCCB2965BA1A78DFE8_E473C3EC41076104661039B42DAA9A82, StartTime=2016.04.01-22.33.53, HierarchicalDDC=, DataSize=64618, Duration=0.142265, RunGuid=RunID1C79A73A414D7D2E6B3A949852008D6F
DDCTransactionId01384B1C4332ED10C04FE18EC6345BDC_494, PutCachedData=, CacheKey=PhysXPC_FULL_5DF9E1AAB7CC4DCCB2965BA1A78DFE8_D98DA1C9D9ACA2393FA6FDC8BF0C2325, StartTime=2016.04.01-22.33.53, HierarchicalDDC=, DataSize=64618, Duration=0.144221, RunGuid=RunID1C79A73A414D7D2E6B3A949852008D6F
DDCTransactionIdFC1C83824942CA647BFFB5A59F97735F_477, PutCachedData=, CacheKey=PhysXPC_VIS_5DF9E1AAB7CC4DCCB2965BA1A78DFE8_0689ED87486B73987C7C47A27684422A, StartTime=2016.04.01-22.33.53, HierarchicalDDC=, DataSize=64618, Duration=0.153512, RunGuid=RunID1C79A73A414D7D2E6B3A949852008D6F
DDCTransactionId01384B1C4332ED10C04FE18EC6345BDC_495, PutCachedData=, CacheKey=PhysXPC_FULL_5DF9E1AAB7CC4DCCB2965BA1A78DFE8_7BB6266CF507BC0713E757DE70DFB405, StartTime=2016.04.01-22.33.53, HierarchicalDDC=, DataSize=64618, Duration=0.138845, RunGuid=RunID1C79A73A414D7D2E6B3A949852008D6F
DDCTransactionIdFC1C83824942CA647BFFB5A59F97735F_478, PutCachedData=, CacheKey=PhysXPC_VIS_5DF9E1AAB7CC4DCCB2965BA1A78DFE8_0E9CBF974178DEDB4184DE9AEFA3D64B, StartTime=2016.04.01-22.33.53, HierarchicalDDC=, DataSize=64618, Duration=0.145201, RunGuid=RunID1C79A73A414D7D2E6B3A949852008D6F
DDCTransactionId01384B1C4332ED10C04FE18EC6345BDC_496, PutCachedData=, CacheKey=PhysXPC_FULL_5DF9E1AAB7CC4DCCB2965BA1A78DFE8_DEDC754A5D053B5750CA7799D3F0BD94, StartTime=2016.04.01-22.33.53, HierarchicalDDC=, DataSize=64618, Duration=0.130534, RunGuid=RunID1C79A73A414D7D2E6B3A949852008D6F
DDCTransactionIdFC1C83824942CA647BFFB5A59F97735F_479, PutCachedData=, CacheKey=PhysXPC_VIS_5DF9E1AAB7CC4DCCB2965BA1A78DFE8_B0A66ECF43699380BC874392A9F2307B, StartTime=2016.04.01-22.33.53, HierarchicalDDC=, DataSize=64618, Duration=0.250310, RunGuid=RunID1C79A73A414D7D2E6B3A949852008D6F
DDCTransactionId01384B1C4332ED10C04FE18EC6345BDC_497, PutCachedData=, CacheKey=PhysXPC_FULL_5DF9E1AAB7CC4DCCB2965BA1A78DFE8_CA6E6F9F7A332FC2C026B61CE793A0A6, StartTime=2016.04.01-22.33.53, HierarchicalDDC=, DataSize=64618, Duration=0.158891, RunGuid=RunID1C79A73A414D7D2E6B3A949852008D6F
DDCTransactionIdFC1C83824942CA647BFFB5A59F97735F_480, PutCachedData=, CacheKey=PhysXPC_VIS_5DF9E1AAB7CC4DCCB2965BA1A78DFE8_267552B0453BB47668A4FBAFAC10320D, StartTime=2016.04.01-22.33.53, HierarchicalDDC=, DataSize=64618, Duration=0.147156, RunGuid=RunID1C79A73A414D7D2E6B3A949852008D6F
DDCTransactionId01384B1C4332ED10C04FE18EC6345BDC_498, PutCachedData=, CacheKey=PhysXPC_FULL_5DF9E1AAB7CC4DCCB2965BA1A78DFE8_9EB5D474644653652B178601C6CB47A2, StartTime=2016.04.01-22.33.53, HierarchicalDDC=, DataSize=64618, Duration=0.142757, RunGuid=RunID1C79A73A414D7D2E6B3A949852008D6F
DDCTransactionId01384B1C4332ED10C04FE18EC6345BDC_499, PutCachedData=, CacheKey=PhysXPC_VIS_5DF9E1AAB7CC4DCCB2965BA1A78DFE8_D8C4793A48D8A00A379645A048BAEC34, StartTime=2016.04.01-22.33.53, HierarchicalDDC=, DataSize=64618, Duration=0.144713, RunGuid=RunID1C79A73A414D7D2E6B3A949852008D6F
DDCTransactionIdFC1C83824942CA647BFFB5A59F97735F_481, PutCachedData=, CacheKey=PhysXPC_FULL_5DF9E1AAB7CC4DCCB2965BA1A78DFE8_CCD191CF2EEF2888288DD33B9524501D, StartTime=2016.04.01-22.33.53, HierarchicalDDC=, DataSize=64618, Duration=0.191648, RunGuid=RunID1C79A73A414D7D2E6B3A949852008D6F
DDCTransactionId01384B1C4332ED10C04FE18EC6345BDC_500, PutCachedData=, CacheKey=PhysXPC_VIS_5DF9E1AAB7CC4DCCB2965BA1A78DFE8_ABED35E74BB8A73C48BFD3B08E2BFDE0, StartTime=2016.04.01-22.33.53, HierarchicalDDC=, DataSize=64618, Duration=0.148620, RunGuid=RunID1C79A73A414D7D2E6B3A949852008D6F
DDCTransactionIdFC1C83824942CA647BFFB5A59F97735F_482, PutCachedData=, CacheKey=PhysXPC_FULL_5DF9E1AAB7CC4DCCB2965BA1A78DFE8_D3AE26A54D8592E38D19402C2B877D3E, StartTime=2016.04.01-22.33.53, HierarchicalDDC=, DataSize=64618, Duration=0.152532, RunGuid=RunID1C79A73A414D7D2E6B3A949852008D6F
DDCTransactionId01384B1C4332ED10C04FE18EC6345BDC_501, PutCachedData=, CacheKey=PhysXPC_VIS_5DF9E1AAB7CC4DCCB2965BA1A78DFE8_0BDAA38D4CE6DAA473BD64A9E95520F1, StartTime=2016.04.01-22.33.53, HierarchicalDDC=, DataSize=64618, Duration=0.140801, RunGuid=RunID1C79A73A414D7D2E6B3A949852008D6F
DDCTransactionIdFC1C83824942CA647BFFB5A59F97735F_483, PutCachedData=, CacheKey=PhysXPC_FULL_5DF9E1AAB7CC4DCCB2965BA1A78DFE8_607DC749FB5877BB497E238923728AE2, StartTime=2016.04.01-22.33.53, HierarchicalDDC=, DataSize=64618, Duration=0.140797, RunGuid=RunID1C79A73A414D7D2E6B3A949852008D6F
DDCTransactionId01384B1C4332ED10C04FE18EC6345BDC_502, PutCachedData=, CacheKey=PhysXPC_VIS_5DF9E1AAB7CC4DCCB2965BA1A78DFE8_0BF0FBDD403C247546EA12B4F74AF967, StartTime=2016.04.01-22.33.53, HierarchicalDDC=, DataSize=64618, Duration=0.147156, RunGuid=RunID1C79A73A414D7D2E6B3A949852008D6F
DDCTransactionIdFC1C83824942CA647BFFB5A59F97735F_484, PutCachedData=, CacheKey=PhysXPC_FULL_5DF9E1AAB7CC4DCCB2965BA1A78DFE8_C25561D4C70125C51576C1BCD2A6EF43, StartTime=2016.04.01-22.33.53, HierarchicalDDC=, DataSize=64618, Duration=0.139821, RunGuid=RunID1C79A73A414D7D2E6B3A949852008D6F
DDCTransactionId01384B1C4332ED10C04FE18EC6345BDC_503, PutCachedData=, CacheKey=PhysXPC_VIS_5DF9E1AAB7CC4DCCB2965BA1A78DFE8_E6FAFF08499525095B7B2EBDB04DBE47, StartTime=2016.04.01-22.33.53, HierarchicalDDC=, DataSize=64618, Duration=0.146180, RunGuid=RunID1C79A73A414D7D2E6B3A949852008D6F
DDCTransactionIdFC1C83824942CA647BFFB5A59F97735F_485, PutCachedData=, CacheKey=PhysXPC_FULL_5DF9E1AAB7CC4DCCB2965BA1A78DFE8_3AEC9D2E8C603117AE78CEE71470C3CD, StartTime=2016.04.01-22.33.53, HierarchicalDDC=, DataSize=64618, Duration=0.135422, RunGuid=RunID1C79A73A414D7D2E6B3A949852008D6F
DDCTransactionId01384B1C4332ED10C04FE18EC6345BDC_504, PutCachedData=, CacheKey=PhysXPC_VIS_5DF9E1AAB7CC4DCCB2965BA1A78DFE8_E3FE6C3A457E973B6E9190B9AD4AD4AF, StartTime=2016.04.01-22.33.53, HierarchicalDDC=, DataSize=64618, Duration=0.183333, RunGuid=RunID1C79A73A414D7D2E6B3A949852008D6F
DDCTransactionIdFC1C83824942CA647BFFB5A59F97735F_486, PutCachedData=, CacheKey=PhysXPC_FULL_5DF9E1AAB7CC4DCCB2965BA1A78DFE8_DB0AA912B2483816DA139A958C86946B, StartTime=2016.04.01-22.33.53, HierarchicalDDC=, DataSize=64618, Duration=0.139333, RunGuid=RunID1C79A73A414D7D2E6B3A949852008D6F
DDCTransactionId01384B1C4332ED10C04FE18EC6345BDC_505, PutCachedData=, CacheKey=PhysXPC_VIS_5DF9E1AAB7CC4DCCB2965BA1A78DFE8_9D9B89BE44D34D8C8878C6BEAFAF1889, StartTime=2016.04.01-22.33.53, HierarchicalDDC=, DataSize=64618, Duration=0.163291, RunGuid=RunID1C79A73A414D7D2E6B3A949852008D6F
DDCTransactionIdFC1C83824942CA647BFFB5A59F97735F_487, PutCachedData=, CacheKey=PhysXPC_FULL_5DF9E1AAB7CC4DCCB2965BA1A78DFE8_84F1DBDDA94E09935D03FD657D1C8D7E, StartTime=2016.04.01-22.33.53, HierarchicalDDC=, DataSize=64618, Duration=0.175998, RunGuid=RunID1C79A73A414D7D2E6B3A949852008D6F
DDCTransactionId01384B1C4332ED10C04FE18EC6345BDC_506, PutCachedData=, CacheKey=PhysXPC_VIS_5DF9E1AAB7CC4DCCB2965BA1A78DFE8_99C9D1624B8F6913AB26389B56380B36, StartTime=2016.04.01-22.33.53, HierarchicalDDC=, DataSize=64618, Duration=0.176977, RunGuid=RunID1C79A73A414D7D2E6B3A949852008D6F
DDCTransactionIdFC1C83824942CA647BFFB5A59F97735F_488, PutCachedData=, CacheKey=PhysXPC_FULL_5DF9E1AAB7CC4DCCB2965BA1A78DFE8_F48FEFD6BAEFD1200173FA1F0D6D491E, StartTime=2016.04.01-22.33.53, HierarchicalDDC=, DataSize=64618, Duration=0.146668, RunGuid=RunID1C79A73A414D7D2E6B3A949852008D6F
DDCTransactionId01384B1C4332ED10C04FE18EC6345BDC_507, PutCachedData=, CacheKey=PhysXPC_VIS_5DF9E1AAB7CC4DCCB2965BA1A78DFE8_13E4215147B5462B84222BB5AAF2981C, StartTime=2016.04.01-22.33.53, HierarchicalDDC=, DataSize=64618, Duration=0.154976, RunGuid=RunID1C79A73A414D7D2E6B3A949852008D6F
DDCTransactionIdFC1C83824942CA647BFFB5A59F97735F_489, PutCachedData=, CacheKey=PhysXPC_FULL_5DF9E1AAB7CC4DCCB2965BA1A78DFE8_C2BE765F97FC2C19962676FA79B52509, StartTime=2016.04.01-22.33.53, HierarchicalDDC=, DataSize=64618, Duration=0.123687, RunGuid=RunID1C79A73A414D7D2E6B3A949852008D6F
DDCTransactionId01384B1C4332ED10C04FE18EC6345BDC_508, PutCachedData=, CacheKey=PhysXPC_VIS_5DF9E1AAB7CC4DCCB2965BA1A78DFE8_F51AF8534B0E0043834D4FBEB0BEDB01, StartTime=2016.04.01-22.33.53, HierarchicalDDC=, DataSize=64618, Duration=0.151064, RunGuid=RunID1C79A73A414D7D2E6B3A949852008D6F
DDCTransactionIdFC1C83824942CA647BFFB5A59F97735F_490, PutCachedData=, CacheKey=PhysXPC_FULL_5DF9E1AAB7CC4DCCB2965BA1A78DFE8_38D4C5CA54AC64D9D6761898ACFC0821, StartTime=2016.04.01-22.33.53, HierarchicalDDC=, DataSize=64618, Duration=0.149108, RunGuid=RunID1C79A73A414D7D2E6B3A949852008D6F
DDCTransactionId01384B1C4332ED10C04FE18EC6345BDC_509, PutCachedData=, CacheKey=PhysXPC_VIS_5DF9E1AAB7CC4DCCB2965BA1A78DFE8_537ED9D341585BE4792057AABC699EA3, StartTime=2016.04.01-22.33.53, HierarchicalDDC=, DataSize=64618, Duration=0.140309, RunGuid=RunID1C79A73A414D7D2E6B3A949852008D6F
DDCTransactionIdFC1C83824942CA647BFFB5A59F97735F_491, PutCachedData=, CacheKey=PhysXPC_FULL_5DF9E1AAB7CC4DCCB2965BA1A78DFE8_3143DD7A325573D058829DD4AC2EEFE2, StartTime=2016.04.01-22.33.53, HierarchicalDDC=, DataSize=64618, Duration=0.132002, RunGuid=RunID1C79A73A414D7D2E6B3A949852008D6F
DDCTransactionId01384B1C4332ED10C04FE18EC6345BDC_510, PutCachedData=, CacheKey=PhysXPC_VIS_5DF9E1AAB7CC4DCCB2965BA1A78DFE8_CECD3A3146FDDCF46907A1A2D11A824A, StartTime=2016.04.01-22.33.53, HierarchicalDDC=, DataSize=64618, Duration=0.151556, RunGuid=RunID1C79A73A414D7D2E6B3A949852008D6F
DDCTransactionIdFC1C83824942CA647BFFB5A59F97735F_492, PutCachedData=, CacheKey=PhysXPC_FULL_5DF9E1AAB7CC4DCCB2965BA1A78DFE8_E12B653C1759FFC2314F5FEDB685981D, StartTime=2016.04.01-22.33.53, HierarchicalDDC=, DataSize=64618, Duration=0.120755, RunGuid=RunID1C79A73A414D7D2E6B3A949852008D6F
DDCTransactionIdFC1C83824942CA647BFFB5A59F97735F_493, PutCachedData=, CacheKey=PhysXPC_VIS_5DF9E1AAB7CC4DCCB2965BA1A78DFE8_0777042745F903A049BC82B7994F4A9E, StartTime=2016.04.01-22.33.53, HierarchicalDDC=, DataSize=64618, Duration=0.122711, RunGuid=RunID1C79A73A414D7D2E6B3A949852008D6F
DDCTransactionId01384B1C4332ED10C04FE18EC6345BDC_511, PutCachedData=, CacheKey=PhysXPC_FULL_5DF9E1AAB7CC4DCCB2965BA1A78DFE8_BF9ADAFA2BCD1689A17044F67A31488F, StartTime=2016.04.01-22.33.53, HierarchicalDDC=, DataSize=64618, Duration=0.147153, RunGuid=RunID1C79A73A414D7D2E6B3A949852008D6F
DDCTransactionIdFC1C83824942CA647BFFB5A59F97735F_494, PutCachedData=, CacheKey=PhysXPC_VIS_5DF9E1AAB7CC4DCCB2965BA1A78DFE8_199CB9054446E759ED2B2F8149D180BC, StartTime=2016.04.01-22.33.53, HierarchicalDDC=, DataSize=64618, Duration=0.127111, RunGuid=RunID1C79A73A414D7D2E6B3A949852008D6F
DDCTransactionId01384B1C4332ED10C04FE18EC6345BDC_512, PutCachedData=, CacheKey=PhysXPC_FULL_5DF9E1AAB7CC4DCCB2965BA1A78DFE8_53547AB2BFB6A66C53DED32C122D1F3C, StartTime=2016.04.01-22.33.53, HierarchicalDDC=, DataSize=64618, Duration=0.151556, RunGuid=RunID1C79A73A414D7D2E6B3A949852008D6F
DDCTransactionIdFC1C83824942CA647BFFB5A59F97735F_495, PutCachedData=, CacheKey=PhysXPC_VIS_5DF9E1AAB7CC4DCCB2965BA1A78DFE8_CB9DB363446F8984FF81B594BE0D1181, StartTime=2016.04.01-22.33.53, HierarchicalDDC=, DataSize=64618, Duration=0.157420, RunGuid=RunID1C79A73A414D7D2E6B3A949852008D6F
DDCTransactionId01384B1C4332ED10C04FE18EC6345BDC_513, PutCachedData=, CacheKey=PhysXPC_FULL_5DF9E1AAB7CC4DCCB2965BA1A78DFE8_53312BBC0C40BBDA4F3BE249DF312724, StartTime=2016.04.01-22.33.53, HierarchicalDDC=, DataSize=64618, Duration=0.157423, RunGuid=RunID1C79A73A414D7D2E6B3A949852008D6F
DDCTransactionIdFC1C83824942CA647BFFB5A59F97735F_496, PutCachedData=, CacheKey=PhysXPC_VIS_5DF9E1AAB7CC4DCCB2965BA1A78DFE8_5557D4D845D58D79655EC0B843598000, StartTime=2016.04.01-22.33.53, HierarchicalDDC=, DataSize=64618, Duration=0.213154, RunGuid=RunID1C79A73A414D7D2E6B3A949852008D6F
DDCTransactionId01384B1C4332ED10C04FE18EC6345BDC_514, PutCachedData=, CacheKey=PhysXPC_FULL_5DF9E1AAB7CC4DCCB2965BA1A78DFE8_62769F4F2F5F70A55D5A1AFF879B6E7A, StartTime=2016.04.01-22.33.53, HierarchicalDDC=, DataSize=64618, Duration=0.155956, RunGuid=RunID1C79A73A414D7D2E6B3A949852008D6F
DDCTransactionIdFC1C83824942CA647BFFB5A59F97735F_497, PutCachedData=, CacheKey=PhysXPC_VIS_5DF9E1AAB7CC4DCCB2965BA1A78DFE8_753E0ABB453E97E37991FEB59BE55913, StartTime=2016.04.01-22.33.53, HierarchicalDDC=, DataSize=64618, Duration=0.285998, RunGuid=RunID1C79A73A414D7D2E6B3A949852008D6F
DDCTransactionId01384B1C4332ED10C04FE18EC6345BDC_515, PutCachedData=, CacheKey=PhysXPC_FULL_5DF9E1AAB7CC4DCCB2965BA1A78DFE8_CBD5C2B8E7545DB1CA0C9FA97A6C2F51, StartTime=2016.04.01-22.33.53, HierarchicalDDC=, DataSize=64618, Duration=0.148624, RunGuid=RunID1C79A73A414D7D2E6B3A949852008D6F
DDCTransactionId01384B1C4332ED10C04FE18EC6345BDC_516, PutCachedData=, CacheKey=PhysXPC_VIS_5DF9E1AAB7CC4DCCB2965BA1A78DFE8_2CD545FC4D9294DA8B24FFBAFC9578EC, StartTime=2016.04.01-22.33.53, HierarchicalDDC=, DataSize=64618, Duration=0.182845, RunGuid=RunID1C79A73A414D7D2E6B3A949852008D6F
DDCTransactionIdFC1C83824942CA647BFFB5A59F97735F_498, PutCachedData=, CacheKey=PhysXPC_FULL_5DF9E1AAB7CC4DCCB2965BA1A78DFE8_534A8F81B21A8883F77B4AFC4722CF81, StartTime=2016.04.01-22.33.53, HierarchicalDDC=, DataSize=64618, Duration=0.144713, RunGuid=RunID1C79A73A414D7D2E6B3A949852008D6F
DDCTransactionId01384B1C4332ED10C04FE18EC6345BDC_517, PutCachedData=, CacheKey=PhysXPC_VIS_5DF9E1AAB7CC4DCCB2965BA1A78DFE8_F45AE91E44B3C17518904BB58FB1FF2A, StartTime=2016.04.01-22.33.53, HierarchicalDDC=, DataSize=64618, Duration=0.135913, RunGuid=RunID1C79A73A414D7D2E6B3A949852008D6F
DDCTransactionIdFC1C83824942CA647BFFB5A59F97735F_499, PutCachedData=, CacheKey=PhysXPC_FULL_5DF9E1AAB7CC4DCCB2965BA1A78DFE8_E5232DDE3645C8837F7B49146C870570, StartTime=2016.04.01-22.33.53, HierarchicalDDC=, DataSize=64618, Duration=0.142753, RunGuid=RunID1C79A73A414D7D2E6B3A949852008D6F
DDCTransactionId01384B1C4332ED10C04FE18EC6345BDC_518, PutCachedData=, CacheKey=PhysXPC_VIS_5DF9E1AAB7CC4DCCB2965BA1A78DFE8_D18FB4F14E66771874999B82AE09193F, StartTime=2016.04.01-22.33.53, HierarchicalDDC=, DataSize=64618, Duration=0.137866, RunGuid=RunID1C79A73A414D7D2E6B3A949852008D6F
DDCTransactionIdFC1C83824942CA647BFFB5A59F97735F_500, PutCachedData=, CacheKey=PhysXPC_FULL_5DF9E1AAB7CC4DCCB2965BA1A78DFE8_8C36EDD0AB3EFCBD219F49AFEEFA31CE, StartTime=2016.04.01-22.33.53, HierarchicalDDC=, DataSize=64618, Duration=0.148620, RunGuid=RunID1C79A73A414D7D2E6B3A949852008D6F
DDCTransactionId01384B1C4332ED10C04FE18EC6345BDC_519, PutCachedData=, CacheKey=PhysXPC_VIS_5DF9E1AAB7CC4DCCB2965BA1A78DFE8_1194778C4C57AEC47C511EB40D2A7CD2, StartTime=2016.04.01-22.33.53, HierarchicalDDC=, DataSize=64618, Duration=0.149600, RunGuid=RunID1C79A73A414D7D2E6B3A949852008D6F
DDCTransactionIdFC1C83824942CA647BFFB5A59F97735F_501, PutCachedData=, CacheKey=PhysXPC_FULL_5DF9E1AAB7CC4DCCB2965BA1A78DFE8_41E99A6CF5FD7C715B4B51288C5730B6, StartTime=2016.04.01-22.33.53, HierarchicalDDC=, DataSize=64618, Duration=0.161823, RunGuid=RunID1C79A73A414D7D2E6B3A949852008D6F
DDCTransactionId01384B1C4332ED10C04FE18EC6345BDC_520, PutCachedData=, CacheKey=PhysXPC_VIS_5DF9E1AAB7CC4DCCB2965BA1A78DFE8_13BFE4A240E4432750856E885282A5D0, StartTime=2016.04.01-22.33.53, HierarchicalDDC=, DataSize=64618, Duration=0.165243, RunGuid=RunID1C79A73A414D7D2E6B3A949852008D6F
DDCTransactionIdFC1C83824942CA647BFFB5A59F97735F_502, PutCachedData=, CacheKey=PhysXPC_FULL_5DF9E1AAB7CC4DCCB2965BA1A78DFE8_6A992A2239C11715ABA8EE793E54D56C, StartTime=2016.04.01-22.33.53, HierarchicalDDC=, DataSize=64618, Duration=0.162803, RunGuid=RunID1C79A73A414D7D2E6B3A949852008D6F
DDCTransactionId01384B1C4332ED10C04FE18EC6345BDC_521, PutCachedData=, CacheKey=PhysXPC_VIS_5DF9E1AAB7CC4DCCB2965BA1A78DFE8_B80D6915426B72A1D59C1488168213BE, StartTime=2016.04.01-22.33.53, HierarchicalDDC=, DataSize=64618, Duration=0.162799, RunGuid=RunID1C79A73A414D7D2E6B3A949852008D6F
DDCTransactionIdFC1C83824942CA647BFFB5A59F97735F_503, PutCachedData=, CacheKey=PhysXPC_FULL_5DF9E1AAB7CC4DCCB2965BA1A78DFE8_AC8566FFDE3532795D426B7AB66607A2, StartTime=2016.04.01-22.33.53, HierarchicalDDC=, DataSize=64618, Duration=0.187244, RunGuid=RunID1C79A73A414D7D2E6B3A949852008D6F
DDCTransactionId01384B1C4332ED10C04FE18EC6345BDC_522, PutCachedData=, CacheKey=PhysXPC_VIS_5DF9E1AAB7CC4DCCB2965BA1A78DFE8_ADF9FCAA4770F0736286BB9AF968EBA8, StartTime=2016.04.01-22.33.53, HierarchicalDDC=, DataSize=64618, Duration=0.154000, RunGuid=RunID1C79A73A414D7D2E6B3A949852008D6F
DDCTransactionIdFC1C83824942CA647BFFB5A59F97735F_504, PutCachedData=, CacheKey=PhysXPC_FULL_5DF9E1AAB7CC4DCCB2965BA1A78DFE8_1D79B6F4BBB322971C5A216BCF725285, StartTime=2016.04.01-22.33.53, HierarchicalDDC=, DataSize=64618, Duration=0.232223, RunGuid=RunID1C79A73A414D7D2E6B3A949852008D6F
DDCTransactionId01384B1C4332ED10C04FE18EC6345BDC_523, PutCachedData=, CacheKey=PhysXPC_VIS_5DF9E1AAB7CC4DCCB2965BA1A78DFE8_31BBF1424D59E31A97C1FBA41BF11057, StartTime=2016.04.01-22.33.53, HierarchicalDDC=, DataSize=64618, Duration=0.160355, RunGuid=RunID1C79A73A414D7D2E6B3A949852008D6F
DDCTransactionIdFC1C83824942CA647BFFB5A59F97735F_505, PutCachedData=, CacheKey=PhysXPC_FULL_5DF9E1AAB7CC4DCCB2965BA1A78DFE8_D1DA2B7DC8A5F6DFF14B5D104544D4D6, StartTime=2016.04.01-22.33.53, HierarchicalDDC=, DataSize=64618, Duration=0.175513, RunGuid=RunID1C79A73A414D7D2E6B3A949852008D6F
DDCTransactionId01384B1C4332ED10C04FE18EC6345BDC_524, PutCachedData=, CacheKey=PhysXPC_VIS_5DF9E1AAB7CC4DCCB2965BA1A78DFE8_7FBED4B240068249710CCF9106D58170, StartTime=2016.04.01-22.33.53, HierarchicalDDC=, DataSize=64618, Duration=0.153024, RunGuid=RunID1C79A73A414D7D2E6B3A949852008D6F
DDCTransactionIdFC1C83824942CA647BFFB5A59F97735F_506, PutCachedData=, CacheKey=PhysXPC_FULL_5DF9E1AAB7CC4DCCB2965BA1A78DFE8_A14D6DCC0D67C4E46C2FB23C8D0F7ADC, StartTime=2016.04.01-22.33.53, HierarchicalDDC=, DataSize=64618, Duration=0.195555, RunGuid=RunID1C79A73A414D7D2E6B3A949852008D6F
DDCTransactionId01384B1C4332ED10C04FE18EC6345BDC_525, PutCachedData=, CacheKey=PhysXPC_VIS_5DF9E1AAB7CC4DCCB2965BA1A78DFE8_DB3F5330438401FABDC828BF197EF36B, StartTime=2016.04.01-22.33.53, HierarchicalDDC=, DataSize=64618, Duration=0.149108, RunGuid=RunID1C79A73A414D7D2E6B3A949852008D6F
DDCTransactionId01384B1C4332ED10C04FE18EC6345BDC_526, PutCachedData=, CacheKey=PhysXPC_FULL_5DF9E1AAB7CC4DCCB2965BA1A78DFE8_8BF615D89BE84EF861C2CD978F572D16, StartTime=2016.04.01-22.33.53, HierarchicalDDC=, DataSize=64618, Duration=0.167690, RunGuid=RunID1C79A73A414D7D2E6B3A949852008D6F
DDCTransactionIdFC1C83824942CA647BFFB5A59F97735F_507, PutCachedData=, CacheKey=PhysXPC_VIS_5DF9E1AAB7CC4DCCB2965BA1A78DFE8_EB0E9D244B12CCE584FC189AB85C3CFE, StartTime=2016.04.01-22.33.53, HierarchicalDDC=, DataSize=64618, Duration=0.273291, RunGuid=RunID1C79A73A414D7D2E6B3A949852008D6F
DDCTransactionId01384B1C4332ED10C04FE18EC6345BDC_527, PutCachedData=, CacheKey=PhysXPC_FULL_5DF9E1AAB7CC4DCCB2965BA1A78DFE8_5C3FE9A6A54EA867AEBB43BE36109A03, StartTime=2016.04.01-22.33.53, HierarchicalDDC=, DataSize=64618, Duration=0.185288, RunGuid=RunID1C79A73A414D7D2E6B3A949852008D6F
DDCTransactionIdFC1C83824942CA647BFFB5A59F97735F_508, PutCachedData=, CacheKey=PhysXPC_VIS_5DF9E1AAB7CC4DCCB2965BA1A78DFE8_91A5C353434E139919CC068A991BEC29, StartTime=2016.04.01-22.33.53, HierarchicalDDC=, DataSize=64618, Duration=0.174534, RunGuid=RunID1C79A73A414D7D2E6B3A949852008D6F
DDCTransactionId01384B1C4332ED10C04FE18EC6345BDC_528, PutCachedData=, CacheKey=PhysXPC_FULL_5DF9E1AAB7CC4DCCB2965BA1A78DFE8_FE730BF0B1DE30A5758F5F757FFFE4E7, StartTime=2016.04.01-22.33.53, HierarchicalDDC=, DataSize=64618, Duration=0.139821, RunGuid=RunID1C79A73A414D7D2E6B3A949852008D6F
DDCTransactionIdFC1C83824942CA647BFFB5A59F97735F_509, PutCachedData=, CacheKey=PhysXPC_VIS_5DF9E1AAB7CC4DCCB2965BA1A78DFE8_E687AB6445C6445C81B2A0A5EE2F3B56, StartTime=2016.04.01-22.33.53, HierarchicalDDC=, DataSize=64618, Duration=0.186265, RunGuid=RunID1C79A73A414D7D2E6B3A949852008D6F
DDCTransactionId01384B1C4332ED10C04FE18EC6345BDC_529, PutCachedData=, CacheKey=PhysXPC_FULL_5DF9E1AAB7CC4DCCB2965BA1A78DFE8_1A0771CEBE2B5071A832EE9BE9DF93EB, StartTime=2016.04.01-22.33.53, HierarchicalDDC=, DataSize=64618, Duration=0.137378, RunGuid=RunID1C79A73A414D7D2E6B3A949852008D6F
DDCTransactionId01384B1C4332ED10C04FE18EC6345BDC_530, PutCachedData=, CacheKey=PhysXPC_VIS_5DF9E1AAB7CC4DCCB2965BA1A78DFE8_FCCB41BD495034FB692DAEA258F0391B, StartTime=2016.04.01-22.33.53, HierarchicalDDC=, DataSize=64618, Duration=0.140801, RunGuid=RunID1C79A73A414D7D2E6B3A949852008D6F
DDCTransactionIdFC1C83824942CA647BFFB5A59F97735F_510, PutCachedData=, CacheKey=PhysXPC_FULL_5DF9E1AAB7CC4DCCB2965BA1A78DFE8_68B67C7B0D08EF9E7368068F728C4756, StartTime=2016.04.01-22.33.53, HierarchicalDDC=, DataSize=64618, Duration=0.285514, RunGuid=RunID1C79A73A414D7D2E6B3A949852008D6F
DDCTransactionId01384B1C4332ED10C04FE18EC6345BDC_531, PutCachedData=, CacheKey=PhysXPC_VIS_5DF9E1AAB7CC4DCCB2965BA1A78DFE8_5E775ED3496A5F1DB6F3B693F63D1C3B, StartTime=2016.04.01-22.33.53, HierarchicalDDC=, DataSize=64618, Duration=0.285510, RunGuid=RunID1C79A73A414D7D2E6B3A949852008D6F
DDCTransactionIdFC1C83824942CA647BFFB5A59F97735F_511, PutCachedData=, CacheKey=PhysXPC_FULL_5DF9E1AAB7CC4DCCB2965BA1A78DFE8_1117BD9D617BD9E1BF191E0EBEF8ECF0, StartTime=2016.04.01-22.33.53, HierarchicalDDC=, DataSize=64618, Duration=0.129066, RunGuid=RunID1C79A73A414D7D2E6B3A949852008D6F
DDCTransactionIdFC1C83824942CA647BFFB5A59F97735F_512, PutCachedData=, CacheKey=PhysXPC_VIS_5DF9E1AAB7CC4DCCB2965BA1A78DFE8_F2C1911A48316E3ECD8307955E249FE1, StartTime=2016.04.01-22.33.53, HierarchicalDDC=, DataSize=64618, Duration=0.130046, RunGuid=RunID1C79A73A414D7D2E6B3A949852008D6F
DDCTransactionId01384B1C4332ED10C04FE18EC6345BDC_532, PutCachedData=, CacheKey=PhysXPC_FULL_5DF9E1AAB7CC4DCCB2965BA1A78DFE8_452505E5EE341E02C2DD701D393FE855, StartTime=2016.04.01-22.33.53, HierarchicalDDC=, DataSize=64618, Duration=0.315335, RunGuid=RunID1C79A73A414D7D2E6B3A949852008D6F
DDCTransactionIdFC1C83824942CA647BFFB5A59F97735F_513, PutCachedData=, CacheKey=PhysXPC_VIS_5DF9E1AAB7CC4DCCB2965BA1A78DFE8_7A148E4E42B6937E68980B97A8BD264D, StartTime=2016.04.01-22.33.53, HierarchicalDDC=, DataSize=64618, Duration=0.124667, RunGuid=RunID1C79A73A414D7D2E6B3A949852008D6F
DDCTransactionIdFC1C83824942CA647BFFB5A59F97735F_514, PutCachedData=, CacheKey=PhysXPC_FULL_5DF9E1AAB7CC4DCCB2965BA1A78DFE8_C8D75591C128DA27AADC78F2199B493C, StartTime=2016.04.01-22.33.53, HierarchicalDDC=, DataSize=64618, Duration=0.145201, RunGuid=RunID1C79A73A414D7D2E6B3A949852008D6F
DDCTransactionId01384B1C4332ED10C04FE18EC6345BDC_533, PutCachedData=, CacheKey=PhysXPC_VIS_5DF9E1AAB7CC4DCCB2965BA1A78DFE8_1B3E72F44C7707D021C939A82D519E81, StartTime=2016.04.01-22.33.53, HierarchicalDDC=, DataSize=64618, Duration=0.142753, RunGuid=RunID1C79A73A414D7D2E6B3A949852008D6F
DDCTransactionIdFC1C83824942CA647BFFB5A59F97735F_515, PutCachedData=, CacheKey=PhysXPC_FULL_5DF9E1AAB7CC4DCCB2965BA1A78DFE8_786BCEEF0DE8601CAF41D116B462BEDA, StartTime=2016.04.01-22.33.53, HierarchicalDDC=, DataSize=64618, Duration=0.142269, RunGuid=RunID1C79A73A414D7D2E6B3A949852008D6F
DDCTransactionId01384B1C4332ED10C04FE18EC6345BDC_534, PutCachedData=, CacheKey=PhysXPC_VIS_5DF9E1AAB7CC4DCCB2965BA1A78DFE8_E5AE87B74EFF1E1578C0BE96167C6CB1, StartTime=2016.04.01-22.33.53, HierarchicalDDC=, DataSize=64618, Duration=0.136886, RunGuid=RunID1C79A73A414D7D2E6B3A949852008D6F
DDCTransactionIdFC1C83824942CA647BFFB5A59F97735F_516, PutCachedData=, CacheKey=PhysXPC_FULL_5DF9E1AAB7CC4DCCB2965BA1A78DFE8_51E8DC90DC4D5422AA225A97BD3DD451, StartTime=2016.04.01-22.33.53, HierarchicalDDC=, DataSize=64618, Duration=0.127111, RunGuid=RunID1C79A73A414D7D2E6B3A949852008D6F
DDCTransactionId01384B1C4332ED10C04FE18EC6345BDC_535, PutCachedData=, CacheKey=PhysXPC_VIS_5DF9E1AAB7CC4DCCB2965BA1A78DFE8_CE8629874645FEE4BE5453B108545960, StartTime=2016.04.01-22.33.53, HierarchicalDDC=, DataSize=64618, Duration=0.141289, RunGuid=RunID1C79A73A414D7D2E6B3A949852008D6F
DDCTransactionIdFC1C83824942CA647BFFB5A59F97735F_517, PutCachedData=, CacheKey=PhysXPC_FULL_5DF9E1AAB7CC4DCCB2965BA1A78DFE8_E7EBEAFF77FB60497EADE5361F287FE5, StartTime=2016.04.01-22.33.53, HierarchicalDDC=, DataSize=64618, Duration=0.139821, RunGuid=RunID1C79A73A414D7D2E6B3A949852008D6F
DDCTransactionId01384B1C4332ED10C04FE18EC6345BDC_536, PutCachedData=, CacheKey=PhysXPC_VIS_5DF9E1AAB7CC4DCCB2965BA1A78DFE8_E670B6B245BC27280004A394F1ED52D2, StartTime=2016.04.01-22.33.53, HierarchicalDDC=, DataSize=64618, Duration=0.129066, RunGuid=RunID1C79A73A414D7D2E6B3A949852008D6F
DDCTransactionIdFC1C83824942CA647BFFB5A59F97735F_518, PutCachedData=, CacheKey=PhysXPC_FULL_5DF9E1AAB7CC4DCCB2965BA1A78DFE8_D8EDE7781E450A252E059F6CCE13B6CC, StartTime=2016.04.01-22.33.53, HierarchicalDDC=, DataSize=64618, Duration=0.234667, RunGuid=RunID1C79A73A414D7D2E6B3A949852008D6F
DDCTransactionId01384B1C4332ED10C04FE18EC6345BDC_537, PutCachedData=, CacheKey=PhysXPC_VIS_5DF9E1AAB7CC4DCCB2965BA1A78DFE8_1C7F11454DCB6925DB3C39971BA6DA06, StartTime=2016.04.01-22.33.53, HierarchicalDDC=, DataSize=64618, Duration=0.235643, RunGuid=RunID1C79A73A414D7D2E6B3A949852008D6F
DDCTransactionIdFC1C83824942CA647BFFB5A59F97735F_519, PutCachedData=, CacheKey=PhysXPC_FULL_5DF9E1AAB7CC4DCCB2965BA1A78DFE8_EA3E54ED7AA5198AA8191F42C027D50C, StartTime=2016.04.01-22.33.53, HierarchicalDDC=, DataSize=64618, Duration=0.203867, RunGuid=RunID1C79A73A414D7D2E6B3A949852008D6F
DDCTransactionId01384B1C4332ED10C04FE18EC6345BDC_538, PutCachedData=, CacheKey=PhysXPC_VIS_5DF9E1AAB7CC4DCCB2965BA1A78DFE8_12B222CD417A58783F2E18AEF273585C, StartTime=2016.04.01-22.33.53, HierarchicalDDC=, DataSize=64618, Duration=0.123691, RunGuid=RunID1C79A73A414D7D2E6B3A949852008D6F
DDCTransactionIdFC1C83824942CA647BFFB5A59F97735F_520, PutCachedData=, CacheKey=PhysXPC_FULL_5DF9E1AAB7CC4DCCB2965BA1A78DFE8_7DE64D7991F17857A24AE9A227C4EC14, StartTime=2016.04.01-22.33.53, HierarchicalDDC=, DataSize=64618, Duration=0.133470, RunGuid=RunID1C79A73A414D7D2E6B3A949852008D6F
DDCTransactionId01384B1C4332ED10C04FE18EC6345BDC_539, PutCachedData=, CacheKey=PhysXPC_VIS_5DF9E1AAB7CC4DCCB2965BA1A78DFE8_C60FD4644026FAAB836EC7A62715A750, StartTime=2016.04.01-22.33.53, HierarchicalDDC=, DataSize=64618, Duration=0.131022, RunGuid=RunID1C79A73A414D7D2E6B3A949852008D6F
DDCTransactionIdFC1C83824942CA647BFFB5A59F97735F_521, PutCachedData=, CacheKey=PhysXPC_FULL_5DF9E1AAB7CC4DCCB2965BA1A78DFE8_514F9BB7089CB704BD08EF7F08D852F5, StartTime=2016.04.01-22.33.53, HierarchicalDDC=, DataSize=64618, Duration=0.129554, RunGuid=RunID1C79A73A414D7D2E6B3A949852008D6F
DDCTransactionId01384B1C4332ED10C04FE18EC6345BDC_540, PutCachedData=, CacheKey=PhysXPC_VIS_5DF9E1AAB7CC4DCCB2965BA1A78DFE8_A747D26E451C5DA8599F8681B6DAF82E, StartTime=2016.04.01-22.33.53, HierarchicalDDC=, DataSize=64618, Duration=0.125155, RunGuid=RunID1C79A73A414D7D2E6B3A949852008D6F
DDCTransactionIdFC1C83824942CA647BFFB5A59F97735F_522, PutCachedData=, CacheKey=PhysXPC_FULL_5DF9E1AAB7CC4DCCB2965BA1A78DFE8_90817014750E9C9B3CAA9D98FE06D461, StartTime=2016.04.01-22.33.53, HierarchicalDDC=, DataSize=64618, Duration=0.159867, RunGuid=RunID1C79A73A414D7D2E6B3A949852008D6F
DDCTransactionId01384B1C4332ED10C04FE18EC6345BDC_541, PutCachedData=, CacheKey=PhysXPC_VIS_5DF9E1AAB7CC4DCCB2965BA1A78DFE8_03D5294442CB30C8FA61D5BA79DFC8CB, StartTime=2016.04.01-22.33.53, HierarchicalDDC=, DataSize=64618, Duration=0.239067, RunGuid=RunID1C79A73A414D7D2E6B3A949852008D6F
SavePackageTransactionIdE87FE6A84A7D0821D6E89BA899C87880_2, Filename=U:/GitHub/Portsmouth/Portsmouth/Saved/Autosaves/Game/Prototyping/Gas_Station/SM_GenericGasStation_01_Auto1.uasset, AutoPackageBackupDelegate=0.180889, FlushAsyncLoading=0.005376, FlushStreamingFunc=0.091910, BlockTillAllRequestsFinished=0.005867, ResetLoadersForSaveUnMarkAllObjects=1.075067, TagPackageExports=0.053775, BeginCacheForCookedPlatformData=0.019070, SerializeImports=0.572976, GatherLocalizableTextData=0.384755, MarkNames=0.016622, SerializeSummary=0.035200, SerializeNames=0.104133, SerializeGatherableTextData=0.003912, BuildExportMap=0.027869, SortExportsNonSeekfree=0.014666, SortExportsSeekfreeConstructor=0.034709, SortExportsSeekfreeInner=0.674177, SortExportsSeekfree=0.004891, BuildDependencyMap=0.012711, SerializeImportMap=0.011247, SerializeExportMap=0.008799, SerializeDependencyMap=0.003912, SerializeStringAssetReferenceMap=0.005867, SaveThumbNailsAssetRegistryDataWorldLevelInfo=11.771955, SerializeExports=0.499647, SerializeBulkData=0.146665, MoveFile=5.420800, UnaccountedTime=0.163287, RunGuid=RunID1C79A73A414D7D2E6B3A949852008D6F
SavePackageTransactionIdE87FE6A84A7D0821D6E89BA899C87880_3, Filename=U:/GitHub/Portsmouth/Portsmouth/Content/Water/Water_base.uasset, AutoPackageBackupDelegate=5.085912, FlushAsyncLoading=0.010755, FlushStreamingFunc=0.102669, BlockTillAllRequestsFinished=0.011735, ResetLoadersForSaveUnMarkAllObjects=0.142753, TagPackageExports=0.022978, BeginCacheForCookedPlatformData=0.002932, SerializeImports=0.401378, GatherLocalizableTextData=0.119779, MarkNames=0.010267, SerializeSummary=0.018578, SerializeNames=0.047911, SerializeGatherableTextData=0.003912, BuildExportMap=0.026889, SortExportsNonSeekfree=0.009775, SortExportsSeekfreeConstructor=0.013690, SortExportsSeekfreeInner=0.585690, SortExportsSeekfree=0.004888, BuildDependencyMap=0.012223, SerializeImportMap=0.010755, SerializeExportMap=0.012711, SerializeDependencyMap=0.003420, SerializeStringAssetReferenceMap=0.003912, SaveThumbNailsAssetRegistryDataWorldLevelInfo=12.761470, SerializeExports=0.247866, SerializeBulkData=0.009779, MoveFile=5.200799, UnaccountedTime=1.992714, RunGuid=RunID1C79A73A414D7D2E6B3A949852008D6F
SavePackageTransactionIdE87FE6A84A7D0821D6E89BA899C87880_4, Filename=U:/GitHub/Portsmouth/Portsmouth/Content/Water/Water_base.uasset, AutoPackageBackupDelegate=0.961155, FlushAsyncLoading=0.006355, FlushStreamingFunc=0.084579, BlockTillAllRequestsFinished=0.010755, ResetLoadersForSaveUnMarkAllObjects=0.140309, TagPackageExports=0.026889, BeginCacheForCookedPlatformData=0.002936, SerializeImports=0.506487, GatherLocalizableTextData=0.143737, MarkNames=0.008799, SerializeSummary=0.014666, SerializeNames=0.032756, SerializeGatherableTextData=0.002932, BuildExportMap=0.022002, SortExportsNonSeekfree=0.007819, SortExportsSeekfreeConstructor=0.011735, SortExportsSeekfreeInner=0.474710, SortExportsSeekfree=0.003424, BuildDependencyMap=0.009287, SerializeImportMap=0.043511, SerializeExportMap=0.010755, SerializeDependencyMap=0.002932, SerializeStringAssetReferenceMap=0.003424, SaveThumbNailsAssetRegistryDataWorldLevelInfo=11.851158, SerializeExports=0.282086, SerializeBulkData=0.011735, MoveFile=5.255558, UnaccountedTime=1.424134, RunGuid=RunID1C79A73A414D7D2E6B3A949852008D6F
SavePackageTransactionIdE87FE6A84A7D0821D6E89BA899C87880_5, Filename=U:/GitHub/Portsmouth/Portsmouth/Content/Maps/portsmouth_test.umap, AutoPackageBackupDelegate=43.166939, FlushAsyncLoading=0.011735, FlushStreamingFunc=0.114400, BlockTillAllRequestsFinished=0.011243, ResetLoadersForSaveUnMarkAllObjects=0.177469, TagPackageExports=18.082537, BeginCacheForCookedPlatformData=0.006843, SerializeImports=24.719204, GatherLocalizableTextData=190.918472, MarkNames=1.095600, SerializeSummary=0.024933, SerializeNames=0.621378, SerializeGatherableTextData=0.083111, BuildExportMap=0.938665, SortExportsNonSeekfree=18.749870, SortExportsSeekfreeConstructor=0.118311, SortExportsSeekfreeInner=85.474899, SortExportsSeekfree=0.009779, BuildDependencyMap=0.903465, SerializeImportMap=0.052799, SerializeExportMap=0.367157, SerializeDependencyMap=0.075776, SerializeStringAssetReferenceMap=0.004403, SaveThumbNailsAssetRegistryDataWorldLevelInfo=6.938309, SerializeExports=130.799301, SerializeBulkData=1045.510010, MoveFile=8.625466, UnaccountedTime=6.523248, RunGuid=RunID1C79A73A414D7D2E6B3A949852008D6F
DDCTransactionId01384B1C4332ED10C04FE18EC6345BDC_542, PutCachedData=, CacheKey=PhysXPC_FULL_5DF9E1AAB7CC4DCCB2965BA1A78DFE8_029911AC559AC9863184D2A84473B516, StartTime=2016.04.01-22.41.52, HierarchicalDDC=, DataSize=64618, Duration=0.267420, RunGuid=RunID1C79A73A414D7D2E6B3A949852008D6F
DDCTransactionIdFC1C83824942CA647BFFB5A59F97735F_523, PutCachedData=, CacheKey=PhysXPC_VIS_5DF9E1AAB7CC4DCCB2965BA1A78DFE8_9516F6A34DB15B214388B89E9BA5BDE1, StartTime=2016.04.01-22.41.52, HierarchicalDDC=, DataSize=64618, Duration=0.258133, RunGuid=RunID1C79A73A414D7D2E6B3A949852008D6F
DDCTransactionId01384B1C4332ED10C04FE18EC6345BDC_543, PutCachedData=, CacheKey=PhysXPC_FULL_5DF9E1AAB7CC4DCCB2965BA1A78DFE8_9C8D0A8544F19C40224BF0AF3384DE72, StartTime=2016.04.01-22.41.52, HierarchicalDDC=, DataSize=64618, Duration=0.138354, RunGuid=RunID1C79A73A414D7D2E6B3A949852008D6F
DDCTransactionIdFC1C83824942CA647BFFB5A59F97735F_524, PutCachedData=, CacheKey=PhysXPC_VIS_5DF9E1AAB7CC4DCCB2965BA1A78DFE8_A91E9474430C30EE2FEE49893BB2FEFC, StartTime=2016.04.01-22.41.52, HierarchicalDDC=, DataSize=64618, Duration=0.169646, RunGuid=RunID1C79A73A414D7D2E6B3A949852008D6F
DDCTransactionId01384B1C4332ED10C04FE18EC6345BDC_544, PutCachedData=, CacheKey=PhysXPC_FULL_5DF9E1AAB7CC4DCCB2965BA1A78DFE8_C679BE5AED7F585F23DC5A2B31A25D2D, StartTime=2016.04.01-22.41.52, HierarchicalDDC=, DataSize=64618, Duration=0.133958, RunGuid=RunID1C79A73A414D7D2E6B3A949852008D6F
DDCTransactionIdFC1C83824942CA647BFFB5A59F97735F_525, PutCachedData=, CacheKey=PhysXPC_VIS_5DF9E1AAB7CC4DCCB2965BA1A78DFE8_BB0C7D3B4B7721E7600AA381BE7C6856, StartTime=2016.04.01-22.41.52, HierarchicalDDC=, DataSize=64618, Duration=0.155956, RunGuid=RunID1C79A73A414D7D2E6B3A949852008D6F
DDCTransactionId01384B1C4332ED10C04FE18EC6345BDC_545, PutCachedData=, CacheKey=PhysXPC_FULL_5DF9E1AAB7CC4DCCB2965BA1A78DFE8_02E6AA65C9D3621EFFE0EEDB616BDBE6, StartTime=2016.04.01-22.41.52, HierarchicalDDC=, DataSize=64618, Duration=0.146668, RunGuid=RunID1C79A73A414D7D2E6B3A949852008D6F
DDCTransactionIdFC1C83824942CA647BFFB5A59F97735F_526, PutCachedData=, CacheKey=PhysXPC_VIS_5DF9E1AAB7CC4DCCB2965BA1A78DFE8_2E262307411A5AC79F6D1A92B1445837, StartTime=2016.04.01-22.41.52, HierarchicalDDC=, DataSize=64618, Duration=0.168666, RunGuid=RunID1C79A73A414D7D2E6B3A949852008D6F
DDCTransactionId01384B1C4332ED10C04FE18EC6345BDC_546, PutCachedData=, CacheKey=PhysXPC_FULL_5DF9E1AAB7CC4DCCB2965BA1A78DFE8_39778E8A7AA8B8924B680E4AB107F9D8, StartTime=2016.04.01-22.41.52, HierarchicalDDC=, DataSize=64618, Duration=0.134934, RunGuid=RunID1C79A73A414D7D2E6B3A949852008D6F
DDCTransactionIdFC1C83824942CA647BFFB5A59F97735F_527, PutCachedData=, CacheKey=PhysXPC_VIS_5DF9E1AAB7CC4DCCB2965BA1A78DFE8_28DF58294B13131FF034248FF5641F1F, StartTime=2016.04.01-22.41.52, HierarchicalDDC=, DataSize=64618, Duration=0.123199, RunGuid=RunID1C79A73A414D7D2E6B3A949852008D6F
DDCTransactionId01384B1C4332ED10C04FE18EC6345BDC_547, PutCachedData=, CacheKey=PhysXPC_FULL_5DF9E1AAB7CC4DCCB2965BA1A78DFE8_A9B07FCA844A32AD4862B33489726B61, StartTime=2016.04.01-22.41.52, HierarchicalDDC=, DataSize=64618, Duration=0.132978, RunGuid=RunID1C79A73A414D7D2E6B3A949852008D6F
DDCTransactionIdFC1C83824942CA647BFFB5A59F97735F_528, PutCachedData=, CacheKey=PhysXPC_VIS_5DF9E1AAB7CC4DCCB2965BA1A78DFE8_146AE911460F4D866F584AA7A6B41336, StartTime=2016.04.01-22.41.52, HierarchicalDDC=, DataSize=64618, Duration=0.124179, RunGuid=RunID1C79A73A414D7D2E6B3A949852008D6F
DDCTransactionId01384B1C4332ED10C04FE18EC6345BDC_548, PutCachedData=, CacheKey=PhysXPC_FULL_5DF9E1AAB7CC4DCCB2965BA1A78DFE8_0B5BA0F236962C850A2C2E9AC99FD4D2, StartTime=2016.04.01-22.41.52, HierarchicalDDC=, DataSize=64618, Duration=0.133954, RunGuid=RunID1C79A73A414D7D2E6B3A949852008D6F
DDCTransactionIdFC1C83824942CA647BFFB5A59F97735F_529, PutCachedData=, CacheKey=PhysXPC_VIS_5DF9E1AAB7CC4DCCB2965BA1A78DFE8_9411C8A54D221020525A3185153903AE, StartTime=2016.04.01-22.41.52, HierarchicalDDC=, DataSize=64618, Duration=0.126623, RunGuid=RunID1C79A73A414D7D2E6B3A949852008D6F
DDCTransactionId01384B1C4332ED10C04FE18EC6345BDC_549, PutCachedData=, CacheKey=PhysXPC_FULL_5DF9E1AAB7CC4DCCB2965BA1A78DFE8_65BC3626A2B893B4CC09D56110005D13, StartTime=2016.04.01-22.41.52, HierarchicalDDC=, DataSize=64618, Duration=0.130530, RunGuid=RunID1C79A73A414D7D2E6B3A949852008D6F
DDCTransactionIdFC1C83824942CA647BFFB5A59F97735F_530, PutCachedData=, CacheKey=PhysXPC_VIS_5DF9E1AAB7CC4DCCB2965BA1A78DFE8_2FB2991548CF3EEE8CB703BADB20F6B8, StartTime=2016.04.01-22.41.52, HierarchicalDDC=, DataSize=64618, Duration=0.134446, RunGuid=RunID1C79A73A414D7D2E6B3A949852008D6F
DDCTransactionId01384B1C4332ED10C04FE18EC6345BDC_550, PutCachedData=, CacheKey=PhysXPC_FULL_5DF9E1AAB7CC4DCCB2965BA1A78DFE8_DEB72C345CCA779CC48812BB92026FC4, StartTime=2016.04.01-22.41.52, HierarchicalDDC=, DataSize=64618, Duration=0.164267, RunGuid=RunID1C79A73A414D7D2E6B3A949852008D6F
DDCTransactionIdFC1C83824942CA647BFFB5A59F97735F_531, PutCachedData=, CacheKey=PhysXPC_VIS_5DF9E1AAB7CC4DCCB2965BA1A78DFE8_2363DA7B42C82A09C876A19DB7E10854, StartTime=2016.04.01-22.41.52, HierarchicalDDC=, DataSize=64618, Duration=0.139333, RunGuid=RunID1C79A73A414D7D2E6B3A949852008D6F
DDCTransactionId01384B1C4332ED10C04FE18EC6345BDC_551, PutCachedData=, CacheKey=PhysXPC_FULL_5DF9E1AAB7CC4DCCB2965BA1A78DFE8_54AC5697D51BF3FAAD3E0A78B191114D, StartTime=2016.04.01-22.41.52, HierarchicalDDC=, DataSize=64618, Duration=0.123687, RunGuid=RunID1C79A73A414D7D2E6B3A949852008D6F
DDCTransactionIdFC1C83824942CA647BFFB5A59F97735F_532, PutCachedData=, CacheKey=PhysXPC_VIS_5DF9E1AAB7CC4DCCB2965BA1A78DFE8_5DFA1BBC44E03C70A7A9EABCE06579E6, StartTime=2016.04.01-22.41.52, HierarchicalDDC=, DataSize=64618, Duration=0.126131, RunGuid=RunID1C79A73A414D7D2E6B3A949852008D6F
DDCTransactionId01384B1C4332ED10C04FE18EC6345BDC_552, PutCachedData=, CacheKey=PhysXPC_FULL_5DF9E1AAB7CC4DCCB2965BA1A78DFE8_FF128C01A60F59948FB94F749DFD1E0E, StartTime=2016.04.01-22.41.52, HierarchicalDDC=, DataSize=64618, Duration=0.126619, RunGuid=RunID1C79A73A414D7D2E6B3A949852008D6F
DDCTransactionIdFC1C83824942CA647BFFB5A59F97735F_533, PutCachedData=, CacheKey=PhysXPC_VIS_5DF9E1AAB7CC4DCCB2965BA1A78DFE8_E0A2BB2141A9BECA987CF2965F2E898D, StartTime=2016.04.01-22.41.52, HierarchicalDDC=, DataSize=64618, Duration=0.130534, RunGuid=RunID1C79A73A414D7D2E6B3A949852008D6F
DDCTransactionId01384B1C4332ED10C04FE18EC6345BDC_553, PutCachedData=, CacheKey=PhysXPC_FULL_5DF9E1AAB7CC4DCCB2965BA1A78DFE8_9314DD627AF238D4810A69CE0ECFCCD2, StartTime=2016.04.01-22.41.52, HierarchicalDDC=, DataSize=64618, Duration=0.136398, RunGuid=RunID1C79A73A414D7D2E6B3A949852008D6F
DDCTransactionIdFC1C83824942CA647BFFB5A59F97735F_534, PutCachedData=, CacheKey=PhysXPC_VIS_5DF9E1AAB7CC4DCCB2965BA1A78DFE8_778B2FB149287F27ECF2B2A529693BE3, StartTime=2016.04.01-22.41.52, HierarchicalDDC=, DataSize=64618, Duration=0.140313, RunGuid=RunID1C79A73A414D7D2E6B3A949852008D6F
DDCTransactionId01384B1C4332ED10C04FE18EC6345BDC_554, PutCachedData=, CacheKey=PhysXPC_FULL_5DF9E1AAB7CC4DCCB2965BA1A78DFE8_39166B28A2C6A47EFBE447B0364F1E89, StartTime=2016.04.01-22.41.52, HierarchicalDDC=, DataSize=64618, Duration=0.139821, RunGuid=RunID1C79A73A414D7D2E6B3A949852008D6F
DDCTransactionIdFC1C83824942CA647BFFB5A59F97735F_535, PutCachedData=, CacheKey=PhysXPC_VIS_5DF9E1AAB7CC4DCCB2965BA1A78DFE8_0628C3374F6A0EEC56A56D8FA51312BA, StartTime=2016.04.01-22.41.52, HierarchicalDDC=, DataSize=64618, Duration=0.137378, RunGuid=RunID1C79A73A414D7D2E6B3A949852008D6F
DDCTransactionId01384B1C4332ED10C04FE18EC6345BDC_555, PutCachedData=, CacheKey=PhysXPC_FULL_5DF9E1AAB7CC4DCCB2965BA1A78DFE8_78F3B15540F35AB6B3F16855F9C2ACEB, StartTime=2016.04.01-22.41.52, HierarchicalDDC=, DataSize=64618, Duration=0.138354, RunGuid=RunID1C79A73A414D7D2E6B3A949852008D6F
DDCTransactionIdFC1C83824942CA647BFFB5A59F97735F_536, PutCachedData=, CacheKey=PhysXPC_VIS_5DF9E1AAB7CC4DCCB2965BA1A78DFE8_87C7B5AD437E11EA0822C190383E1A91, StartTime=2016.04.01-22.41.52, HierarchicalDDC=, DataSize=64618, Duration=0.157911, RunGuid=RunID1C79A73A414D7D2E6B3A949852008D6F
DDCTransactionId01384B1C4332ED10C04FE18EC6345BDC_556, PutCachedData=, CacheKey=PhysXPC_FULL_5DF9E1AAB7CC4DCCB2965BA1A78DFE8_E30E8EDBAA8CE665A925841A5C70B4D3, StartTime=2016.04.01-22.41.52, HierarchicalDDC=, DataSize=64618, Duration=0.138842, RunGuid=RunID1C79A73A414D7D2E6B3A949852008D6F
DDCTransactionIdFC1C83824942CA647BFFB5A59F97735F_537, PutCachedData=, CacheKey=PhysXPC_VIS_5DF9E1AAB7CC4DCCB2965BA1A78DFE8_DF22358B4383626516D9A1ADB65333C9, StartTime=2016.04.01-22.41.52, HierarchicalDDC=, DataSize=64618, Duration=0.137869, RunGuid=RunID1C79A73A414D7D2E6B3A949852008D6F
DDCTransactionId01384B1C4332ED10C04FE18EC6345BDC_557, PutCachedData=, CacheKey=PhysXPC_FULL_5DF9E1AAB7CC4DCCB2965BA1A78DFE8_B94EFD10E5C250E3B71347A9442C02E4, StartTime=2016.04.01-22.41.52, HierarchicalDDC=, DataSize=64618, Duration=0.127111, RunGuid=RunID1C79A73A414D7D2E6B3A949852008D6F
DDCTransactionIdFC1C83824942CA647BFFB5A59F97735F_538, PutCachedData=, CacheKey=PhysXPC_VIS_5DF9E1AAB7CC4DCCB2965BA1A78DFE8_64DF1C21492690468A259E99275FC411, StartTime=2016.04.01-22.41.52, HierarchicalDDC=, DataSize=64618, Duration=0.131998, RunGuid=RunID1C79A73A414D7D2E6B3A949852008D6F
DDCTransactionId01384B1C4332ED10C04FE18EC6345BDC_558, PutCachedData=, CacheKey=PhysXPC_FULL_5DF9E1AAB7CC4DCCB2965BA1A78DFE8_9A752A812FD26532479C7DFC27F71340, StartTime=2016.04.01-22.41.52, HierarchicalDDC=, DataSize=64618, Duration=0.133954, RunGuid=RunID1C79A73A414D7D2E6B3A949852008D6F
DDCTransactionIdFC1C83824942CA647BFFB5A59F97735F_539, PutCachedData=, CacheKey=PhysXPC_VIS_5DF9E1AAB7CC4DCCB2965BA1A78DFE8_C06E037C49687CD674595E8C52A8D44A, StartTime=2016.04.01-22.41.52, HierarchicalDDC=, DataSize=64618, Duration=0.138842, RunGuid=RunID1C79A73A414D7D2E6B3A949852008D6F
DDCTransactionId01384B1C4332ED10C04FE18EC6345BDC_559, PutCachedData=, CacheKey=PhysXPC_FULL_5DF9E1AAB7CC4DCCB2965BA1A78DFE8_E95F088D1B43CA603267F72349DB1B1E, StartTime=2016.04.01-22.41.52, HierarchicalDDC=, DataSize=64618, Duration=0.132490, RunGuid=RunID1C79A73A414D7D2E6B3A949852008D6F
DDCTransactionIdFC1C83824942CA647BFFB5A59F97735F_540, PutCachedData=, CacheKey=PhysXPC_VIS_5DF9E1AAB7CC4DCCB2965BA1A78DFE8_887FC0744D37F564F14F9BAB5C93DB63, StartTime=2016.04.01-22.41.52, HierarchicalDDC=, DataSize=64618, Duration=0.133954, RunGuid=RunID1C79A73A414D7D2E6B3A949852008D6F
DDCTransactionId01384B1C4332ED10C04FE18EC6345BDC_560, PutCachedData=, CacheKey=PhysXPC_FULL_5DF9E1AAB7CC4DCCB2965BA1A78DFE8_E39563A89094BCF42FA60EB45C629CC7, StartTime=2016.04.01-22.41.52, HierarchicalDDC=, DataSize=64618, Duration=0.138845, RunGuid=RunID1C79A73A414D7D2E6B3A949852008D6F
DDCTransactionIdFC1C83824942CA647BFFB5A59F97735F_541, PutCachedData=, CacheKey=PhysXPC_VIS_5DF9E1AAB7CC4DCCB2965BA1A78DFE8_C273A1654368FCE42BF088B681944CC1, StartTime=2016.04.01-22.41.52, HierarchicalDDC=, DataSize=64618, Duration=0.129554, RunGuid=RunID1C79A73A414D7D2E6B3A949852008D6F
DDCTransactionId01384B1C4332ED10C04FE18EC6345BDC_561, PutCachedData=, CacheKey=PhysXPC_FULL_5DF9E1AAB7CC4DCCB2965BA1A78DFE8_B432573DECDF045380693DDF6F2F99A3, StartTime=2016.04.01-22.41.52, HierarchicalDDC=, DataSize=64618, Duration=0.131022, RunGuid=RunID1C79A73A414D7D2E6B3A949852008D6F
DDCTransactionIdFC1C83824942CA647BFFB5A59F97735F_542, PutCachedData=, CacheKey=PhysXPC_VIS_5DF9E1AAB7CC4DCCB2965BA1A78DFE8_17B4ADCD47ADF67AB1A62595C3769F8B, StartTime=2016.04.01-22.41.52, HierarchicalDDC=, DataSize=64618, Duration=0.132978, RunGuid=RunID1C79A73A414D7D2E6B3A949852008D6F
DDCTransactionId01384B1C4332ED10C04FE18EC6345BDC_562, PutCachedData=, CacheKey=PhysXPC_FULL_5DF9E1AAB7CC4DCCB2965BA1A78DFE8_30E9738DA2370533C6AF5490B469340E, StartTime=2016.04.01-22.41.52, HierarchicalDDC=, DataSize=64618, Duration=0.136890, RunGuid=RunID1C79A73A414D7D2E6B3A949852008D6F
DDCTransactionIdFC1C83824942CA647BFFB5A59F97735F_543, PutCachedData=, CacheKey=PhysXPC_VIS_5DF9E1AAB7CC4DCCB2965BA1A78DFE8_60EB72B3442A02CF319D47A6DFF9BC3B, StartTime=2016.04.01-22.41.52, HierarchicalDDC=, DataSize=64618, Duration=0.225376, RunGuid=RunID1C79A73A414D7D2E6B3A949852008D6F
DDCTransactionId01384B1C4332ED10C04FE18EC6345BDC_563, PutCachedData=, CacheKey=PhysXPC_FULL_5DF9E1AAB7CC4DCCB2965BA1A78DFE8_B7100610AE358BAF02D35E45BB275DA6, StartTime=2016.04.01-22.41.52, HierarchicalDDC=, DataSize=64618, Duration=0.144221, RunGuid=RunID1C79A73A414D7D2E6B3A949852008D6F
DDCTransactionIdFC1C83824942CA647BFFB5A59F97735F_544, PutCachedData=, CacheKey=PhysXPC_VIS_5DF9E1AAB7CC4DCCB2965BA1A78DFE8_6F843AAD47AACAA8A0D29BB8DA51B397, StartTime=2016.04.01-22.41.52, HierarchicalDDC=, DataSize=64618, Duration=0.196047, RunGuid=RunID1C79A73A414D7D2E6B3A949852008D6F
DDCTransactionId01384B1C4332ED10C04FE18EC6345BDC_564, PutCachedData=, CacheKey=PhysXPC_FULL_5DF9E1AAB7CC4DCCB2965BA1A78DFE8_5E631D6DE2B880394ED5FAC854921949, StartTime=2016.04.01-22.41.52, HierarchicalDDC=, DataSize=64618, Duration=0.141289, RunGuid=RunID1C79A73A414D7D2E6B3A949852008D6F
DDCTransactionId01384B1C4332ED10C04FE18EC6345BDC_565, PutCachedData=, CacheKey=PhysXPC_VIS_5DF9E1AAB7CC4DCCB2965BA1A78DFE8_BF1A7C6A4E3A17C1B01A7BB0477FE420, StartTime=2016.04.01-22.41.52, HierarchicalDDC=, DataSize=64618, Duration=0.170134, RunGuid=RunID1C79A73A414D7D2E6B3A949852008D6F
DDCTransactionIdFC1C83824942CA647BFFB5A59F97735F_545, PutCachedData=, CacheKey=PhysXPC_FULL_5DF9E1AAB7CC4DCCB2965BA1A78DFE8_13699F0A6FE6884106BD9490D342F021, StartTime=2016.04.01-22.41.52, HierarchicalDDC=, DataSize=64618, Duration=0.131514, RunGuid=RunID1C79A73A414D7D2E6B3A949852008D6F
DDCTransactionId01384B1C4332ED10C04FE18EC6345BDC_566, PutCachedData=, CacheKey=PhysXPC_VIS_5DF9E1AAB7CC4DCCB2965BA1A78DFE8_8ADCDE9D4388F09EE83C8BA27B229F53, StartTime=2016.04.01-22.41.52, HierarchicalDDC=, DataSize=64618, Duration=0.147644, RunGuid=RunID1C79A73A414D7D2E6B3A949852008D6F
DDCTransactionIdFC1C83824942CA647BFFB5A59F97735F_546, PutCachedData=, CacheKey=PhysXPC_FULL_5DF9E1AAB7CC4DCCB2965BA1A78DFE8_E9FA26E856D8CE68466C38431A7AE897, StartTime=2016.04.01-22.41.52, HierarchicalDDC=, DataSize=64618, Duration=0.158399, RunGuid=RunID1C79A73A414D7D2E6B3A949852008D6F
DDCTransactionId01384B1C4332ED10C04FE18EC6345BDC_567, PutCachedData=, CacheKey=PhysXPC_VIS_5DF9E1AAB7CC4DCCB2965BA1A78DFE8_E608979C481AF53ED005ECBB41960F43, StartTime=2016.04.01-22.41.52, HierarchicalDDC=, DataSize=64618, Duration=0.171602, RunGuid=RunID1C79A73A414D7D2E6B3A949852008D6F
DDCTransactionIdFC1C83824942CA647BFFB5A59F97735F_547, PutCachedData=, CacheKey=PhysXPC_FULL_5DF9E1AAB7CC4DCCB2965BA1A78DFE8_62A66DF2E83F4FA4CBD56849983F36BE, StartTime=2016.04.01-22.41.52, HierarchicalDDC=, DataSize=64618, Duration=0.154000, RunGuid=RunID1C79A73A414D7D2E6B3A949852008D6F
DDCTransactionIdFC1C83824942CA647BFFB5A59F97735F_548, PutCachedData=, CacheKey=PhysXPC_VIS_5DF9E1AAB7CC4DCCB2965BA1A78DFE8_592B7CD94ADF4F7FC02557984B2C2C8B, StartTime=2016.04.01-22.41.52, HierarchicalDDC=, DataSize=64618, Duration=0.139825, RunGuid=RunID1C79A73A414D7D2E6B3A949852008D6F
DDCTransactionId01384B1C4332ED10C04FE18EC6345BDC_568, PutCachedData=, CacheKey=PhysXPC_FULL_5DF9E1AAB7CC4DCCB2965BA1A78DFE8_B43E0F5718BD37078AE4C108C0D2ADC4, StartTime=2016.04.01-22.41.52, HierarchicalDDC=, DataSize=64618, Duration=0.135913, RunGuid=RunID1C79A73A414D7D2E6B3A949852008D6F
DDCTransactionIdFC1C83824942CA647BFFB5A59F97735F_549, PutCachedData=, CacheKey=PhysXPC_VIS_5DF9E1AAB7CC4DCCB2965BA1A78DFE8_979936B34F7124D21D91A0837E882313, StartTime=2016.04.01-22.41.52, HierarchicalDDC=, DataSize=64618, Duration=0.148624, RunGuid=RunID1C79A73A414D7D2E6B3A949852008D6F
DDCTransactionId01384B1C4332ED10C04FE18EC6345BDC_569, PutCachedData=, CacheKey=PhysXPC_FULL_5DF9E1AAB7CC4DCCB2965BA1A78DFE8_92307ECA82A3486EB4097DF748F8529C, StartTime=2016.04.01-22.41.52, HierarchicalDDC=, DataSize=64618, Duration=0.151064, RunGuid=RunID1C79A73A414D7D2E6B3A949852008D6F
DDCTransactionIdFC1C83824942CA647BFFB5A59F97735F_550, PutCachedData=, CacheKey=PhysXPC_VIS_5DF9E1AAB7CC4DCCB2965BA1A78DFE8_7E54FFF745B4BC1C0FC809B34F0A3441, StartTime=2016.04.01-22.41.52, HierarchicalDDC=, DataSize=64618, Duration=0.152044, RunGuid=RunID1C79A73A414D7D2E6B3A949852008D6F
DDCTransactionId01384B1C4332ED10C04FE18EC6345BDC_570, PutCachedData=, CacheKey=PhysXPC_FULL_5DF9E1AAB7CC4DCCB2965BA1A78DFE8_592E14B5DB1721B6D19237D40565D8EB, StartTime=2016.04.01-22.41.52, HierarchicalDDC=, DataSize=64618, Duration=0.145689, RunGuid=RunID1C79A73A414D7D2E6B3A949852008D6F
DDCTransactionId01384B1C4332ED10C04FE18EC6345BDC_571, PutCachedData=, CacheKey=PhysXPC_VIS_5DF9E1AAB7CC4DCCB2965BA1A78DFE8_48CEF72846156D15DC94788CD45F2963, StartTime=2016.04.01-22.41.52, HierarchicalDDC=, DataSize=64618, Duration=0.142265, RunGuid=RunID1C79A73A414D7D2E6B3A949852008D6F
DDCTransactionIdFC1C83824942CA647BFFB5A59F97735F_551, PutCachedData=, CacheKey=PhysXPC_FULL_5DF9E1AAB7CC4DCCB2965BA1A78DFE8_078BA58E989537084B280029107218A9, StartTime=2016.04.01-22.41.52, HierarchicalDDC=, DataSize=64618, Duration=0.145689, RunGuid=RunID1C79A73A414D7D2E6B3A949852008D6F
DDCTransactionIdFC1C83824942CA647BFFB5A59F97735F_552, PutCachedData=, CacheKey=PhysXPC_VIS_5DF9E1AAB7CC4DCCB2965BA1A78DFE8_1AA1E492446878404BB61A96D0DA13B2, StartTime=2016.04.01-22.41.52, HierarchicalDDC=, DataSize=64618, Duration=0.168666, RunGuid=RunID1C79A73A414D7D2E6B3A949852008D6F
DDCTransactionId01384B1C4332ED10C04FE18EC6345BDC_572, PutCachedData=, CacheKey=PhysXPC_FULL_5DF9E1AAB7CC4DCCB2965BA1A78DFE8_7A3FCC408A3929C31763407129F4AFBD, StartTime=2016.04.01-22.41.52, HierarchicalDDC=, DataSize=64618, Duration=0.235159, RunGuid=RunID1C79A73A414D7D2E6B3A949852008D6F
DDCTransactionIdFC1C83824942CA647BFFB5A59F97735F_553, PutCachedData=, CacheKey=PhysXPC_VIS_5DF9E1AAB7CC4DCCB2965BA1A78DFE8_15719D9F4CDB9E845D19ED8CA56F126F, StartTime=2016.04.01-22.41.52, HierarchicalDDC=, DataSize=64618, Duration=0.247378, RunGuid=RunID1C79A73A414D7D2E6B3A949852008D6F
DDCTransactionId01384B1C4332ED10C04FE18EC6345BDC_573, PutCachedData=, CacheKey=PhysXPC_FULL_5DF9E1AAB7CC4DCCB2965BA1A78DFE8_87B888C9D37D3A90A930F158494A5B9C, StartTime=2016.04.01-22.41.52, HierarchicalDDC=, DataSize=64618, Duration=0.154488, RunGuid=RunID1C79A73A414D7D2E6B3A949852008D6F
DDCTransactionId01384B1C4332ED10C04FE18EC6345BDC_574, PutCachedData=, CacheKey=PhysXPC_VIS_5DF9E1AAB7CC4DCCB2965BA1A78DFE8_0EDE3293447E97D114161F8D1D1B6AC3, StartTime=2016.04.01-22.41.52, HierarchicalDDC=, DataSize=64618, Duration=0.185288, RunGuid=RunID1C79A73A414D7D2E6B3A949852008D6F
DDCTransactionIdFC1C83824942CA647BFFB5A59F97735F_554, PutCachedData=, CacheKey=PhysXPC_FULL_5DF9E1AAB7CC4DCCB2965BA1A78DFE8_A086BACAA139954F42FC70A129BD4607, StartTime=2016.04.01-22.41.52, HierarchicalDDC=, DataSize=64618, Duration=0.210222, RunGuid=RunID1C79A73A414D7D2E6B3A949852008D6F
DDCTransactionId01384B1C4332ED10C04FE18EC6345BDC_575, PutCachedData=, CacheKey=PhysXPC_VIS_5DF9E1AAB7CC4DCCB2965BA1A78DFE8_1691F9E147EEE1BAFFAA4C8D1E44A925, StartTime=2016.04.01-22.41.52, HierarchicalDDC=, DataSize=64618, Duration=0.184312, RunGuid=RunID1C79A73A414D7D2E6B3A949852008D6F
DDCTransactionIdFC1C83824942CA647BFFB5A59F97735F_555, PutCachedData=, CacheKey=PhysXPC_FULL_5DF9E1AAB7CC4DCCB2965BA1A78DFE8_31C8901B89562AB2D1AC462D5E382B0A, StartTime=2016.04.01-22.41.52, HierarchicalDDC=, DataSize=64618, Duration=0.202890, RunGuid=RunID1C79A73A414D7D2E6B3A949852008D6F
DDCTransactionId01384B1C4332ED10C04FE18EC6345BDC_576, PutCachedData=, CacheKey=PhysXPC_VIS_5DF9E1AAB7CC4DCCB2965BA1A78DFE8_A29F2EBF433ED80864F9D18B4045885E, StartTime=2016.04.01-22.41.52, HierarchicalDDC=, DataSize=64618, Duration=0.184797, RunGuid=RunID1C79A73A414D7D2E6B3A949852008D6F
DDCTransactionIdFC1C83824942CA647BFFB5A59F97735F_556, PutCachedData=, CacheKey=PhysXPC_FULL_5DF9E1AAB7CC4DCCB2965BA1A78DFE8_7FD964787BD7E05A9DCC24196CA880F0, StartTime=2016.04.01-22.41.52, HierarchicalDDC=, DataSize=64618, Duration=0.229292, RunGuid=RunID1C79A73A414D7D2E6B3A949852008D6F
DDCTransactionId01384B1C4332ED10C04FE18EC6345BDC_577, PutCachedData=, CacheKey=PhysXPC_VIS_5DF9E1AAB7CC4DCCB2965BA1A78DFE8_2E3584DA4F0E850A723CFDB8E849E506, StartTime=2016.04.01-22.41.52, HierarchicalDDC=, DataSize=64618, Duration=0.204846, RunGuid=RunID1C79A73A414D7D2E6B3A949852008D6F
DDCTransactionIdFC1C83824942CA647BFFB5A59F97735F_557, PutCachedData=, CacheKey=PhysXPC_FULL_5DF9E1AAB7CC4DCCB2965BA1A78DFE8_9A27FDCE409F6A4CD892A4AAD34FE2B1, StartTime=2016.04.01-22.41.52, HierarchicalDDC=, DataSize=64618, Duration=0.234179, RunGuid=RunID1C79A73A414D7D2E6B3A949852008D6F
DDCTransactionId01384B1C4332ED10C04FE18EC6345BDC_578, PutCachedData=, CacheKey=PhysXPC_VIS_5DF9E1AAB7CC4DCCB2965BA1A78DFE8_9C2040F5453B2355A6EE16BB8C48126B, StartTime=2016.04.01-22.41.52, HierarchicalDDC=, DataSize=64618, Duration=0.203375, RunGuid=RunID1C79A73A414D7D2E6B3A949852008D6F
DDCTransactionIdFC1C83824942CA647BFFB5A59F97735F_558, PutCachedData=, CacheKey=PhysXPC_FULL_5DF9E1AAB7CC4DCCB2965BA1A78DFE8_0FB8C1D44B1247CAEC57A11A544A9D24, StartTime=2016.04.01-22.41.52, HierarchicalDDC=, DataSize=64618, Duration=0.215109, RunGuid=RunID1C79A73A414D7D2E6B3A949852008D6F
DDCTransactionId01384B1C4332ED10C04FE18EC6345BDC_579, PutCachedData=, CacheKey=PhysXPC_VIS_5DF9E1AAB7CC4DCCB2965BA1A78DFE8_A9C0EA4B4DFA8AF9A0A08DA13920284A, StartTime=2016.04.01-22.41.52, HierarchicalDDC=, DataSize=64618, Duration=0.183821, RunGuid=RunID1C79A73A414D7D2E6B3A949852008D6F
DDCTransactionId01384B1C4332ED10C04FE18EC6345BDC_580, PutCachedData=, CacheKey=PhysXPC_FULL_5DF9E1AAB7CC4DCCB2965BA1A78DFE8_7FEDB41317805ED746FC568D51E046BC, StartTime=2016.04.01-22.41.52, HierarchicalDDC=, DataSize=64618, Duration=0.200931, RunGuid=RunID1C79A73A414D7D2E6B3A949852008D6F
DDCTransactionIdFC1C83824942CA647BFFB5A59F97735F_559, PutCachedData=, CacheKey=PhysXPC_VIS_5DF9E1AAB7CC4DCCB2965BA1A78DFE8_9DB8840F423D83B81F1B929E2CBB0016, StartTime=2016.04.01-22.41.52, HierarchicalDDC=, DataSize=64618, Duration=0.162311, RunGuid=RunID1C79A73A414D7D2E6B3A949852008D6F
DDCTransactionIdFC1C83824942CA647BFFB5A59F97735F_560, PutCachedData=, CacheKey=PhysXPC_FULL_5DF9E1AAB7CC4DCCB2965BA1A78DFE8_A2FAE016E839CD6E48E8AFC3B7516023, StartTime=2016.04.01-22.41.52, HierarchicalDDC=, DataSize=64618, Duration=0.174534, RunGuid=RunID1C79A73A414D7D2E6B3A949852008D6F
DDCTransactionId01384B1C4332ED10C04FE18EC6345BDC_581, PutCachedData=, CacheKey=PhysXPC_VIS_5DF9E1AAB7CC4DCCB2965BA1A78DFE8_CC4EB9114D3F7DE4A989449B5F68F1A5, StartTime=2016.04.01-22.41.52, HierarchicalDDC=, DataSize=64618, Duration=0.138845, RunGuid=RunID1C79A73A414D7D2E6B3A949852008D6F
DDCTransactionId01384B1C4332ED10C04FE18EC6345BDC_582, PutCachedData=, CacheKey=PhysXPC_FULL_5DF9E1AAB7CC4DCCB2965BA1A78DFE8_D9F3F2A934DA0D4DB2CF977EA383DE36, StartTime=2016.04.01-22.41.52, HierarchicalDDC=, DataSize=64618, Duration=0.168178, RunGuid=RunID1C79A73A414D7D2E6B3A949852008D6F
DDCTransactionIdFC1C83824942CA647BFFB5A59F97735F_561, PutCachedData=, CacheKey=PhysXPC_VIS_5DF9E1AAB7CC4DCCB2965BA1A78DFE8_EDC0F2754BE9C6BA6E1D3E888950D57D, StartTime=2016.04.01-22.41.52, HierarchicalDDC=, DataSize=64618, Duration=0.159375, RunGuid=RunID1C79A73A414D7D2E6B3A949852008D6F
DDCTransactionId01384B1C4332ED10C04FE18EC6345BDC_583, PutCachedData=, CacheKey=PhysXPC_FULL_5DF9E1AAB7CC4DCCB2965BA1A78DFE8_B590CB818FCE8944B0488571582FEDC0, StartTime=2016.04.01-22.41.52, HierarchicalDDC=, DataSize=64618, Duration=0.153512, RunGuid=RunID1C79A73A414D7D2E6B3A949852008D6F
DDCTransactionIdFC1C83824942CA647BFFB5A59F97735F_562, PutCachedData=, CacheKey=PhysXPC_VIS_5DF9E1AAB7CC4DCCB2965BA1A78DFE8_BCDF74354CC185E29C30FA84427D5441, StartTime=2016.04.01-22.41.52, HierarchicalDDC=, DataSize=64618, Duration=0.132974, RunGuid=RunID1C79A73A414D7D2E6B3A949852008D6F
DDCTransactionId01384B1C4332ED10C04FE18EC6345BDC_584, PutCachedData=, CacheKey=PhysXPC_FULL_5DF9E1AAB7CC4DCCB2965BA1A78DFE8_8CFE91808E16D673E37B7C76011E5549, StartTime=2016.04.01-22.41.52, HierarchicalDDC=, DataSize=64618, Duration=0.176001, RunGuid=RunID1C79A73A414D7D2E6B3A949852008D6F
DDCTransactionIdFC1C83824942CA647BFFB5A59F97735F_563, PutCachedData=, CacheKey=PhysXPC_VIS_5DF9E1AAB7CC4DCCB2965BA1A78DFE8_348CC6434E9F5D720C311D9855F59E3C, StartTime=2016.04.01-22.41.52, HierarchicalDDC=, DataSize=64618, Duration=0.141289, RunGuid=RunID1C79A73A414D7D2E6B3A949852008D6F
DDCTransactionIdFC1C83824942CA647BFFB5A59F97735F_564, PutCachedData=, CacheKey=PhysXPC_FULL_5DF9E1AAB7CC4DCCB2965BA1A78DFE8_CC884B8E42F2657B5540F5BA9C842554, StartTime=2016.04.01-22.41.52, HierarchicalDDC=, DataSize=64618, Duration=0.124667, RunGuid=RunID1C79A73A414D7D2E6B3A949852008D6F
DDCTransactionId01384B1C4332ED10C04FE18EC6345BDC_585, PutCachedData=, CacheKey=PhysXPC_VIS_5DF9E1AAB7CC4DCCB2965BA1A78DFE8_FF4A87ED4A7FFEA8D70DF48E8237C5ED, StartTime=2016.04.01-22.41.52, HierarchicalDDC=, DataSize=64618, Duration=0.197999, RunGuid=RunID1C79A73A414D7D2E6B3A949852008D6F
DDCTransactionIdFC1C83824942CA647BFFB5A59F97735F_565, PutCachedData=, CacheKey=PhysXPC_FULL_5DF9E1AAB7CC4DCCB2965BA1A78DFE8_29C71C25D5E19C452F5686300522AC94, StartTime=2016.04.01-22.41.52, HierarchicalDDC=, DataSize=64618, Duration=0.134442, RunGuid=RunID1C79A73A414D7D2E6B3A949852008D6F
DDCTransactionId01384B1C4332ED10C04FE18EC6345BDC_586, PutCachedData=, CacheKey=PhysXPC_VIS_5DF9E1AAB7CC4DCCB2965BA1A78DFE8_EB18C24F400938F9505F658E7D3B015E, StartTime=2016.04.01-22.41.52, HierarchicalDDC=, DataSize=64618, Duration=0.187244, RunGuid=RunID1C79A73A414D7D2E6B3A949852008D6F
DDCTransactionIdFC1C83824942CA647BFFB5A59F97735F_566, PutCachedData=, CacheKey=PhysXPC_FULL_5DF9E1AAB7CC4DCCB2965BA1A78DFE8_F0F5946F718BBA91B2A327665A62CA13, StartTime=2016.04.01-22.41.52, HierarchicalDDC=, DataSize=64618, Duration=0.151068, RunGuid=RunID1C79A73A414D7D2E6B3A949852008D6F
DDCTransactionId01384B1C4332ED10C04FE18EC6345BDC_587, PutCachedData=, CacheKey=PhysXPC_VIS_5DF9E1AAB7CC4DCCB2965BA1A78DFE8_35F8A7A64FB75C9DA7691FB5EA30BFDB, StartTime=2016.04.01-22.41.52, HierarchicalDDC=, DataSize=64618, Duration=0.184312, RunGuid=RunID1C79A73A414D7D2E6B3A949852008D6F
DDCTransactionIdFC1C83824942CA647BFFB5A59F97735F_567, PutCachedData=, CacheKey=PhysXPC_FULL_5DF9E1AAB7CC4DCCB2965BA1A78DFE8_0DED32687E29772D2C5FEE2F84779A4E, StartTime=2016.04.01-22.41.52, HierarchicalDDC=, DataSize=64618, Duration=0.148620, RunGuid=RunID1C79A73A414D7D2E6B3A949852008D6F
DDCTransactionId01384B1C4332ED10C04FE18EC6345BDC_588, PutCachedData=, CacheKey=PhysXPC_VIS_5DF9E1AAB7CC4DCCB2965BA1A78DFE8_B499F80A451A5568AEE982B0B4223135, StartTime=2016.04.01-22.41.52, HierarchicalDDC=, DataSize=64618, Duration=0.249334, RunGuid=RunID1C79A73A414D7D2E6B3A949852008D6F
DDCTransactionIdFC1C83824942CA647BFFB5A59F97735F_568, PutCachedData=, CacheKey=PhysXPC_FULL_5DF9E1AAB7CC4DCCB2965BA1A78DFE8_73EB3B78C1144DECCE8884A6D148FF38, StartTime=2016.04.01-22.41.52, HierarchicalDDC=, DataSize=64618, Duration=0.233687, RunGuid=RunID1C79A73A414D7D2E6B3A949852008D6F
DDCTransactionIdFC1C83824942CA647BFFB5A59F97735F_569, PutCachedData=, CacheKey=PhysXPC_VIS_5DF9E1AAB7CC4DCCB2965BA1A78DFE8_64D926734CDEC75F088FA794759BFAE6, StartTime=2016.04.01-22.41.52, HierarchicalDDC=, DataSize=64618, Duration=0.198979, RunGuid=RunID1C79A73A414D7D2E6B3A949852008D6F
DDCTransactionId01384B1C4332ED10C04FE18EC6345BDC_589, PutCachedData=, CacheKey=PhysXPC_FULL_5DF9E1AAB7CC4DCCB2965BA1A78DFE8_A69713A88FF3A90BFA301A4A918B07D9, StartTime=2016.04.01-22.41.52, HierarchicalDDC=, DataSize=64618, Duration=0.181865, RunGuid=RunID1C79A73A414D7D2E6B3A949852008D6F
DDCTransactionId01384B1C4332ED10C04FE18EC6345BDC_590, PutCachedData=, CacheKey=PhysXPC_VIS_5DF9E1AAB7CC4DCCB2965BA1A78DFE8_26628D1D478F9AD44EF371B37C04355D, StartTime=2016.04.01-22.41.52, HierarchicalDDC=, DataSize=64618, Duration=0.151064, RunGuid=RunID1C79A73A414D7D2E6B3A949852008D6F
DDCTransactionIdFC1C83824942CA647BFFB5A59F97735F_570, PutCachedData=, CacheKey=PhysXPC_FULL_5DF9E1AAB7CC4DCCB2965BA1A78DFE8_1980E78667E1DF806559394D6DB2BFB8, StartTime=2016.04.01-22.41.52, HierarchicalDDC=, DataSize=64618, Duration=0.144713, RunGuid=RunID1C79A73A414D7D2E6B3A949852008D6F
DDCTransactionId01384B1C4332ED10C04FE18EC6345BDC_591, PutCachedData=, CacheKey=PhysXPC_VIS_5DF9E1AAB7CC4DCCB2965BA1A78DFE8_042759FA4FBE0EECB456E8A11C9B5883, StartTime=2016.04.01-22.41.52, HierarchicalDDC=, DataSize=64618, Duration=0.162799, RunGuid=RunID1C79A73A414D7D2E6B3A949852008D6F
DDCTransactionIdFC1C83824942CA647BFFB5A59F97735F_571, PutCachedData=, CacheKey=PhysXPC_FULL_5DF9E1AAB7CC4DCCB2965BA1A78DFE8_1C9FB097C4F4604D801C5E6F082754F1, StartTime=2016.04.01-22.41.52, HierarchicalDDC=, DataSize=64618, Duration=0.168178, RunGuid=RunID1C79A73A414D7D2E6B3A949852008D6F
DDCTransactionId01384B1C4332ED10C04FE18EC6345BDC_592, PutCachedData=, CacheKey=PhysXPC_VIS_5DF9E1AAB7CC4DCCB2965BA1A78DFE8_3E31C9564C5F1430D84297B895A6AA4F, StartTime=2016.04.01-22.41.52, HierarchicalDDC=, DataSize=64618, Duration=0.174534, RunGuid=RunID1C79A73A414D7D2E6B3A949852008D6F
DDCTransactionIdFC1C83824942CA647BFFB5A59F97735F_572, PutCachedData=, CacheKey=PhysXPC_FULL_5DF9E1AAB7CC4DCCB2965BA1A78DFE8_66E7F888ACC3D4C7542608927F058401, StartTime=2016.04.01-22.41.52, HierarchicalDDC=, DataSize=64618, Duration=0.168670, RunGuid=RunID1C79A73A414D7D2E6B3A949852008D6F
DDCTransactionIdFC1C83824942CA647BFFB5A59F97735F_573, PutCachedData=, CacheKey=PhysXPC_VIS_5DF9E1AAB7CC4DCCB2965BA1A78DFE8_B47AB8D4437F2936B5FE5BAA7FB80C13, StartTime=2016.04.01-22.41.52, HierarchicalDDC=, DataSize=64618, Duration=0.152532, RunGuid=RunID1C79A73A414D7D2E6B3A949852008D6F
DDCTransactionId01384B1C4332ED10C04FE18EC6345BDC_593, PutCachedData=, CacheKey=PhysXPC_FULL_5DF9E1AAB7CC4DCCB2965BA1A78DFE8_2C4D76CCED60ADA6BF64F3DEDFCF3351, StartTime=2016.04.01-22.41.52, HierarchicalDDC=, DataSize=64618, Duration=0.156447, RunGuid=RunID1C79A73A414D7D2E6B3A949852008D6F
DDCTransactionIdFC1C83824942CA647BFFB5A59F97735F_574, PutCachedData=, CacheKey=PhysXPC_VIS_5DF9E1AAB7CC4DCCB2965BA1A78DFE8_6E8477CF4CEFE08B16EBA98E681205EC, StartTime=2016.04.01-22.41.52, HierarchicalDDC=, DataSize=64618, Duration=0.130046, RunGuid=RunID1C79A73A414D7D2E6B3A949852008D6F
DDCTransactionId01384B1C4332ED10C04FE18EC6345BDC_594, PutCachedData=, CacheKey=PhysXPC_FULL_5DF9E1AAB7CC4DCCB2965BA1A78DFE8_96265C6302C5A5F16C0DA75C9268C7D2, StartTime=2016.04.01-22.41.52, HierarchicalDDC=, DataSize=64618, Duration=0.201419, RunGuid=RunID1C79A73A414D7D2E6B3A949852008D6F
DDCTransactionIdFC1C83824942CA647BFFB5A59F97735F_575, PutCachedData=, CacheKey=PhysXPC_VIS_5DF9E1AAB7CC4DCCB2965BA1A78DFE8_059EDBD741AE0708277D51B2EDE6B2F2, StartTime=2016.04.01-22.41.52, HierarchicalDDC=, DataSize=64618, Duration=0.134930, RunGuid=RunID1C79A73A414D7D2E6B3A949852008D6F
DDCTransactionId01384B1C4332ED10C04FE18EC6345BDC_595, PutCachedData=, CacheKey=PhysXPC_FULL_5DF9E1AAB7CC4DCCB2965BA1A78DFE8_1B207074640C8F022B9C9124ACF1ABA7, StartTime=2016.04.01-22.41.52, HierarchicalDDC=, DataSize=64618, Duration=0.159867, RunGuid=RunID1C79A73A414D7D2E6B3A949852008D6F
DDCTransactionIdFC1C83824942CA647BFFB5A59F97735F_576, PutCachedData=, CacheKey=PhysXPC_VIS_5DF9E1AAB7CC4DCCB2965BA1A78DFE8_4440E34440D1202B78BFBD834098C0F6, StartTime=2016.04.01-22.41.52, HierarchicalDDC=, DataSize=64618, Duration=0.131022, RunGuid=RunID1C79A73A414D7D2E6B3A949852008D6F
DDCTransactionIdFC1C83824942CA647BFFB5A59F97735F_577, PutCachedData=, CacheKey=PhysXPC_FULL_5DF9E1AAB7CC4DCCB2965BA1A78DFE8_D0E4FFD71DB2CE7A044A326A3C75E053, StartTime=2016.04.01-22.41.52, HierarchicalDDC=, DataSize=64618, Duration=0.146180, RunGuid=RunID1C79A73A414D7D2E6B3A949852008D6F
DDCTransactionId01384B1C4332ED10C04FE18EC6345BDC_596, PutCachedData=, CacheKey=PhysXPC_VIS_5DF9E1AAB7CC4DCCB2965BA1A78DFE8_B0DC1D464D984BA57656FCA270E549F9, StartTime=2016.04.01-22.41.52, HierarchicalDDC=, DataSize=64618, Duration=0.153512, RunGuid=RunID1C79A73A414D7D2E6B3A949852008D6F
DDCTransactionId01384B1C4332ED10C04FE18EC6345BDC_597, PutCachedData=, CacheKey=PhysXPC_FULL_5DF9E1AAB7CC4DCCB2965BA1A78DFE8_1E380E8AC5814589FCE97C3454B7E0BD, StartTime=2016.04.01-22.41.52, HierarchicalDDC=, DataSize=64618, Duration=0.145689, RunGuid=RunID1C79A73A414D7D2E6B3A949852008D6F
DDCTransactionIdFC1C83824942CA647BFFB5A59F97735F_578, PutCachedData=, CacheKey=PhysXPC_VIS_5DF9E1AAB7CC4DCCB2965BA1A78DFE8_01CD39E04DBB6F684EE6E69C4B1166C5, StartTime=2016.04.01-22.41.52, HierarchicalDDC=, DataSize=64618, Duration=0.277691, RunGuid=RunID1C79A73A414D7D2E6B3A949852008D6F
DDCTransactionId01384B1C4332ED10C04FE18EC6345BDC_598, PutCachedData=, CacheKey=PhysXPC_FULL_5DF9E1AAB7CC4DCCB2965BA1A78DFE8_12F52317DBE2EE6A5F68615552EC7AA5, StartTime=2016.04.01-22.41.52, HierarchicalDDC=, DataSize=64618, Duration=0.154000, RunGuid=RunID1C79A73A414D7D2E6B3A949852008D6F
DDCTransactionIdFC1C83824942CA647BFFB5A59F97735F_579, PutCachedData=, CacheKey=PhysXPC_VIS_5DF9E1AAB7CC4DCCB2965BA1A78DFE8_33EFE43C4F2EC436D04DB3969E87A36E, StartTime=2016.04.01-22.41.52, HierarchicalDDC=, DataSize=64618, Duration=0.188224, RunGuid=RunID1C79A73A414D7D2E6B3A949852008D6F
DDCTransactionId01384B1C4332ED10C04FE18EC6345BDC_599, PutCachedData=, CacheKey=PhysXPC_FULL_5DF9E1AAB7CC4DCCB2965BA1A78DFE8_52DD91822FF070D5A6265569D6DB256E, StartTime=2016.04.01-22.41.52, HierarchicalDDC=, DataSize=64618, Duration=0.141777, RunGuid=RunID1C79A73A414D7D2E6B3A949852008D6F
DDCTransactionId01384B1C4332ED10C04FE18EC6345BDC_600, PutCachedData=, CacheKey=PhysXPC_VIS_5DF9E1AAB7CC4DCCB2965BA1A78DFE8_7297768C491080C2FE7214975DC1BC64, StartTime=2016.04.01-22.41.52, HierarchicalDDC=, DataSize=64618, Duration=0.159379, RunGuid=RunID1C79A73A414D7D2E6B3A949852008D6F
DDCTransactionIdFC1C83824942CA647BFFB5A59F97735F_580, PutCachedData=, CacheKey=PhysXPC_FULL_5DF9E1AAB7CC4DCCB2965BA1A78DFE8_D333BBE5ABCD9CD3424B0575FF46AA3A, StartTime=2016.04.01-22.41.52, HierarchicalDDC=, DataSize=64618, Duration=0.197511, RunGuid=RunID1C79A73A414D7D2E6B3A949852008D6F
DDCTransactionId01384B1C4332ED10C04FE18EC6345BDC_601, PutCachedData=, CacheKey=PhysXPC_VIS_5DF9E1AAB7CC4DCCB2965BA1A78DFE8_18D16E0A4276DF3E021AF7A2CDBC9654, StartTime=2016.04.01-22.41.52, HierarchicalDDC=, DataSize=64618, Duration=0.116356, RunGuid=RunID1C79A73A414D7D2E6B3A949852008D6F
DDCTransactionIdFC1C83824942CA647BFFB5A59F97735F_581, PutCachedData=, CacheKey=PhysXPC_FULL_5DF9E1AAB7CC4DCCB2965BA1A78DFE8_FF6B0DA66875EF7A2B92979FB2322977, StartTime=2016.04.01-22.41.52, HierarchicalDDC=, DataSize=64618, Duration=0.136890, RunGuid=RunID1C79A73A414D7D2E6B3A949852008D6F
DDCTransactionId01384B1C4332ED10C04FE18EC6345BDC_602, PutCachedData=, CacheKey=PhysXPC_VIS_5DF9E1AAB7CC4DCCB2965BA1A78DFE8_0EE60FC9447992CAC3491C8238899AAD, StartTime=2016.04.01-22.41.52, HierarchicalDDC=, DataSize=64618, Duration=0.126623, RunGuid=RunID1C79A73A414D7D2E6B3A949852008D6F
DDCTransactionIdFC1C83824942CA647BFFB5A59F97735F_582, PutCachedData=, CacheKey=PhysXPC_FULL_5DF9E1AAB7CC4DCCB2965BA1A78DFE8_A4328AB99B1805945E601FC3A33E85E2, StartTime=2016.04.01-22.41.52, HierarchicalDDC=, DataSize=64618, Duration=0.120755, RunGuid=RunID1C79A73A414D7D2E6B3A949852008D6F
DDCTransactionId01384B1C4332ED10C04FE18EC6345BDC_603, PutCachedData=, CacheKey=PhysXPC_VIS_5DF9E1AAB7CC4DCCB2965BA1A78DFE8_64FD2A9240067F46B62ABCA2D141D61A, StartTime=2016.04.01-22.41.52, HierarchicalDDC=, DataSize=64618, Duration=0.129554, RunGuid=RunID1C79A73A414D7D2E6B3A949852008D6F
DDCTransactionIdFC1C83824942CA647BFFB5A59F97735F_583, PutCachedData=, CacheKey=PhysXPC_FULL_5DF9E1AAB7CC4DCCB2965BA1A78DFE8_0851A55B71222F01E732702A8C21F9E2, StartTime=2016.04.01-22.41.52, HierarchicalDDC=, DataSize=64618, Duration=0.151068, RunGuid=RunID1C79A73A414D7D2E6B3A949852008D6F
DDCTransactionId01384B1C4332ED10C04FE18EC6345BDC_604, PutCachedData=, CacheKey=PhysXPC_VIS_5DF9E1AAB7CC4DCCB2965BA1A78DFE8_CF29C6B746DFD1C46085C6B78F51311C, StartTime=2016.04.01-22.41.52, HierarchicalDDC=, DataSize=64618, Duration=0.122711, RunGuid=RunID1C79A73A414D7D2E6B3A949852008D6F
DDCTransactionIdFC1C83824942CA647BFFB5A59F97735F_584, PutCachedData=, CacheKey=PhysXPC_FULL_5DF9E1AAB7CC4DCCB2965BA1A78DFE8_02D0A545711AEE7B731F50DE2E749275, StartTime=2016.04.01-22.41.52, HierarchicalDDC=, DataSize=64618, Duration=0.152532, RunGuid=RunID1C79A73A414D7D2E6B3A949852008D6F
DDCTransactionId01384B1C4332ED10C04FE18EC6345BDC_605, PutCachedData=, CacheKey=PhysXPC_VIS_5DF9E1AAB7CC4DCCB2965BA1A78DFE8_BE7C39F74EB3FC791D85E3ABA6FC3FE5, StartTime=2016.04.01-22.41.52, HierarchicalDDC=, DataSize=64618, Duration=0.121735, RunGuid=RunID1C79A73A414D7D2E6B3A949852008D6F
DDCTransactionId01384B1C4332ED10C04FE18EC6345BDC_606, PutCachedData=, CacheKey=PhysXPC_FULL_5DF9E1AAB7CC4DCCB2965BA1A78DFE8_D140B59BDF4973E9DE528601925C630B, StartTime=2016.04.01-22.41.52, HierarchicalDDC=, DataSize=64618, Duration=0.121735, RunGuid=RunID1C79A73A414D7D2E6B3A949852008D6F
DDCTransactionIdFC1C83824942CA647BFFB5A59F97735F_585, PutCachedData=, CacheKey=PhysXPC_VIS_5DF9E1AAB7CC4DCCB2965BA1A78DFE8_FFB01D934D99CC3EBF885D9C402CC358, StartTime=2016.04.01-22.41.52, HierarchicalDDC=, DataSize=64618, Duration=0.207778, RunGuid=RunID1C79A73A414D7D2E6B3A949852008D6F
DDCTransactionId01384B1C4332ED10C04FE18EC6345BDC_607, PutCachedData=, CacheKey=PhysXPC_FULL_5DF9E1AAB7CC4DCCB2965BA1A78DFE8_B8DF62449BFC3F81A8A01EE7BE669C62, StartTime=2016.04.01-22.41.52, HierarchicalDDC=, DataSize=64618, Duration=0.169154, RunGuid=RunID1C79A73A414D7D2E6B3A949852008D6F
DDCTransactionIdFC1C83824942CA647BFFB5A59F97735F_586, PutCachedData=, CacheKey=PhysXPC_VIS_5DF9E1AAB7CC4DCCB2965BA1A78DFE8_48919971452CE69514007A989BCDB929, StartTime=2016.04.01-22.41.52, HierarchicalDDC=, DataSize=64618, Duration=0.134934, RunGuid=RunID1C79A73A414D7D2E6B3A949852008D6F
DDCTransactionId01384B1C4332ED10C04FE18EC6345BDC_608, PutCachedData=, CacheKey=PhysXPC_FULL_5DF9E1AAB7CC4DCCB2965BA1A78DFE8_220A128CE59C68B008CA65CAA4EC1234, StartTime=2016.04.01-22.41.52, HierarchicalDDC=, DataSize=64618, Duration=0.191648, RunGuid=RunID1C79A73A414D7D2E6B3A949852008D6F
DDCTransactionIdFC1C83824942CA647BFFB5A59F97735F_587, PutCachedData=, CacheKey=PhysXPC_VIS_5DF9E1AAB7CC4DCCB2965BA1A78DFE8_F7EA07834532F1225EDC7DB3B7A25C78, StartTime=2016.04.01-22.41.52, HierarchicalDDC=, DataSize=64618, Duration=0.129066, RunGuid=RunID1C79A73A414D7D2E6B3A949852008D6F
DDCTransactionId01384B1C4332ED10C04FE18EC6345BDC_609, PutCachedData=, CacheKey=PhysXPC_FULL_5DF9E1AAB7CC4DCCB2965BA1A78DFE8_4499433EF532C3FD5DA09725FD4AB767, StartTime=2016.04.01-22.41.52, HierarchicalDDC=, DataSize=64618, Duration=0.161331, RunGuid=RunID1C79A73A414D7D2E6B3A949852008D6F
DDCTransactionIdFC1C83824942CA647BFFB5A59F97735F_588, PutCachedData=, CacheKey=PhysXPC_VIS_5DF9E1AAB7CC4DCCB2965BA1A78DFE8_F8412F784D608F6BBF01659B571C2D1A, StartTime=2016.04.01-22.41.52, HierarchicalDDC=, DataSize=64618, Duration=0.138845, RunGuid=RunID1C79A73A414D7D2E6B3A949852008D6F
DDCTransactionId01384B1C4332ED10C04FE18EC6345BDC_610, PutCachedData=, CacheKey=PhysXPC_FULL_5DF9E1AAB7CC4DCCB2965BA1A78DFE8_48D7C192FDDAB2655317D2F130BF7A60, StartTime=2016.04.01-22.41.52, HierarchicalDDC=, DataSize=64618, Duration=0.150088, RunGuid=RunID1C79A73A414D7D2E6B3A949852008D6F
DDCTransactionIdFC1C83824942CA647BFFB5A59F97735F_589, PutCachedData=, CacheKey=PhysXPC_VIS_5DF9E1AAB7CC4DCCB2965BA1A78DFE8_0A91863E470EDBEA34F6029D9A93DD87, StartTime=2016.04.01-22.41.52, HierarchicalDDC=, DataSize=64618, Duration=0.254225, RunGuid=RunID1C79A73A414D7D2E6B3A949852008D6F
DDCTransactionId01384B1C4332ED10C04FE18EC6345BDC_611, PutCachedData=, CacheKey=PhysXPC_FULL_5DF9E1AAB7CC4DCCB2965BA1A78DFE8_AC5B548497EFCCE57EDA6375B7324ACC, StartTime=2016.04.01-22.41.52, HierarchicalDDC=, DataSize=64618, Duration=0.141289, RunGuid=RunID1C79A73A414D7D2E6B3A949852008D6F
DDCTransactionIdFC1C83824942CA647BFFB5A59F97735F_590, PutCachedData=, CacheKey=PhysXPC_VIS_5DF9E1AAB7CC4DCCB2965BA1A78DFE8_6C779FC54E1B3F965DD7CEA11BD3E7D5, StartTime=2016.04.01-22.41.52, HierarchicalDDC=, DataSize=64618, Duration=0.132490, RunGuid=RunID1C79A73A414D7D2E6B3A949852008D6F
DDCTransactionId01384B1C4332ED10C04FE18EC6345BDC_612, PutCachedData=, CacheKey=PhysXPC_FULL_5DF9E1AAB7CC4DCCB2965BA1A78DFE8_829BFC4B19ED655FA00C601A31117937, StartTime=2016.04.01-22.41.52, HierarchicalDDC=, DataSize=64618, Duration=0.122223, RunGuid=RunID1C79A73A414D7D2E6B3A949852008D6F
DDCTransactionIdFC1C83824942CA647BFFB5A59F97735F_591, PutCachedData=, CacheKey=PhysXPC_VIS_5DF9E1AAB7CC4DCCB2965BA1A78DFE8_5960D63C43AA2859D03C8F8ED13573FA, StartTime=2016.04.01-22.41.52, HierarchicalDDC=, DataSize=64618, Duration=0.136890, RunGuid=RunID1C79A73A414D7D2E6B3A949852008D6F
DDCTransactionId01384B1C4332ED10C04FE18EC6345BDC_613, PutCachedData=, CacheKey=PhysXPC_FULL_5DF9E1AAB7CC4DCCB2965BA1A78DFE8_07FA52A32877221AF3C16DC3A02E5AB3, StartTime=2016.04.01-22.41.52, HierarchicalDDC=, DataSize=64618, Duration=0.130534, RunGuid=RunID1C79A73A414D7D2E6B3A949852008D6F
DDCTransactionIdFC1C83824942CA647BFFB5A59F97735F_592, PutCachedData=, CacheKey=PhysXPC_VIS_5DF9E1AAB7CC4DCCB2965BA1A78DFE8_31E99C14414475B2BC895781247B4D4B, StartTime=2016.04.01-22.41.52, HierarchicalDDC=, DataSize=64618, Duration=0.163291, RunGuid=RunID1C79A73A414D7D2E6B3A949852008D6F
DDCTransactionId01384B1C4332ED10C04FE18EC6345BDC_614, PutCachedData=, CacheKey=PhysXPC_FULL_5DF9E1AAB7CC4DCCB2965BA1A78DFE8_D81238BC959650E4D47802B489F42482, StartTime=2016.04.01-22.41.52, HierarchicalDDC=, DataSize=64618, Duration=0.167198, RunGuid=RunID1C79A73A414D7D2E6B3A949852008D6F
DDCTransactionIdFC1C83824942CA647BFFB5A59F97735F_593, PutCachedData=, CacheKey=PhysXPC_VIS_5DF9E1AAB7CC4DCCB2965BA1A78DFE8_EEFCBED94CF40622E3BEBB927B7DF84C, StartTime=2016.04.01-22.41.52, HierarchicalDDC=, DataSize=64618, Duration=0.153020, RunGuid=RunID1C79A73A414D7D2E6B3A949852008D6F
DDCTransactionId01384B1C4332ED10C04FE18EC6345BDC_615, PutCachedData=, CacheKey=PhysXPC_FULL_5DF9E1AAB7CC4DCCB2965BA1A78DFE8_6AE78C1BBDA56793B0518A1C15991FD3, StartTime=2016.04.01-22.41.52, HierarchicalDDC=, DataSize=64618, Duration=0.157423, RunGuid=RunID1C79A73A414D7D2E6B3A949852008D6F
DDCTransactionIdFC1C83824942CA647BFFB5A59F97735F_594, PutCachedData=, CacheKey=PhysXPC_VIS_5DF9E1AAB7CC4DCCB2965BA1A78DFE8_D51D7A934276084EF6DFE69A9F1D1257, StartTime=2016.04.01-22.41.52, HierarchicalDDC=, DataSize=64618, Duration=0.160355, RunGuid=RunID1C79A73A414D7D2E6B3A949852008D6F
DDCTransactionId01384B1C4332ED10C04FE18EC6345BDC_616, PutCachedData=, CacheKey=PhysXPC_FULL_5DF9E1AAB7CC4DCCB2965BA1A78DFE8_C9E0413C314C9A53E7E8A0AA0C7F6649, StartTime=2016.04.01-22.41.52, HierarchicalDDC=, DataSize=64618, Duration=0.141289, RunGuid=RunID1C79A73A414D7D2E6B3A949852008D6F
DDCTransactionIdFC1C83824942CA647BFFB5A59F97735F_595, PutCachedData=, CacheKey=PhysXPC_VIS_5DF9E1AAB7CC4DCCB2965BA1A78DFE8_0400FE01434386FF6F981FA74F59F38D, StartTime=2016.04.01-22.41.52, HierarchicalDDC=, DataSize=64618, Duration=0.145689, RunGuid=RunID1C79A73A414D7D2E6B3A949852008D6F
DDCTransactionId01384B1C4332ED10C04FE18EC6345BDC_617, PutCachedData=, CacheKey=PhysXPC_FULL_5DF9E1AAB7CC4DCCB2965BA1A78DFE8_9B0621098423E5495D8476A8DFEF9F2A, StartTime=2016.04.01-22.41.52, HierarchicalDDC=, DataSize=64618, Duration=0.153020, RunGuid=RunID1C79A73A414D7D2E6B3A949852008D6F
DDCTransactionIdFC1C83824942CA647BFFB5A59F97735F_596, PutCachedData=, CacheKey=PhysXPC_VIS_5DF9E1AAB7CC4DCCB2965BA1A78DFE8_860F07324DA334C790866EA031070814, StartTime=2016.04.01-22.41.52, HierarchicalDDC=, DataSize=64618, Duration=0.126135, RunGuid=RunID1C79A73A414D7D2E6B3A949852008D6F
DDCTransactionId01384B1C4332ED10C04FE18EC6345BDC_618, PutCachedData=, CacheKey=PhysXPC_FULL_5DF9E1AAB7CC4DCCB2965BA1A78DFE8_57320EF77B34EB4E22F36A2824608218, StartTime=2016.04.01-22.41.52, HierarchicalDDC=, DataSize=64618, Duration=0.156444, RunGuid=RunID1C79A73A414D7D2E6B3A949852008D6F
DDCTransactionIdFC1C83824942CA647BFFB5A59F97735F_597, PutCachedData=, CacheKey=PhysXPC_VIS_5DF9E1AAB7CC4DCCB2965BA1A78DFE8_1B8CB9CF4C087E268FAF0FAC65281A9E, StartTime=2016.04.01-22.41.52, HierarchicalDDC=, DataSize=64618, Duration=0.133466, RunGuid=RunID1C79A73A414D7D2E6B3A949852008D6F
DDCTransactionId01384B1C4332ED10C04FE18EC6345BDC_619, PutCachedData=, CacheKey=PhysXPC_FULL_5DF9E1AAB7CC4DCCB2965BA1A78DFE8_767B5386C8C8358AD6ADB5AC26E227F0, StartTime=2016.04.01-22.41.52, HierarchicalDDC=, DataSize=64618, Duration=0.158399, RunGuid=RunID1C79A73A414D7D2E6B3A949852008D6F
DDCTransactionIdFC1C83824942CA647BFFB5A59F97735F_598, PutCachedData=, CacheKey=PhysXPC_VIS_5DF9E1AAB7CC4DCCB2965BA1A78DFE8_77106B7048B47C0087A11BB870999A99, StartTime=2016.04.01-22.41.52, HierarchicalDDC=, DataSize=64618, Duration=0.120264, RunGuid=RunID1C79A73A414D7D2E6B3A949852008D6F
DDCTransactionId01384B1C4332ED10C04FE18EC6345BDC_620, PutCachedData=, CacheKey=PhysXPC_FULL_5DF9E1AAB7CC4DCCB2965BA1A78DFE8_7F382BA3FE1E4151E751D4631E18960C, StartTime=2016.04.01-22.41.52, HierarchicalDDC=, DataSize=64618, Duration=0.135913, RunGuid=RunID1C79A73A414D7D2E6B3A949852008D6F
DDCTransactionIdFC1C83824942CA647BFFB5A59F97735F_599, PutCachedData=, CacheKey=PhysXPC_VIS_5DF9E1AAB7CC4DCCB2965BA1A78DFE8_4EC129EE40EC6B36345C02AB6F737BC3, StartTime=2016.04.01-22.41.52, HierarchicalDDC=, DataSize=64618, Duration=0.135913, RunGuid=RunID1C79A73A414D7D2E6B3A949852008D6F
DDCTransactionId01384B1C4332ED10C04FE18EC6345BDC_621, PutCachedData=, CacheKey=PhysXPC_FULL_5DF9E1AAB7CC4DCCB2965BA1A78DFE8_9926BD6B06EB0C90585B47CB8086276A, StartTime=2016.04.01-22.41.52, HierarchicalDDC=, DataSize=64618, Duration=0.140309, RunGuid=RunID1C79A73A414D7D2E6B3A949852008D6F
DDCTransactionIdFC1C83824942CA647BFFB5A59F97735F_600, PutCachedData=, CacheKey=PhysXPC_VIS_5DF9E1AAB7CC4DCCB2965BA1A78DFE8_8BEE25EE4655DDF16F22748054592E94, StartTime=2016.04.01-22.41.52, HierarchicalDDC=, DataSize=64618, Duration=0.122711, RunGuid=RunID1C79A73A414D7D2E6B3A949852008D6F
DDCTransactionIdFC1C83824942CA647BFFB5A59F97735F_601, PutCachedData=, CacheKey=PhysXPC_FULL_5DF9E1AAB7CC4DCCB2965BA1A78DFE8_0647011E2047AB38FCBD04EA81D0D97C, StartTime=2016.04.01-22.41.52, HierarchicalDDC=, DataSize=64618, Duration=0.133954, RunGuid=RunID1C79A73A414D7D2E6B3A949852008D6F
DDCTransactionId01384B1C4332ED10C04FE18EC6345BDC_622, PutCachedData=, CacheKey=PhysXPC_VIS_5DF9E1AAB7CC4DCCB2965BA1A78DFE8_FBB594DF4E9AB23B199E0EA645F52C3C, StartTime=2016.04.01-22.41.52, HierarchicalDDC=, DataSize=64618, Duration=0.195067, RunGuid=RunID1C79A73A414D7D2E6B3A949852008D6F
DDCTransactionIdFC1C83824942CA647BFFB5A59F97735F_602, PutCachedData=, CacheKey=PhysXPC_FULL_5DF9E1AAB7CC4DCCB2965BA1A78DFE8_8C49B3EDAB80EA6F13531DF5ADE0CBA8, StartTime=2016.04.01-22.41.52, HierarchicalDDC=, DataSize=64618, Duration=0.132978, RunGuid=RunID1C79A73A414D7D2E6B3A949852008D6F
DDCTransactionId01384B1C4332ED10C04FE18EC6345BDC_623, PutCachedData=, CacheKey=PhysXPC_VIS_5DF9E1AAB7CC4DCCB2965BA1A78DFE8_662E5B064AED5FFBFFBABF98952B04E2, StartTime=2016.04.01-22.41.52, HierarchicalDDC=, DataSize=64618, Duration=0.143733, RunGuid=RunID1C79A73A414D7D2E6B3A949852008D6F
DDCTransactionIdFC1C83824942CA647BFFB5A59F97735F_603, PutCachedData=, CacheKey=PhysXPC_FULL_5DF9E1AAB7CC4DCCB2965BA1A78DFE8_142FE95FFB77FCDE61D29CB72FA22632, StartTime=2016.04.01-22.41.52, HierarchicalDDC=, DataSize=64618, Duration=0.120755, RunGuid=RunID1C79A73A414D7D2E6B3A949852008D6F
DDCTransactionId01384B1C4332ED10C04FE18EC6345BDC_624, PutCachedData=, CacheKey=PhysXPC_VIS_5DF9E1AAB7CC4DCCB2965BA1A78DFE8_4660020B49F6AFE4C2C4B28BED15D8BA, StartTime=2016.04.01-22.41.52, HierarchicalDDC=, DataSize=64618, Duration=0.119779, RunGuid=RunID1C79A73A414D7D2E6B3A949852008D6F
DDCTransactionIdFC1C83824942CA647BFFB5A59F97735F_604, PutCachedData=, CacheKey=PhysXPC_FULL_5DF9E1AAB7CC4DCCB2965BA1A78DFE8_66D6203E96C013AD18245A34D3582B56, StartTime=2016.04.01-22.41.52, HierarchicalDDC=, DataSize=64618, Duration=0.157911, RunGuid=RunID1C79A73A414D7D2E6B3A949852008D6F
DDCTransactionId01384B1C4332ED10C04FE18EC6345BDC_625, PutCachedData=, CacheKey=PhysXPC_VIS_5DF9E1AAB7CC4DCCB2965BA1A78DFE8_482F30AD4D315D52934CD490F5CAE684, StartTime=2016.04.01-22.41.52, HierarchicalDDC=, DataSize=64618, Duration=0.120267, RunGuid=RunID1C79A73A414D7D2E6B3A949852008D6F
DDCTransactionIdFC1C83824942CA647BFFB5A59F97735F_605, PutCachedData=, CacheKey=PhysXPC_FULL_5DF9E1AAB7CC4DCCB2965BA1A78DFE8_F8C07BF0F4A05D7BC661E63756BCE431, StartTime=2016.04.01-22.41.52, HierarchicalDDC=, DataSize=64618, Duration=0.144709, RunGuid=RunID1C79A73A414D7D2E6B3A949852008D6F
DDCTransactionId01384B1C4332ED10C04FE18EC6345BDC_626, PutCachedData=, CacheKey=PhysXPC_VIS_5DF9E1AAB7CC4DCCB2965BA1A78DFE8_88D8EE9846045EFA04219CA81ED8CD90, StartTime=2016.04.01-22.41.52, HierarchicalDDC=, DataSize=64618, Duration=0.130046, RunGuid=RunID1C79A73A414D7D2E6B3A949852008D6F
DDCTransactionIdFC1C83824942CA647BFFB5A59F97735F_606, PutCachedData=, CacheKey=PhysXPC_FULL_5DF9E1AAB7CC4DCCB2965BA1A78DFE8_33A81CB3988AC638C4A1A4B3D7A52BBA, StartTime=2016.04.01-22.41.52, HierarchicalDDC=, DataSize=64618, Duration=0.119779, RunGuid=RunID1C79A73A414D7D2E6B3A949852008D6F
DDCTransactionId01384B1C4332ED10C04FE18EC6345BDC_627, PutCachedData=, CacheKey=PhysXPC_VIS_5DF9E1AAB7CC4DCCB2965BA1A78DFE8_2A8045604CBCE9FC075659A60BE00A2F, StartTime=2016.04.01-22.41.52, HierarchicalDDC=, DataSize=64618, Duration=0.136890, RunGuid=RunID1C79A73A414D7D2E6B3A949852008D6F
DDCTransactionIdFC1C83824942CA647BFFB5A59F97735F_607, PutCachedData=, CacheKey=PhysXPC_FULL_5DF9E1AAB7CC4DCCB2965BA1A78DFE8_0449AD8B08095DBC4F19931D8150E2C6, StartTime=2016.04.01-22.41.52, HierarchicalDDC=, DataSize=64618, Duration=0.133466, RunGuid=RunID1C79A73A414D7D2E6B3A949852008D6F
DDCTransactionId01384B1C4332ED10C04FE18EC6345BDC_628, PutCachedData=, CacheKey=PhysXPC_VIS_5DF9E1AAB7CC4DCCB2965BA1A78DFE8_A381B2CC49C1EAF751ABB3B7F519E0DD, StartTime=2016.04.01-22.41.52, HierarchicalDDC=, DataSize=64618, Duration=0.130534, RunGuid=RunID1C79A73A414D7D2E6B3A949852008D6F
DDCTransactionId01384B1C4332ED10C04FE18EC6345BDC_629, PutCachedData=, CacheKey=PhysXPC_FULL_5DF9E1AAB7CC4DCCB2965BA1A78DFE8_A0A8994103AA6CF5E6D9E3AA5FA53D51, StartTime=2016.04.01-22.41.52, HierarchicalDDC=, DataSize=64618, Duration=0.155956, RunGuid=RunID1C79A73A414D7D2E6B3A949852008D6F
DDCTransactionIdFC1C83824942CA647BFFB5A59F97735F_608, PutCachedData=, CacheKey=PhysXPC_VIS_5DF9E1AAB7CC4DCCB2965BA1A78DFE8_6FF1385E408DB05A457D54B9EBF0BCFD, StartTime=2016.04.01-22.41.52, HierarchicalDDC=, DataSize=64618, Duration=0.150088, RunGuid=RunID1C79A73A414D7D2E6B3A949852008D6F
DDCTransactionId01384B1C4332ED10C04FE18EC6345BDC_630, PutCachedData=, CacheKey=PhysXPC_FULL_5DF9E1AAB7CC4DCCB2965BA1A78DFE8_042A0AA04F89D2CB7FE592439E5ADE7C, StartTime=2016.04.01-22.41.52, HierarchicalDDC=, DataSize=64618, Duration=0.159867, RunGuid=RunID1C79A73A414D7D2E6B3A949852008D6F
DDCTransactionIdFC1C83824942CA647BFFB5A59F97735F_609, PutCachedData=, CacheKey=PhysXPC_VIS_5DF9E1AAB7CC4DCCB2965BA1A78DFE8_C8F935AE45120300C2603DB8AAC64713, StartTime=2016.04.01-22.41.52, HierarchicalDDC=, DataSize=64618, Duration=0.134934, RunGuid=RunID1C79A73A414D7D2E6B3A949852008D6F
DDCTransactionId01384B1C4332ED10C04FE18EC6345BDC_631, PutCachedData=, CacheKey=PhysXPC_FULL_5DF9E1AAB7CC4DCCB2965BA1A78DFE8_BEBACAE73A9FB81E9A5C083E0F989529, StartTime=2016.04.01-22.41.52, HierarchicalDDC=, DataSize=64618, Duration=0.166710, RunGuid=RunID1C79A73A414D7D2E6B3A949852008D6F
DDCTransactionIdFC1C83824942CA647BFFB5A59F97735F_610, PutCachedData=, CacheKey=PhysXPC_VIS_5DF9E1AAB7CC4DCCB2965BA1A78DFE8_0538FFEF49DBD42E1E112193FA318792, StartTime=2016.04.01-22.41.52, HierarchicalDDC=, DataSize=64618, Duration=0.136402, RunGuid=RunID1C79A73A414D7D2E6B3A949852008D6F
DDCTransactionIdFC1C83824942CA647BFFB5A59F97735F_611, PutCachedData=, CacheKey=PhysXPC_FULL_5DF9E1AAB7CC4DCCB2965BA1A78DFE8_EFC4911BF9984F92E86311EE85EB7E03, StartTime=2016.04.01-22.41.52, HierarchicalDDC=, DataSize=64618, Duration=0.183824, RunGuid=RunID1C79A73A414D7D2E6B3A949852008D6F
DDCTransactionId01384B1C4332ED10C04FE18EC6345BDC_632, PutCachedData=, CacheKey=PhysXPC_VIS_5DF9E1AAB7CC4DCCB2965BA1A78DFE8_F5E67C124D39C71C3223C7937D1C5E91, StartTime=2016.04.01-22.41.52, HierarchicalDDC=, DataSize=64618, Duration=0.137866, RunGuid=RunID1C79A73A414D7D2E6B3A949852008D6F
DDCTransactionId01384B1C4332ED10C04FE18EC6345BDC_633, PutCachedData=, CacheKey=PhysXPC_FULL_5DF9E1AAB7CC4DCCB2965BA1A78DFE8_F11650AEB9FEBB27D7ECF6CAED5B6AD8, StartTime=2016.04.01-22.41.52, HierarchicalDDC=, DataSize=64618, Duration=0.143245, RunGuid=RunID1C79A73A414D7D2E6B3A949852008D6F
DDCTransactionIdFC1C83824942CA647BFFB5A59F97735F_612, PutCachedData=, CacheKey=PhysXPC_VIS_5DF9E1AAB7CC4DCCB2965BA1A78DFE8_AB9A81A148102C861A849C9F4CBCE847, StartTime=2016.04.01-22.41.52, HierarchicalDDC=, DataSize=64618, Duration=0.168178, RunGuid=RunID1C79A73A414D7D2E6B3A949852008D6F
DDCTransactionId01384B1C4332ED10C04FE18EC6345BDC_634, PutCachedData=, CacheKey=PhysXPC_FULL_5DF9E1AAB7CC4DCCB2965BA1A78DFE8_CB2CAB393718D7744202AD63B50B402B, StartTime=2016.04.01-22.41.52, HierarchicalDDC=, DataSize=64618, Duration=0.165734, RunGuid=RunID1C79A73A414D7D2E6B3A949852008D6F
DDCTransactionIdFC1C83824942CA647BFFB5A59F97735F_613, PutCachedData=, CacheKey=PhysXPC_VIS_5DF9E1AAB7CC4DCCB2965BA1A78DFE8_D31F66134A41F538D327B8AECC7B9FA3, StartTime=2016.04.01-22.41.52, HierarchicalDDC=, DataSize=64618, Duration=0.180889, RunGuid=RunID1C79A73A414D7D2E6B3A949852008D6F
DDCTransactionId01384B1C4332ED10C04FE18EC6345BDC_635, PutCachedData=, CacheKey=PhysXPC_FULL_5DF9E1AAB7CC4DCCB2965BA1A78DFE8_631972849AEB5CB3BF4743910101A3E0, StartTime=2016.04.01-22.41.52, HierarchicalDDC=, DataSize=64618, Duration=0.146177, RunGuid=RunID1C79A73A414D7D2E6B3A949852008D6F
DDCTransactionIdFC1C83824942CA647BFFB5A59F97735F_614, PutCachedData=, CacheKey=PhysXPC_VIS_5DF9E1AAB7CC4DCCB2965BA1A78DFE8_AC15A0D24B9351D1CD3839A485B6DE20, StartTime=2016.04.01-22.41.52, HierarchicalDDC=, DataSize=64618, Duration=0.160843, RunGuid=RunID1C79A73A414D7D2E6B3A949852008D6F
DDCTransactionId01384B1C4332ED10C04FE18EC6345BDC_636, PutCachedData=, CacheKey=PhysXPC_FULL_5DF9E1AAB7CC4DCCB2965BA1A78DFE8_62DA44C3C142A60FA0B0DF910B526A9A, StartTime=2016.04.01-22.41.52, HierarchicalDDC=, DataSize=64618, Duration=0.157911, RunGuid=RunID1C79A73A414D7D2E6B3A949852008D6F
DDCTransactionIdFC1C83824942CA647BFFB5A59F97735F_615, PutCachedData=, CacheKey=PhysXPC_VIS_5DF9E1AAB7CC4DCCB2965BA1A78DFE8_5DE1A08E410042E94E72C38167EEC202, StartTime=2016.04.01-22.41.52, HierarchicalDDC=, DataSize=64618, Duration=0.160843, RunGuid=RunID1C79A73A414D7D2E6B3A949852008D6F
DDCTransactionId01384B1C4332ED10C04FE18EC6345BDC_637, PutCachedData=, CacheKey=PhysXPC_FULL_5DF9E1AAB7CC4DCCB2965BA1A78DFE8_41AF67C5AF91F4B8A5FA99525D8FABFC, StartTime=2016.04.01-22.41.52, HierarchicalDDC=, DataSize=64618, Duration=0.154980, RunGuid=RunID1C79A73A414D7D2E6B3A949852008D6F
DDCTransactionIdFC1C83824942CA647BFFB5A59F97735F_616, PutCachedData=, CacheKey=PhysXPC_VIS_5DF9E1AAB7CC4DCCB2965BA1A78DFE8_5B0B4B204FDAB862701360B45EA3ABF6, StartTime=2016.04.01-22.41.52, HierarchicalDDC=, DataSize=64618, Duration=0.184312, RunGuid=RunID1C79A73A414D7D2E6B3A949852008D6F
DDCTransactionId01384B1C4332ED10C04FE18EC6345BDC_638, PutCachedData=, CacheKey=PhysXPC_FULL_5DF9E1AAB7CC4DCCB2965BA1A78DFE8_B80518294EC5DEDB80499D059DD2A28C, StartTime=2016.04.01-22.41.52, HierarchicalDDC=, DataSize=64618, Duration=0.166222, RunGuid=RunID1C79A73A414D7D2E6B3A949852008D6F
DDCTransactionIdFC1C83824942CA647BFFB5A59F97735F_617, PutCachedData=, CacheKey=PhysXPC_VIS_5DF9E1AAB7CC4DCCB2965BA1A78DFE8_6F66544F4345B5E9E2A6B5922D2CF925, StartTime=2016.04.01-22.41.52, HierarchicalDDC=, DataSize=64618, Duration=0.163779, RunGuid=RunID1C79A73A414D7D2E6B3A949852008D6F
DDCTransactionId01384B1C4332ED10C04FE18EC6345BDC_639, PutCachedData=, CacheKey=PhysXPC_FULL_5DF9E1AAB7CC4DCCB2965BA1A78DFE8_E1945BE9BE67F2120DB4054D79CB4FEA, StartTime=2016.04.01-22.41.52, HierarchicalDDC=, DataSize=64618, Duration=0.138845, RunGuid=RunID1C79A73A414D7D2E6B3A949852008D6F
DDCTransactionId01384B1C4332ED10C04FE18EC6345BDC_640, PutCachedData=, CacheKey=PhysXPC_VIS_5DF9E1AAB7CC4DCCB2965BA1A78DFE8_544FA9034FA323F94A934C8888C7F512, StartTime=2016.04.01-22.41.52, HierarchicalDDC=, DataSize=64618, Duration=0.133954, RunGuid=RunID1C79A73A414D7D2E6B3A949852008D6F
DDCTransactionIdFC1C83824942CA647BFFB5A59F97735F_618, PutCachedData=, CacheKey=PhysXPC_FULL_5DF9E1AAB7CC4DCCB2965BA1A78DFE8_D1B8114ACB9F01910812AF95BF26DB03, StartTime=2016.04.01-22.41.52, HierarchicalDDC=, DataSize=64618, Duration=0.162311, RunGuid=RunID1C79A73A414D7D2E6B3A949852008D6F
DDCTransactionId01384B1C4332ED10C04FE18EC6345BDC_641, PutCachedData=, CacheKey=PhysXPC_VIS_5DF9E1AAB7CC4DCCB2965BA1A78DFE8_5F0196BA443D192389498F97C82D30F0, StartTime=2016.04.01-22.41.52, HierarchicalDDC=, DataSize=64618, Duration=0.130046, RunGuid=RunID1C79A73A414D7D2E6B3A949852008D6F
DDCTransactionIdFC1C83824942CA647BFFB5A59F97735F_619, PutCachedData=, CacheKey=PhysXPC_FULL_5DF9E1AAB7CC4DCCB2965BA1A78DFE8_01BA2D9168155A04B11007329B06C708, StartTime=2016.04.01-22.41.52, HierarchicalDDC=, DataSize=64618, Duration=0.174534, RunGuid=RunID1C79A73A414D7D2E6B3A949852008D6F
DDCTransactionId01384B1C4332ED10C04FE18EC6345BDC_642, PutCachedData=, CacheKey=PhysXPC_VIS_5DF9E1AAB7CC4DCCB2965BA1A78DFE8_5B3B7FE44331BCAA2A3D958C3623C3DA, StartTime=2016.04.01-22.41.52, HierarchicalDDC=, DataSize=64618, Duration=0.148136, RunGuid=RunID1C79A73A414D7D2E6B3A949852008D6F
DDCTransactionIdFC1C83824942CA647BFFB5A59F97735F_620, PutCachedData=, CacheKey=PhysXPC_FULL_5DF9E1AAB7CC4DCCB2965BA1A78DFE8_6F1996770FD4A3185F876C9FED5AB248, StartTime=2016.04.01-22.41.52, HierarchicalDDC=, DataSize=64618, Duration=0.153512, RunGuid=RunID1C79A73A414D7D2E6B3A949852008D6F
DDCTransactionId01384B1C4332ED10C04FE18EC6345BDC_643, PutCachedData=, CacheKey=PhysXPC_VIS_5DF9E1AAB7CC4DCCB2965BA1A78DFE8_DDFC5E4847DFCB40F6EA21B7A328714F, StartTime=2016.04.01-22.41.52, HierarchicalDDC=, DataSize=64618, Duration=0.150088, RunGuid=RunID1C79A73A414D7D2E6B3A949852008D6F
DDCTransactionIdFC1C83824942CA647BFFB5A59F97735F_621, PutCachedData=, CacheKey=PhysXPC_FULL_5DF9E1AAB7CC4DCCB2965BA1A78DFE8_383215C847036FD688B19EDE1CCEEC1D, StartTime=2016.04.01-22.41.52, HierarchicalDDC=, DataSize=64618, Duration=0.253242, RunGuid=RunID1C79A73A414D7D2E6B3A949852008D6F
DDCTransactionId01384B1C4332ED10C04FE18EC6345BDC_644, PutCachedData=, CacheKey=PhysXPC_VIS_5DF9E1AAB7CC4DCCB2965BA1A78DFE8_B86B4A3F4D3DD6D13D82A5B8E3A4A5CA, StartTime=2016.04.01-22.41.52, HierarchicalDDC=, DataSize=64618, Duration=0.134446, RunGuid=RunID1C79A73A414D7D2E6B3A949852008D6F
DDCTransactionId01384B1C4332ED10C04FE18EC6345BDC_645, PutCachedData=, CacheKey=PhysXPC_FULL_5DF9E1AAB7CC4DCCB2965BA1A78DFE8_85424FAC5224D2A05ECB8BB374BFF28A, StartTime=2016.04.01-22.41.52, HierarchicalDDC=, DataSize=64618, Duration=0.153512, RunGuid=RunID1C79A73A414D7D2E6B3A949852008D6F
DDCTransactionIdFC1C83824942CA647BFFB5A59F97735F_622, PutCachedData=, CacheKey=PhysXPC_VIS_5DF9E1AAB7CC4DCCB2965BA1A78DFE8_C65467A9401933027E5FE2A346075259, StartTime=2016.04.01-22.41.52, HierarchicalDDC=, DataSize=64618, Duration=0.155956, RunGuid=RunID1C79A73A414D7D2E6B3A949852008D6F
DDCTransactionId01384B1C4332ED10C04FE18EC6345BDC_646, PutCachedData=, CacheKey=PhysXPC_FULL_5DF9E1AAB7CC4DCCB2965BA1A78DFE8_BEA6BB46D22FE907EF10C2E0D7179581, StartTime=2016.04.01-22.41.52, HierarchicalDDC=, DataSize=64618, Duration=0.158887, RunGuid=RunID1C79A73A414D7D2E6B3A949852008D6F
DDCTransactionIdFC1C83824942CA647BFFB5A59F97735F_623, PutCachedData=, CacheKey=PhysXPC_VIS_5DF9E1AAB7CC4DCCB2965BA1A78DFE8_143CA0AE4C147D056FB962B189A91298, StartTime=2016.04.01-22.41.52, HierarchicalDDC=, DataSize=64618, Duration=0.148624, RunGuid=RunID1C79A73A414D7D2E6B3A949852008D6F
DDCTransactionId01384B1C4332ED10C04FE18EC6345BDC_647, PutCachedData=, CacheKey=PhysXPC_FULL_5DF9E1AAB7CC4DCCB2965BA1A78DFE8_D576415A1CC0BF467139229BD1439641, StartTime=2016.04.01-22.41.52, HierarchicalDDC=, DataSize=64618, Duration=0.141777, RunGuid=RunID1C79A73A414D7D2E6B3A949852008D6F
DDCTransactionIdFC1C83824942CA647BFFB5A59F97735F_624, PutCachedData=, CacheKey=PhysXPC_VIS_5DF9E1AAB7CC4DCCB2965BA1A78DFE8_D8A8FAAF4120D40B174474BC1E213CB1, StartTime=2016.04.01-22.41.52, HierarchicalDDC=, DataSize=64618, Duration=0.141777, RunGuid=RunID1C79A73A414D7D2E6B3A949852008D6F
DDCTransactionId01384B1C4332ED10C04FE18EC6345BDC_648, PutCachedData=, CacheKey=PhysXPC_FULL_5DF9E1AAB7CC4DCCB2965BA1A78DFE8_88150FE4D98F01DF1632C831E33ED29B, StartTime=2016.04.01-22.41.52, HierarchicalDDC=, DataSize=64618, Duration=0.141777, RunGuid=RunID1C79A73A414D7D2E6B3A949852008D6F
DDCTransactionIdFC1C83824942CA647BFFB5A59F97735F_625, PutCachedData=, CacheKey=PhysXPC_VIS_5DF9E1AAB7CC4DCCB2965BA1A78DFE8_B8E35920493F22CB9963F6A013CA5700, StartTime=2016.04.01-22.41.52, HierarchicalDDC=, DataSize=64618, Duration=0.171110, RunGuid=RunID1C79A73A414D7D2E6B3A949852008D6F
DDCTransactionId01384B1C4332ED10C04FE18EC6345BDC_649, PutCachedData=, CacheKey=PhysXPC_FULL_5DF9E1AAB7CC4DCCB2965BA1A78DFE8_30BB1C618A12D171406750FA965D5D00, StartTime=2016.04.01-22.41.52, HierarchicalDDC=, DataSize=64618, Duration=0.156935, RunGuid=RunID1C79A73A414D7D2E6B3A949852008D6F
DDCTransactionIdFC1C83824942CA647BFFB5A59F97735F_626, PutCachedData=, CacheKey=PhysXPC_VIS_5DF9E1AAB7CC4DCCB2965BA1A78DFE8_31F83DA64C66E6100EF1F7A380E6CF6C, StartTime=2016.04.01-22.41.52, HierarchicalDDC=, DataSize=64618, Duration=0.137866, RunGuid=RunID1C79A73A414D7D2E6B3A949852008D6F
DDCTransactionId01384B1C4332ED10C04FE18EC6345BDC_650, PutCachedData=, CacheKey=PhysXPC_FULL_5DF9E1AAB7CC4DCCB2965BA1A78DFE8_E99132DCFDB09B91A70E1E2AE43F58A3, StartTime=2016.04.01-22.41.52, HierarchicalDDC=, DataSize=64618, Duration=0.131510, RunGuid=RunID1C79A73A414D7D2E6B3A949852008D6F
DDCTransactionIdFC1C83824942CA647BFFB5A59F97735F_627, PutCachedData=, CacheKey=PhysXPC_VIS_5DF9E1AAB7CC4DCCB2965BA1A78DFE8_549B7FBD47672AB6AB9F2299CEB441D6, StartTime=2016.04.01-22.41.52, HierarchicalDDC=, DataSize=64618, Duration=0.131022, RunGuid=RunID1C79A73A414D7D2E6B3A949852008D6F
DDCTransactionId01384B1C4332ED10C04FE18EC6345BDC_651, PutCachedData=, CacheKey=PhysXPC_FULL_5DF9E1AAB7CC4DCCB2965BA1A78DFE8_3BF19DDC7B7DC5CCD2FD5D1F0985B63E, StartTime=2016.04.01-22.41.52, HierarchicalDDC=, DataSize=64618, Duration=0.134446, RunGuid=RunID1C79A73A414D7D2E6B3A949852008D6F
DDCTransactionIdFC1C83824942CA647BFFB5A59F97735F_628, PutCachedData=, CacheKey=PhysXPC_VIS_5DF9E1AAB7CC4DCCB2965BA1A78DFE8_99702F204D77FD5BEB56CFBFCC2BE14A, StartTime=2016.04.01-22.41.52, HierarchicalDDC=, DataSize=64618, Duration=0.164267, RunGuid=RunID1C79A73A414D7D2E6B3A949852008D6F
DDCTransactionId01384B1C4332ED10C04FE18EC6345BDC_652, PutCachedData=, CacheKey=PhysXPC_FULL_5DF9E1AAB7CC4DCCB2965BA1A78DFE8_1062E6071ED21BF980F2AA211533CE4E, StartTime=2016.04.01-22.41.52, HierarchicalDDC=, DataSize=64618, Duration=0.164267, RunGuid=RunID1C79A73A414D7D2E6B3A949852008D6F
DDCTransactionIdFC1C83824942CA647BFFB5A59F97735F_629, PutCachedData=, CacheKey=PhysXPC_VIS_5DF9E1AAB7CC4DCCB2965BA1A78DFE8_89927E0947B90D9BCB539F875CE7B015, StartTime=2016.04.01-22.41.52, HierarchicalDDC=, DataSize=64618, Duration=0.153020, RunGuid=RunID1C79A73A414D7D2E6B3A949852008D6F
DDCTransactionId01384B1C4332ED10C04FE18EC6345BDC_653, PutCachedData=, CacheKey=PhysXPC_FULL_5DF9E1AAB7CC4DCCB2965BA1A78DFE8_9840EF219AE01AB6B2160DA0F3937E0C, StartTime=2016.04.01-22.41.52, HierarchicalDDC=, DataSize=64618, Duration=0.162311, RunGuid=RunID1C79A73A414D7D2E6B3A949852008D6F
DDCTransactionIdFC1C83824942CA647BFFB5A59F97735F_630, PutCachedData=, CacheKey=PhysXPC_VIS_5DF9E1AAB7CC4DCCB2965BA1A78DFE8_5CD6FECC4F19917971E9DDB135F5074D, StartTime=2016.04.01-22.41.52, HierarchicalDDC=, DataSize=64618, Duration=0.128578, RunGuid=RunID1C79A73A414D7D2E6B3A949852008D6F
DDCTransactionId01384B1C4332ED10C04FE18EC6345BDC_654, PutCachedData=, CacheKey=PhysXPC_FULL_5DF9E1AAB7CC4DCCB2965BA1A78DFE8_3F121815F8F0CC3E8F00F2BE7FDF9C5E, StartTime=2016.04.01-22.41.52, HierarchicalDDC=, DataSize=64618, Duration=0.147644, RunGuid=RunID1C79A73A414D7D2E6B3A949852008D6F
DDCTransactionIdFC1C83824942CA647BFFB5A59F97735F_631, PutCachedData=, CacheKey=PhysXPC_VIS_5DF9E1AAB7CC4DCCB2965BA1A78DFE8_7B61CC6A44F69A23A7C951980FADFF0F, StartTime=2016.04.01-22.41.52, HierarchicalDDC=, DataSize=64618, Duration=0.122223, RunGuid=RunID1C79A73A414D7D2E6B3A949852008D6F
DDCTransactionId01384B1C4332ED10C04FE18EC6345BDC_655, PutCachedData=, CacheKey=PhysXPC_FULL_5DF9E1AAB7CC4DCCB2965BA1A78DFE8_9C3CA5BB2D420C012C57E8203C35FB43, StartTime=2016.04.01-22.41.52, HierarchicalDDC=, DataSize=64618, Duration=0.128575, RunGuid=RunID1C79A73A414D7D2E6B3A949852008D6F
DDCTransactionIdFC1C83824942CA647BFFB5A59F97735F_632, PutCachedData=, CacheKey=PhysXPC_VIS_5DF9E1AAB7CC4DCCB2965BA1A78DFE8_A2B34143434D86344F2DDCB3CA277796, StartTime=2016.04.01-22.41.52, HierarchicalDDC=, DataSize=64618, Duration=0.132974, RunGuid=RunID1C79A73A414D7D2E6B3A949852008D6F
DDCTransactionIdFC1C83824942CA647BFFB5A59F97735F_633, PutCachedData=, CacheKey=PhysXPC_FULL_5DF9E1AAB7CC4DCCB2965BA1A78DFE8_A32E9CC140154127AAE7119241CBCF27, StartTime=2016.04.01-22.41.52, HierarchicalDDC=, DataSize=64618, Duration=0.139333, RunGuid=RunID1C79A73A414D7D2E6B3A949852008D6F
DDCTransactionId01384B1C4332ED10C04FE18EC6345BDC_656, PutCachedData=, CacheKey=PhysXPC_VIS_5DF9E1AAB7CC4DCCB2965BA1A78DFE8_FE198A6F42FA5D8C341453BC84E6BA23, StartTime=2016.04.01-22.41.52, HierarchicalDDC=, DataSize=64618, Duration=0.132978, RunGuid=RunID1C79A73A414D7D2E6B3A949852008D6F
DDCTransactionId01384B1C4332ED10C04FE18EC6345BDC_657, PutCachedData=, CacheKey=PhysXPC_FULL_5DF9E1AAB7CC4DCCB2965BA1A78DFE8_0423D721CAC5244A179CB78503551CB8, StartTime=2016.04.01-22.41.52, HierarchicalDDC=, DataSize=64618, Duration=0.111468, RunGuid=RunID1C79A73A414D7D2E6B3A949852008D6F
DDCTransactionIdFC1C83824942CA647BFFB5A59F97735F_634, PutCachedData=, CacheKey=PhysXPC_VIS_5DF9E1AAB7CC4DCCB2965BA1A78DFE8_F2740962464C8A11FD3C508ECB8B5374, StartTime=2016.04.01-22.41.52, HierarchicalDDC=, DataSize=64618, Duration=0.206802, RunGuid=RunID1C79A73A414D7D2E6B3A949852008D6F
DDCTransactionId01384B1C4332ED10C04FE18EC6345BDC_658, PutCachedData=, CacheKey=PhysXPC_FULL_5DF9E1AAB7CC4DCCB2965BA1A78DFE8_8E1888C9B3E906BE0574A981C59D9F8F, StartTime=2016.04.01-22.41.52, HierarchicalDDC=, DataSize=64618, Duration=0.118800, RunGuid=RunID1C79A73A414D7D2E6B3A949852008D6F
DDCTransactionId01384B1C4332ED10C04FE18EC6345BDC_659, PutCachedData=, CacheKey=PhysXPC_VIS_5DF9E1AAB7CC4DCCB2965BA1A78DFE8_1A2B442E49ACD489E278A6A10846DD23, StartTime=2016.04.01-22.41.52, HierarchicalDDC=, DataSize=64618, Duration=0.144225, RunGuid=RunID1C79A73A414D7D2E6B3A949852008D6F
DDCTransactionIdFC1C83824942CA647BFFB5A59F97735F_635, PutCachedData=, CacheKey=PhysXPC_FULL_5DF9E1AAB7CC4DCCB2965BA1A78DFE8_38584850151A47CE6931C358A7976ADD, StartTime=2016.04.01-22.41.52, HierarchicalDDC=, DataSize=64618, Duration=0.146665, RunGuid=RunID1C79A73A414D7D2E6B3A949852008D6F
DDCTransactionId01384B1C4332ED10C04FE18EC6345BDC_660, PutCachedData=, CacheKey=PhysXPC_VIS_5DF9E1AAB7CC4DCCB2965BA1A78DFE8_0B4D32074BA9413E887604A192B44196, StartTime=2016.04.01-22.41.52, HierarchicalDDC=, DataSize=64618, Duration=0.155468, RunGuid=RunID1C79A73A414D7D2E6B3A949852008D6F
DDCTransactionIdFC1C83824942CA647BFFB5A59F97735F_636, PutCachedData=, CacheKey=PhysXPC_FULL_5DF9E1AAB7CC4DCCB2965BA1A78DFE8_05291897F99512A22013DADE459148AA, StartTime=2016.04.01-22.41.52, HierarchicalDDC=, DataSize=64618, Duration=0.167202, RunGuid=RunID1C79A73A414D7D2E6B3A949852008D6F
DDCTransactionId01384B1C4332ED10C04FE18EC6345BDC_661, PutCachedData=, CacheKey=PhysXPC_VIS_5DF9E1AAB7CC4DCCB2965BA1A78DFE8_9F672DD1483C40B6CA73A5815CE82E41, StartTime=2016.04.01-22.41.52, HierarchicalDDC=, DataSize=64618, Duration=0.149600, RunGuid=RunID1C79A73A414D7D2E6B3A949852008D6F
DDCTransactionIdFC1C83824942CA647BFFB5A59F97735F_637, PutCachedData=, CacheKey=PhysXPC_FULL_5DF9E1AAB7CC4DCCB2965BA1A78DFE8_AA68CAE0453C5C38D36FC48282045A8A, StartTime=2016.04.01-22.41.52, HierarchicalDDC=, DataSize=64618, Duration=0.164267, RunGuid=RunID1C79A73A414D7D2E6B3A949852008D6F
DDCTransactionId01384B1C4332ED10C04FE18EC6345BDC_662, PutCachedData=, CacheKey=PhysXPC_VIS_5DF9E1AAB7CC4DCCB2965BA1A78DFE8_7D84E79441E5173208DF918E8BBA1AF7, StartTime=2016.04.01-22.41.52, HierarchicalDDC=, DataSize=64618, Duration=0.127602, RunGuid=RunID1C79A73A414D7D2E6B3A949852008D6F
DDCTransactionIdFC1C83824942CA647BFFB5A59F97735F_638, PutCachedData=, CacheKey=PhysXPC_FULL_5DF9E1AAB7CC4DCCB2965BA1A78DFE8_16F0FC66C38F287091568EF23484DFB6, StartTime=2016.04.01-22.41.52, HierarchicalDDC=, DataSize=64618, Duration=0.159867, RunGuid=RunID1C79A73A414D7D2E6B3A949852008D6F
DDCTransactionId01384B1C4332ED10C04FE18EC6345BDC_663, PutCachedData=, CacheKey=PhysXPC_VIS_5DF9E1AAB7CC4DCCB2965BA1A78DFE8_D29F3BF044C2563FD0B140A7B552181E, StartTime=2016.04.01-22.41.52, HierarchicalDDC=, DataSize=64618, Duration=0.127111, RunGuid=RunID1C79A73A414D7D2E6B3A949852008D6F
DDCTransactionIdFC1C83824942CA647BFFB5A59F97735F_639, PutCachedData=, CacheKey=PhysXPC_FULL_5DF9E1AAB7CC4DCCB2965BA1A78DFE8_2BDD662DFF5CB1D197BD292552DB6386, StartTime=2016.04.01-22.41.52, HierarchicalDDC=, DataSize=64618, Duration=0.157911, RunGuid=RunID1C79A73A414D7D2E6B3A949852008D6F
DDCTransactionId01384B1C4332ED10C04FE18EC6345BDC_664, PutCachedData=, CacheKey=PhysXPC_VIS_5DF9E1AAB7CC4DCCB2965BA1A78DFE8_F6D32D55448499A168BAE8A4399F9B2C, StartTime=2016.04.01-22.41.52, HierarchicalDDC=, DataSize=64618, Duration=0.194576, RunGuid=RunID1C79A73A414D7D2E6B3A949852008D6F
DDCTransactionIdFC1C83824942CA647BFFB5A59F97735F_640, PutCachedData=, CacheKey=PhysXPC_FULL_5DF9E1AAB7CC4DCCB2965BA1A78DFE8_667BFBE177B7417212CE7597C0F0B972, StartTime=2016.04.01-22.41.52, HierarchicalDDC=, DataSize=64618, Duration=0.147156, RunGuid=RunID1C79A73A414D7D2E6B3A949852008D6F
DDCTransactionId01384B1C4332ED10C04FE18EC6345BDC_665, PutCachedData=, CacheKey=PhysXPC_VIS_5DF9E1AAB7CC4DCCB2965BA1A78DFE8_A166D6A04AF88F9B98606A97D72AB979, StartTime=2016.04.01-22.41.52, HierarchicalDDC=, DataSize=64618, Duration=0.176489, RunGuid=RunID1C79A73A414D7D2E6B3A949852008D6F
DDCTransactionIdFC1C83824942CA647BFFB5A59F97735F_641, PutCachedData=, CacheKey=PhysXPC_FULL_5DF9E1AAB7CC4DCCB2965BA1A78DFE8_D34E75FC571C4F1397A5094B2B6F6612, StartTime=2016.04.01-22.41.52, HierarchicalDDC=, DataSize=64618, Duration=0.162311, RunGuid=RunID1C79A73A414D7D2E6B3A949852008D6F
DDCTransactionId01384B1C4332ED10C04FE18EC6345BDC_666, PutCachedData=, CacheKey=PhysXPC_VIS_5DF9E1AAB7CC4DCCB2965BA1A78DFE8_998439244C8C6B6DB41B70AA560D1A6D, StartTime=2016.04.01-22.41.52, HierarchicalDDC=, DataSize=64618, Duration=0.158399, RunGuid=RunID1C79A73A414D7D2E6B3A949852008D6F
DDCTransactionIdFC1C83824942CA647BFFB5A59F97735F_642, PutCachedData=, CacheKey=PhysXPC_FULL_5DF9E1AAB7CC4DCCB2965BA1A78DFE8_A12B2A4DF091EBA4B01C5A72A552BD3E, StartTime=2016.04.01-22.41.52, HierarchicalDDC=, DataSize=64618, Duration=0.173554, RunGuid=RunID1C79A73A414D7D2E6B3A949852008D6F
DDCTransactionId01384B1C4332ED10C04FE18EC6345BDC_667, PutCachedData=, CacheKey=PhysXPC_VIS_5DF9E1AAB7CC4DCCB2965BA1A78DFE8_493D281B4D65D016895ADC8184A9B2A8, StartTime=2016.04.01-22.41.52, HierarchicalDDC=, DataSize=64618, Duration=0.164270, RunGuid=RunID1C79A73A414D7D2E6B3A949852008D6F
DDCTransactionIdFC1C83824942CA647BFFB5A59F97735F_643, PutCachedData=, CacheKey=PhysXPC_FULL_5DF9E1AAB7CC4DCCB2965BA1A78DFE8_756826382D593942156F414B517059E5, StartTime=2016.04.01-22.41.52, HierarchicalDDC=, DataSize=64618, Duration=0.129554, RunGuid=RunID1C79A73A414D7D2E6B3A949852008D6F
DDCTransactionId01384B1C4332ED10C04FE18EC6345BDC_668, PutCachedData=, CacheKey=PhysXPC_VIS_5DF9E1AAB7CC4DCCB2965BA1A78DFE8_7C1E4F2A4A9EBD8D448D4C8CD3E25EA7, StartTime=2016.04.01-22.41.52, HierarchicalDDC=, DataSize=64618, Duration=0.160843, RunGuid=RunID1C79A73A414D7D2E6B3A949852008D6F
DDCTransactionIdFC1C83824942CA647BFFB5A59F97735F_644, PutCachedData=, CacheKey=PhysXPC_FULL_5DF9E1AAB7CC4DCCB2965BA1A78DFE8_3276F179D7A27AA8B65F3E5CB3235038, StartTime=2016.04.01-22.41.52, HierarchicalDDC=, DataSize=64618, Duration=0.143737, RunGuid=RunID1C79A73A414D7D2E6B3A949852008D6F
DDCTransactionId01384B1C4332ED10C04FE18EC6345BDC_669, PutCachedData=, CacheKey=PhysXPC_VIS_5DF9E1AAB7CC4DCCB2965BA1A78DFE8_6DD95C0746A6E4151F0169B5174B0997, StartTime=2016.04.01-22.41.52, HierarchicalDDC=, DataSize=64618, Duration=0.161823, RunGuid=RunID1C79A73A414D7D2E6B3A949852008D6F
DDCTransactionIdFC1C83824942CA647BFFB5A59F97735F_645, PutCachedData=, CacheKey=PhysXPC_FULL_5DF9E1AAB7CC4DCCB2965BA1A78DFE8_A19EF7826E0BDA4BA24BBFD0D7880EDF, StartTime=2016.04.01-22.41.52, HierarchicalDDC=, DataSize=64618, Duration=0.132490, RunGuid=RunID1C79A73A414D7D2E6B3A949852008D6F
DDCTransactionId01384B1C4332ED10C04FE18EC6345BDC_670, PutCachedData=, CacheKey=PhysXPC_VIS_5DF9E1AAB7CC4DCCB2965BA1A78DFE8_3B0637E24D4E7ACED0015D8C7C543867, StartTime=2016.04.01-22.41.52, HierarchicalDDC=, DataSize=64618, Duration=0.177465, RunGuid=RunID1C79A73A414D7D2E6B3A949852008D6F
DDCTransactionIdFC1C83824942CA647BFFB5A59F97735F_646, PutCachedData=, CacheKey=PhysXPC_FULL_5DF9E1AAB7CC4DCCB2965BA1A78DFE8_D986BD6E3F5318D8125A312540DD0A36, StartTime=2016.04.01-22.41.52, HierarchicalDDC=, DataSize=64618, Duration=0.157420, RunGuid=RunID1C79A73A414D7D2E6B3A949852008D6F
DDCTransactionId01384B1C4332ED10C04FE18EC6345BDC_671, PutCachedData=, CacheKey=PhysXPC_VIS_5DF9E1AAB7CC4DCCB2965BA1A78DFE8_8B6B599E468B2F88CE48C0A7026E2558, StartTime=2016.04.01-22.41.52, HierarchicalDDC=, DataSize=64618, Duration=0.157911, RunGuid=RunID1C79A73A414D7D2E6B3A949852008D6F
DDCTransactionIdFC1C83824942CA647BFFB5A59F97735F_647, PutCachedData=, CacheKey=PhysXPC_FULL_5DF9E1AAB7CC4DCCB2965BA1A78DFE8_C7F540B3D9DD8ACC518F205E2B168649, StartTime=2016.04.01-22.41.52, HierarchicalDDC=, DataSize=64618, Duration=0.147156, RunGuid=RunID1C79A73A414D7D2E6B3A949852008D6F
DDCTransactionId01384B1C4332ED10C04FE18EC6345BDC_672, PutCachedData=, CacheKey=PhysXPC_VIS_5DF9E1AAB7CC4DCCB2965BA1A78DFE8_8891CB4A4AF83039305D0FBA42563FDE, StartTime=2016.04.01-22.41.52, HierarchicalDDC=, DataSize=64618, Duration=0.133466, RunGuid=RunID1C79A73A414D7D2E6B3A949852008D6F
DDCTransactionIdFC1C83824942CA647BFFB5A59F97735F_648, PutCachedData=, CacheKey=PhysXPC_FULL_5DF9E1AAB7CC4DCCB2965BA1A78DFE8_9B9BA68BFA07CDA17437F102AAE58C61, StartTime=2016.04.01-22.41.52, HierarchicalDDC=, DataSize=64618, Duration=0.143733, RunGuid=RunID1C79A73A414D7D2E6B3A949852008D6F
DDCTransactionId01384B1C4332ED10C04FE18EC6345BDC_673, PutCachedData=, CacheKey=PhysXPC_VIS_5DF9E1AAB7CC4DCCB2965BA1A78DFE8_14CDE87F48A3FF8A03D058952068791F, StartTime=2016.04.01-22.41.52, HierarchicalDDC=, DataSize=64618, Duration=0.120267, RunGuid=RunID1C79A73A414D7D2E6B3A949852008D6F
DDCTransactionIdFC1C83824942CA647BFFB5A59F97735F_649, PutCachedData=, CacheKey=PhysXPC_FULL_5DF9E1AAB7CC4DCCB2965BA1A78DFE8_A58DC1D789F663FE09A8CAC3FCA894A5, StartTime=2016.04.01-22.41.52, HierarchicalDDC=, DataSize=64618, Duration=0.135422, RunGuid=RunID1C79A73A414D7D2E6B3A949852008D6F
DDCTransactionId01384B1C4332ED10C04FE18EC6345BDC_674, PutCachedData=, CacheKey=PhysXPC_VIS_5DF9E1AAB7CC4DCCB2965BA1A78DFE8_C77323714479D286EA7D60B086F8B2EA, StartTime=2016.04.01-22.41.52, HierarchicalDDC=, DataSize=64618, Duration=0.128090, RunGuid=RunID1C79A73A414D7D2E6B3A949852008D6F
DDCTransactionIdFC1C83824942CA647BFFB5A59F97735F_650, PutCachedData=, CacheKey=PhysXPC_FULL_5DF9E1AAB7CC4DCCB2965BA1A78DFE8_93CA0F2695D100558935B9562B14573C, StartTime=2016.04.01-22.41.52, HierarchicalDDC=, DataSize=64618, Duration=0.150580, RunGuid=RunID1C79A73A414D7D2E6B3A949852008D6F
DDCTransactionId01384B1C4332ED10C04FE18EC6345BDC_675, PutCachedData=, CacheKey=PhysXPC_VIS_5DF9E1AAB7CC4DCCB2965BA1A78DFE8_03D4C52E468BAF6DACEE48B56C64F2B2, StartTime=2016.04.01-22.41.52, HierarchicalDDC=, DataSize=64618, Duration=0.129554, RunGuid=RunID1C79A73A414D7D2E6B3A949852008D6F
DDCTransactionIdFC1C83824942CA647BFFB5A59F97735F_651, PutCachedData=, CacheKey=PhysXPC_FULL_5DF9E1AAB7CC4DCCB2965BA1A78DFE8_3E87D59DDC7B4BBF22C7460B6FF008E7, StartTime=2016.04.01-22.41.52, HierarchicalDDC=, DataSize=64618, Duration=0.127599, RunGuid=RunID1C79A73A414D7D2E6B3A949852008D6F
DDCTransactionId01384B1C4332ED10C04FE18EC6345BDC_676, PutCachedData=, CacheKey=PhysXPC_VIS_5DF9E1AAB7CC4DCCB2965BA1A78DFE8_CF9193CA4DBE12FB4D48A7BE010C667E, StartTime=2016.04.01-22.41.52, HierarchicalDDC=, DataSize=64618, Duration=0.121731, RunGuid=RunID1C79A73A414D7D2E6B3A949852008D6F
DDCTransactionIdFC1C83824942CA647BFFB5A59F97735F_652, PutCachedData=, CacheKey=PhysXPC_FULL_5DF9E1AAB7CC4DCCB2965BA1A78DFE8_CF11DCF88AD883AD55ED8E469A7B5BC7, StartTime=2016.04.01-22.41.52, HierarchicalDDC=, DataSize=64618, Duration=0.129558, RunGuid=RunID1C79A73A414D7D2E6B3A949852008D6F
DDCTransactionId01384B1C4332ED10C04FE18EC6345BDC_677, PutCachedData=, CacheKey=PhysXPC_VIS_5DF9E1AAB7CC4DCCB2965BA1A78DFE8_A477D7F04E521863507598B34ACDDA1C, StartTime=2016.04.01-22.41.52, HierarchicalDDC=, DataSize=64618, Duration=0.120267, RunGuid=RunID1C79A73A414D7D2E6B3A949852008D6F
DDCTransactionId01384B1C4332ED10C04FE18EC6345BDC_678, PutCachedData=, CacheKey=PhysXPC_FULL_5DF9E1AAB7CC4DCCB2965BA1A78DFE8_986C714252DE9BE2542FDC0F498AACDA, StartTime=2016.04.01-22.41.52, HierarchicalDDC=, DataSize=64618, Duration=0.131510, RunGuid=RunID1C79A73A414D7D2E6B3A949852008D6F
DDCTransactionIdFC1C83824942CA647BFFB5A59F97735F_653, PutCachedData=, CacheKey=PhysXPC_VIS_5DF9E1AAB7CC4DCCB2965BA1A78DFE8_0910A5BA4D79771F49CB33AAA9A8B618, StartTime=2016.04.01-22.41.52, HierarchicalDDC=, DataSize=64618, Duration=0.142265, RunGuid=RunID1C79A73A414D7D2E6B3A949852008D6F
DDCTransactionId01384B1C4332ED10C04FE18EC6345BDC_679, PutCachedData=, CacheKey=PhysXPC_FULL_5DF9E1AAB7CC4DCCB2965BA1A78DFE8_D1FD7C880E212FA6E8FDA594EDF89268, StartTime=2016.04.01-22.41.52, HierarchicalDDC=, DataSize=64618, Duration=0.124667, RunGuid=RunID1C79A73A414D7D2E6B3A949852008D6F
DDCTransactionIdFC1C83824942CA647BFFB5A59F97735F_654, PutCachedData=, CacheKey=PhysXPC_VIS_5DF9E1AAB7CC4DCCB2965BA1A78DFE8_D31D414043BAFDA41DB81182265C0FD3, StartTime=2016.04.01-22.41.52, HierarchicalDDC=, DataSize=64618, Duration=0.127599, RunGuid=RunID1C79A73A414D7D2E6B3A949852008D6F
DDCTransactionId01384B1C4332ED10C04FE18EC6345BDC_680, PutCachedData=, CacheKey=PhysXPC_FULL_5DF9E1AAB7CC4DCCB2965BA1A78DFE8_39209C2F14A18A103785ABCAE91E3D94, StartTime=2016.04.01-22.41.52, HierarchicalDDC=, DataSize=64618, Duration=0.139333, RunGuid=RunID1C79A73A414D7D2E6B3A949852008D6F
DDCTransactionIdFC1C83824942CA647BFFB5A59F97735F_655, PutCachedData=, CacheKey=PhysXPC_VIS_5DF9E1AAB7CC4DCCB2965BA1A78DFE8_8DFC5A6E47E69B5D281EDEA1A01D2AF0, StartTime=2016.04.01-22.41.52, HierarchicalDDC=, DataSize=64618, Duration=0.141777, RunGuid=RunID1C79A73A414D7D2E6B3A949852008D6F
DDCTransactionId01384B1C4332ED10C04FE18EC6345BDC_681, PutCachedData=, CacheKey=PhysXPC_FULL_5DF9E1AAB7CC4DCCB2965BA1A78DFE8_C03998BDD9AE180599480EE7D6FDC93E, StartTime=2016.04.01-22.41.52, HierarchicalDDC=, DataSize=64618, Duration=0.143245, RunGuid=RunID1C79A73A414D7D2E6B3A949852008D6F
DDCTransactionIdFC1C83824942CA647BFFB5A59F97735F_656, PutCachedData=, CacheKey=PhysXPC_VIS_5DF9E1AAB7CC4DCCB2965BA1A78DFE8_D6C61809478C2F5AB5EEA785659A4850, StartTime=2016.04.01-22.41.52, HierarchicalDDC=, DataSize=64618, Duration=0.140309, RunGuid=RunID1C79A73A414D7D2E6B3A949852008D6F
DDCTransactionIdFC1C83824942CA647BFFB5A59F97735F_657, PutCachedData=, CacheKey=PhysXPC_FULL_5DF9E1AAB7CC4DCCB2965BA1A78DFE8_000F215B0324E4DF55143E7144C4FAA2, StartTime=2016.04.01-22.41.52, HierarchicalDDC=, DataSize=64618, Duration=0.142757, RunGuid=RunID1C79A73A414D7D2E6B3A949852008D6F
DDCTransactionId01384B1C4332ED10C04FE18EC6345BDC_682, PutCachedData=, CacheKey=PhysXPC_VIS_5DF9E1AAB7CC4DCCB2965BA1A78DFE8_55A662DF4010E969AC0100AEDF7BEEFC, StartTime=2016.04.01-22.41.52, HierarchicalDDC=, DataSize=64618, Duration=0.148132, RunGuid=RunID1C79A73A414D7D2E6B3A949852008D6F
DDCTransactionIdFC1C83824942CA647BFFB5A59F97735F_658, PutCachedData=, CacheKey=PhysXPC_FULL_5DF9E1AAB7CC4DCCB2965BA1A78DFE8_AE9A749B586E78D95DEE72D380E46176, StartTime=2016.04.01-22.41.52, HierarchicalDDC=, DataSize=64618, Duration=0.134934, RunGuid=RunID1C79A73A414D7D2E6B3A949852008D6F
DDCTransactionId01384B1C4332ED10C04FE18EC6345BDC_683, PutCachedData=, CacheKey=PhysXPC_VIS_5DF9E1AAB7CC4DCCB2965BA1A78DFE8_C53038B7497DA466A4EB839D9580A02D, StartTime=2016.04.01-22.41.52, HierarchicalDDC=, DataSize=64618, Duration=0.135422, RunGuid=RunID1C79A73A414D7D2E6B3A949852008D6F
DDCTransactionIdFC1C83824942CA647BFFB5A59F97735F_659, PutCachedData=, CacheKey=PhysXPC_FULL_5DF9E1AAB7CC4DCCB2965BA1A78DFE8_09CB2DE7662D4D8ECB56BA7F5F72388B, StartTime=2016.04.01-22.41.52, HierarchicalDDC=, DataSize=64618, Duration=0.134446, RunGuid=RunID1C79A73A414D7D2E6B3A949852008D6F
DDCTransactionId01384B1C4332ED10C04FE18EC6345BDC_684, PutCachedData=, CacheKey=PhysXPC_VIS_5DF9E1AAB7CC4DCCB2965BA1A78DFE8_6131613B438A3FB5C4FA7EAD28F313BC, StartTime=2016.04.01-22.41.52, HierarchicalDDC=, DataSize=64618, Duration=0.133954, RunGuid=RunID1C79A73A414D7D2E6B3A949852008D6F
DDCTransactionIdFC1C83824942CA647BFFB5A59F97735F_660, PutCachedData=, CacheKey=PhysXPC_FULL_5DF9E1AAB7CC4DCCB2965BA1A78DFE8_7261046485140CCA446C37B90E08BB4A, StartTime=2016.04.01-22.41.52, HierarchicalDDC=, DataSize=64618, Duration=0.159375, RunGuid=RunID1C79A73A414D7D2E6B3A949852008D6F
DDCTransactionId01384B1C4332ED10C04FE18EC6345BDC_685, PutCachedData=, CacheKey=PhysXPC_VIS_5DF9E1AAB7CC4DCCB2965BA1A78DFE8_588EFEAA42730E86D0796A9A37D3ED5C, StartTime=2016.04.01-22.41.52, HierarchicalDDC=, DataSize=64618, Duration=0.139333, RunGuid=RunID1C79A73A414D7D2E6B3A949852008D6F
DDCTransactionIdFC1C83824942CA647BFFB5A59F97735F_661, PutCachedData=, CacheKey=PhysXPC_FULL_5DF9E1AAB7CC4DCCB2965BA1A78DFE8_1DEC5D076ABC278335C5B27A1ECE73E2, StartTime=2016.04.01-22.41.52, HierarchicalDDC=, DataSize=64618, Duration=0.266444, RunGuid=RunID1C79A73A414D7D2E6B3A949852008D6F
DDCTransactionId01384B1C4332ED10C04FE18EC6345BDC_686, PutCachedData=, CacheKey=PhysXPC_VIS_5DF9E1AAB7CC4DCCB2965BA1A78DFE8_EC9BBFCA4D4D0F335AD73BAC9F980C37, StartTime=2016.04.01-22.41.52, HierarchicalDDC=, DataSize=64618, Duration=0.141289, RunGuid=RunID1C79A73A414D7D2E6B3A949852008D6F
DDCTransactionId01384B1C4332ED10C04FE18EC6345BDC_687, PutCachedData=, CacheKey=PhysXPC_FULL_5DF9E1AAB7CC4DCCB2965BA1A78DFE8_1719D63F81F1BD8C64B5C97861BEAAFD, StartTime=2016.04.01-22.41.52, HierarchicalDDC=, DataSize=64618, Duration=0.143245, RunGuid=RunID1C79A73A414D7D2E6B3A949852008D6F
DDCTransactionIdFC1C83824942CA647BFFB5A59F97735F_662, PutCachedData=, CacheKey=PhysXPC_VIS_5DF9E1AAB7CC4DCCB2965BA1A78DFE8_0BCA26E841ACAB23098A42BD0B0D0373, StartTime=2016.04.01-22.41.52, HierarchicalDDC=, DataSize=64618, Duration=0.161823, RunGuid=RunID1C79A73A414D7D2E6B3A949852008D6F
DDCTransactionId01384B1C4332ED10C04FE18EC6345BDC_688, PutCachedData=, CacheKey=PhysXPC_FULL_5DF9E1AAB7CC4DCCB2965BA1A78DFE8_67F3F03BF369C58F27EB80CC90E9E952, StartTime=2016.04.01-22.41.52, HierarchicalDDC=, DataSize=64618, Duration=0.152532, RunGuid=RunID1C79A73A414D7D2E6B3A949852008D6F
DDCTransactionIdFC1C83824942CA647BFFB5A59F97735F_663, PutCachedData=, CacheKey=PhysXPC_VIS_5DF9E1AAB7CC4DCCB2965BA1A78DFE8_BE698AD74ABE1CB6106676A89CA08B91, StartTime=2016.04.01-22.41.52, HierarchicalDDC=, DataSize=64618, Duration=0.162799, RunGuid=RunID1C79A73A414D7D2E6B3A949852008D6F
DDCTransactionId01384B1C4332ED10C04FE18EC6345BDC_689, PutCachedData=, CacheKey=PhysXPC_FULL_5DF9E1AAB7CC4DCCB2965BA1A78DFE8_8CA65CB77F00EF028401C9E62ED3CE1B, StartTime=2016.04.01-22.41.52, HierarchicalDDC=, DataSize=64618, Duration=0.147156, RunGuid=RunID1C79A73A414D7D2E6B3A949852008D6F
DDCTransactionIdFC1C83824942CA647BFFB5A59F97735F_664, PutCachedData=, CacheKey=PhysXPC_VIS_5DF9E1AAB7CC4DCCB2965BA1A78DFE8_213A5E7849DFE46A6C79F39F3CAAA6DF, StartTime=2016.04.01-22.41.52, HierarchicalDDC=, DataSize=64618, Duration=0.149112, RunGuid=RunID1C79A73A414D7D2E6B3A949852008D6F
DDCTransactionId01384B1C4332ED10C04FE18EC6345BDC_690, PutCachedData=, CacheKey=PhysXPC_FULL_5DF9E1AAB7CC4DCCB2965BA1A78DFE8_7190535748687553C1253C69BDF5942A, StartTime=2016.04.01-22.41.52, HierarchicalDDC=, DataSize=64618, Duration=0.136398, RunGuid=RunID1C79A73A414D7D2E6B3A949852008D6F
DDCTransactionIdFC1C83824942CA647BFFB5A59F97735F_665, PutCachedData=, CacheKey=PhysXPC_VIS_5DF9E1AAB7CC4DCCB2965BA1A78DFE8_E4A4AD174275FAED81FB7EAF14216537, StartTime=2016.04.01-22.41.52, HierarchicalDDC=, DataSize=64618, Duration=0.172090, RunGuid=RunID1C79A73A414D7D2E6B3A949852008D6F
DDCTransactionId01384B1C4332ED10C04FE18EC6345BDC_691, PutCachedData=, CacheKey=PhysXPC_FULL_5DF9E1AAB7CC4DCCB2965BA1A78DFE8_21AD679F931A2F74978F4E82024BC339, StartTime=2016.04.01-22.41.52, HierarchicalDDC=, DataSize=64618, Duration=0.146177, RunGuid=RunID1C79A73A414D7D2E6B3A949852008D6F
DDCTransactionId01384B1C4332ED10C04FE18EC6345BDC_692, PutCachedData=, CacheKey=PhysXPC_VIS_5DF9E1AAB7CC4DCCB2965BA1A78DFE8_2CC7E99B4A8275177EBFA89BDDF85F0A, StartTime=2016.04.01-22.41.52, HierarchicalDDC=, DataSize=64618, Duration=0.142757, RunGuid=RunID1C79A73A414D7D2E6B3A949852008D6F
DDCTransactionIdFC1C83824942CA647BFFB5A59F97735F_666, PutCachedData=, CacheKey=PhysXPC_FULL_5DF9E1AAB7CC4DCCB2965BA1A78DFE8_0BA59CAD8DC0FD8115FA7E2BE127313E, StartTime=2016.04.01-22.41.52, HierarchicalDDC=, DataSize=64618, Duration=0.178445, RunGuid=RunID1C79A73A414D7D2E6B3A949852008D6F
DDCTransactionId01384B1C4332ED10C04FE18EC6345BDC_693, PutCachedData=, CacheKey=PhysXPC_VIS_5DF9E1AAB7CC4DCCB2965BA1A78DFE8_CF6F073C4BA06677017414A39B685AAE, StartTime=2016.04.01-22.41.52, HierarchicalDDC=, DataSize=64618, Duration=0.142753, RunGuid=RunID1C79A73A414D7D2E6B3A949852008D6F
DDCTransactionIdFC1C83824942CA647BFFB5A59F97735F_667, PutCachedData=, CacheKey=PhysXPC_FULL_5DF9E1AAB7CC4DCCB2965BA1A78DFE8_7C475E553C2CF87833AC95729FF179C3, StartTime=2016.04.01-22.41.52, HierarchicalDDC=, DataSize=64618, Duration=0.137866, RunGuid=RunID1C79A73A414D7D2E6B3A949852008D6F
DDCTransactionId01384B1C4332ED10C04FE18EC6345BDC_694, PutCachedData=, CacheKey=PhysXPC_VIS_5DF9E1AAB7CC4DCCB2965BA1A78DFE8_B50EF41B4634A292B5FA54A4F541FA8F, StartTime=2016.04.01-22.41.52, HierarchicalDDC=, DataSize=64618, Duration=0.153512, RunGuid=RunID1C79A73A414D7D2E6B3A949852008D6F
DDCTransactionIdFC1C83824942CA647BFFB5A59F97735F_668, PutCachedData=, CacheKey=PhysXPC_FULL_5DF9E1AAB7CC4DCCB2965BA1A78DFE8_D56D39D2A9D83F45918705E55BBD9EEF, StartTime=2016.04.01-22.41.52, HierarchicalDDC=, DataSize=64618, Duration=0.120755, RunGuid=RunID1C79A73A414D7D2E6B3A949852008D6F
DDCTransactionId01384B1C4332ED10C04FE18EC6345BDC_695, PutCachedData=, CacheKey=PhysXPC_VIS_5DF9E1AAB7CC4DCCB2965BA1A78DFE8_6EF938D2483F89D7E3357AAAC3187349, StartTime=2016.04.01-22.41.52, HierarchicalDDC=, DataSize=64618, Duration=0.181377, RunGuid=RunID1C79A73A414D7D2E6B3A949852008D6F
DDCTransactionIdFC1C83824942CA647BFFB5A59F97735F_669, PutCachedData=, CacheKey=PhysXPC_FULL_5DF9E1AAB7CC4DCCB2965BA1A78DFE8_7DDC61E83FED51A4D9DD814242EFBA08, StartTime=2016.04.01-22.41.52, HierarchicalDDC=, DataSize=64618, Duration=0.124175, RunGuid=RunID1C79A73A414D7D2E6B3A949852008D6F
DDCTransactionIdFC1C83824942CA647BFFB5A59F97735F_670, PutCachedData=, CacheKey=PhysXPC_VIS_5DF9E1AAB7CC4DCCB2965BA1A78DFE8_1D1E1CC24D7BCF0F0A98038500D7084F, StartTime=2016.04.01-22.41.52, HierarchicalDDC=, DataSize=64618, Duration=0.129558, RunGuid=RunID1C79A73A414D7D2E6B3A949852008D6F
DDCTransactionId01384B1C4332ED10C04FE18EC6345BDC_696, PutCachedData=, CacheKey=PhysXPC_FULL_5DF9E1AAB7CC4DCCB2965BA1A78DFE8_3E047A79CF0B1A8E017088236CD67DC9, StartTime=2016.04.01-22.41.52, HierarchicalDDC=, DataSize=64618, Duration=0.222933, RunGuid=RunID1C79A73A414D7D2E6B3A949852008D6F
DDCTransactionIdFC1C83824942CA647BFFB5A59F97735F_671, PutCachedData=, CacheKey=PhysXPC_VIS_5DF9E1AAB7CC4DCCB2965BA1A78DFE8_57C9384A445F76E075F055BFD7AAB027, StartTime=2016.04.01-22.41.52, HierarchicalDDC=, DataSize=64618, Duration=0.131022, RunGuid=RunID1C79A73A414D7D2E6B3A949852008D6F
DDCTransactionIdFC1C83824942CA647BFFB5A59F97735F_672, PutCachedData=, CacheKey=PhysXPC_FULL_5DF9E1AAB7CC4DCCB2965BA1A78DFE8_F4B9EFD6BF0245B41762B7A7699E9626, StartTime=2016.04.01-22.41.52, HierarchicalDDC=, DataSize=64618, Duration=0.130046, RunGuid=RunID1C79A73A414D7D2E6B3A949852008D6F
DDCTransactionId01384B1C4332ED10C04FE18EC6345BDC_697, PutCachedData=, CacheKey=PhysXPC_VIS_5DF9E1AAB7CC4DCCB2965BA1A78DFE8_7334DE3945BE15E9DF8733BF7C700BD5, StartTime=2016.04.01-22.41.52, HierarchicalDDC=, DataSize=64618, Duration=0.205822, RunGuid=RunID1C79A73A414D7D2E6B3A949852008D6F
DDCTransactionIdFC1C83824942CA647BFFB5A59F97735F_673, PutCachedData=, CacheKey=PhysXPC_FULL_5DF9E1AAB7CC4DCCB2965BA1A78DFE8_C289F3B2C96F29A59BFCF4682413AC8B, StartTime=2016.04.01-22.41.52, HierarchicalDDC=, DataSize=64618, Duration=0.135422, RunGuid=RunID1C79A73A414D7D2E6B3A949852008D6F
DDCTransactionId01384B1C4332ED10C04FE18EC6345BDC_698, PutCachedData=, CacheKey=PhysXPC_VIS_5DF9E1AAB7CC4DCCB2965BA1A78DFE8_BDB0135449936CA41D85B2B1EE993C32, StartTime=2016.04.01-22.41.52, HierarchicalDDC=, DataSize=64618, Duration=0.157911, RunGuid=RunID1C79A73A414D7D2E6B3A949852008D6F
DDCTransactionIdFC1C83824942CA647BFFB5A59F97735F_674, PutCachedData=, CacheKey=PhysXPC_FULL_5DF9E1AAB7CC4DCCB2965BA1A78DFE8_1BE8BA48BC40D239896C307710A716C4, StartTime=2016.04.01-22.41.52, HierarchicalDDC=, DataSize=64618, Duration=0.153024, RunGuid=RunID1C79A73A414D7D2E6B3A949852008D6F
DDCTransactionId01384B1C4332ED10C04FE18EC6345BDC_699, PutCachedData=, CacheKey=PhysXPC_VIS_5DF9E1AAB7CC4DCCB2965BA1A78DFE8_DE4D71DD4D610F6376D5708FEFCCF696, StartTime=2016.04.01-22.41.52, HierarchicalDDC=, DataSize=64618, Duration=0.139821, RunGuid=RunID1C79A73A414D7D2E6B3A949852008D6F
DDCTransactionIdFC1C83824942CA647BFFB5A59F97735F_675, PutCachedData=, CacheKey=PhysXPC_FULL_5DF9E1AAB7CC4DCCB2965BA1A78DFE8_E19B8ED3324BA22FCA1AE0A02F9152ED, StartTime=2016.04.01-22.41.52, HierarchicalDDC=, DataSize=64618, Duration=0.208266, RunGuid=RunID1C79A73A414D7D2E6B3A949852008D6F
DDCTransactionId01384B1C4332ED10C04FE18EC6345BDC_700, PutCachedData=, CacheKey=PhysXPC_VIS_5DF9E1AAB7CC4DCCB2965BA1A78DFE8_3CA1DABD47293E17D1C38887A9ED9EBA, StartTime=2016.04.01-22.41.52, HierarchicalDDC=, DataSize=64618, Duration=0.146177, RunGuid=RunID1C79A73A414D7D2E6B3A949852008D6F
DDCTransactionIdFC1C83824942CA647BFFB5A59F97735F_676, PutCachedData=, CacheKey=PhysXPC_FULL_5DF9E1AAB7CC4DCCB2965BA1A78DFE8_500FED9A17CE40934D6C7CE51A4BB558, StartTime=2016.04.01-22.41.52, HierarchicalDDC=, DataSize=64618, Duration=0.209242, RunGuid=RunID1C79A73A414D7D2E6B3A949852008D6F
DDCTransactionId01384B1C4332ED10C04FE18EC6345BDC_701, PutCachedData=, CacheKey=PhysXPC_VIS_5DF9E1AAB7CC4DCCB2965BA1A78DFE8_6B86DA3C45750C1CD9BD1BB899714C95, StartTime=2016.04.01-22.41.52, HierarchicalDDC=, DataSize=64618, Duration=0.143241, RunGuid=RunID1C79A73A414D7D2E6B3A949852008D6F
DDCTransactionId01384B1C4332ED10C04FE18EC6345BDC_702, PutCachedData=, CacheKey=PhysXPC_FULL_5DF9E1AAB7CC4DCCB2965BA1A78DFE8_DB6B098D30F4D262D96F2108B027FAB3, StartTime=2016.04.01-22.41.52, HierarchicalDDC=, DataSize=64618, Duration=0.149112, RunGuid=RunID1C79A73A414D7D2E6B3A949852008D6F
DDCTransactionIdFC1C83824942CA647BFFB5A59F97735F_677, PutCachedData=, CacheKey=PhysXPC_VIS_5DF9E1AAB7CC4DCCB2965BA1A78DFE8_2ECEBA0A43D50C0E1CE643A8FC94DAFD, StartTime=2016.04.01-22.41.52, HierarchicalDDC=, DataSize=64618, Duration=0.204846, RunGuid=RunID1C79A73A414D7D2E6B3A949852008D6F
DDCTransactionId01384B1C4332ED10C04FE18EC6345BDC_703, PutCachedData=, CacheKey=PhysXPC_FULL_5DF9E1AAB7CC4DCCB2965BA1A78DFE8_4929D7E1805A18B8BD8143700CF40BBB, StartTime=2016.04.01-22.41.52, HierarchicalDDC=, DataSize=64618, Duration=0.137378, RunGuid=RunID1C79A73A414D7D2E6B3A949852008D6F
DDCTransactionIdFC1C83824942CA647BFFB5A59F97735F_678, PutCachedData=, CacheKey=PhysXPC_VIS_5DF9E1AAB7CC4DCCB2965BA1A78DFE8_4C2F1EDF4E850432D9F600A3B87A9BDB, StartTime=2016.04.01-22.41.52, HierarchicalDDC=, DataSize=64618, Duration=0.150088, RunGuid=RunID1C79A73A414D7D2E6B3A949852008D6F
DDCTransactionId01384B1C4332ED10C04FE18EC6345BDC_704, PutCachedData=, CacheKey=PhysXPC_FULL_5DF9E1AAB7CC4DCCB2965BA1A78DFE8_9561A7F5EC95831D9DAE1C130E92E952, StartTime=2016.04.01-22.41.52, HierarchicalDDC=, DataSize=64618, Duration=0.137378, RunGuid=RunID1C79A73A414D7D2E6B3A949852008D6F
DDCTransactionIdFC1C83824942CA647BFFB5A59F97735F_679, PutCachedData=, CacheKey=PhysXPC_VIS_5DF9E1AAB7CC4DCCB2965BA1A78DFE8_547D22A94C27359FEE5DC98A88541810, StartTime=2016.04.01-22.41.52, HierarchicalDDC=, DataSize=64618, Duration=0.149112, RunGuid=RunID1C79A73A414D7D2E6B3A949852008D6F
DDCTransactionId01384B1C4332ED10C04FE18EC6345BDC_705, PutCachedData=, CacheKey=PhysXPC_FULL_5DF9E1AAB7CC4DCCB2965BA1A78DFE8_586E06F593B89FE5376939B66EC18007, StartTime=2016.04.01-22.41.52, HierarchicalDDC=, DataSize=64618, Duration=0.149112, RunGuid=RunID1C79A73A414D7D2E6B3A949852008D6F
DDCTransactionIdFC1C83824942CA647BFFB5A59F97735F_680, PutCachedData=, CacheKey=PhysXPC_VIS_5DF9E1AAB7CC4DCCB2965BA1A78DFE8_103F16BC4D8CDA8BD1D1D7A32BE0595D, StartTime=2016.04.01-22.41.52, HierarchicalDDC=, DataSize=64618, Duration=0.145201, RunGuid=RunID1C79A73A414D7D2E6B3A949852008D6F
DDCTransactionId01384B1C4332ED10C04FE18EC6345BDC_706, PutCachedData=, CacheKey=PhysXPC_FULL_5DF9E1AAB7CC4DCCB2965BA1A78DFE8_7FCC58DE5735288C9697B7D31A5DAC12, StartTime=2016.04.01-22.41.52, HierarchicalDDC=, DataSize=64618, Duration=0.139333, RunGuid=RunID1C79A73A414D7D2E6B3A949852008D6F
DDCTransactionIdFC1C83824942CA647BFFB5A59F97735F_681, PutCachedData=, CacheKey=PhysXPC_VIS_5DF9E1AAB7CC4DCCB2965BA1A78DFE8_2D5AAA344B55050ECCDEEC95BE8AAB4D, StartTime=2016.04.01-22.41.52, HierarchicalDDC=, DataSize=64618, Duration=0.131998, RunGuid=RunID1C79A73A414D7D2E6B3A949852008D6F
DDCTransactionId01384B1C4332ED10C04FE18EC6345BDC_707, PutCachedData=, CacheKey=PhysXPC_FULL_5DF9E1AAB7CC4DCCB2965BA1A78DFE8_33C6F31F04DD579A465EE2B905D50B34, StartTime=2016.04.01-22.41.52, HierarchicalDDC=, DataSize=64618, Duration=0.138357, RunGuid=RunID1C79A73A414D7D2E6B3A949852008D6F
DDCTransactionIdFC1C83824942CA647BFFB5A59F97735F_682, PutCachedData=, CacheKey=PhysXPC_VIS_5DF9E1AAB7CC4DCCB2965BA1A78DFE8_E715DDD3498A72D1075B67A69266066C, StartTime=2016.04.01-22.41.52, HierarchicalDDC=, DataSize=64618, Duration=0.137378, RunGuid=RunID1C79A73A414D7D2E6B3A949852008D6F
DDCTransactionId01384B1C4332ED10C04FE18EC6345BDC_708, PutCachedData=, CacheKey=PhysXPC_FULL_5DF9E1AAB7CC4DCCB2965BA1A78DFE8_CEA0FF697A4A1EC9EFA1FA6384C7F86E, StartTime=2016.04.01-22.41.52, HierarchicalDDC=, DataSize=64618, Duration=0.135422, RunGuid=RunID1C79A73A414D7D2E6B3A949852008D6F
DDCTransactionIdFC1C83824942CA647BFFB5A59F97735F_683, PutCachedData=, CacheKey=PhysXPC_VIS_5DF9E1AAB7CC4DCCB2965BA1A78DFE8_E96920A548F99C8BB6A63CB33712F315, StartTime=2016.04.01-22.41.52, HierarchicalDDC=, DataSize=64618, Duration=0.152536, RunGuid=RunID1C79A73A414D7D2E6B3A949852008D6F
DDCTransactionId01384B1C4332ED10C04FE18EC6345BDC_709, PutCachedData=, CacheKey=PhysXPC_FULL_5DF9E1AAB7CC4DCCB2965BA1A78DFE8_A606AA1E8BD46770A22C4994427B65FF, StartTime=2016.04.01-22.41.52, HierarchicalDDC=, DataSize=64618, Duration=0.134934, RunGuid=RunID1C79A73A414D7D2E6B3A949852008D6F
DDCTransactionIdFC1C83824942CA647BFFB5A59F97735F_684, PutCachedData=, CacheKey=PhysXPC_VIS_5DF9E1AAB7CC4DCCB2965BA1A78DFE8_820580464B8EC0CD4E3447B09C438024, StartTime=2016.04.01-22.41.52, HierarchicalDDC=, DataSize=64618, Duration=0.154000, RunGuid=RunID1C79A73A414D7D2E6B3A949852008D6F
DDCTransactionId01384B1C4332ED10C04FE18EC6345BDC_710, PutCachedData=, CacheKey=PhysXPC_FULL_5DF9E1AAB7CC4DCCB2965BA1A78DFE8_4F21EC7FA94AA954C50471CBF7BAC60F, StartTime=2016.04.01-22.41.52, HierarchicalDDC=, DataSize=64618, Duration=0.136402, RunGuid=RunID1C79A73A414D7D2E6B3A949852008D6F
DDCTransactionIdFC1C83824942CA647BFFB5A59F97735F_685, PutCachedData=, CacheKey=PhysXPC_VIS_5DF9E1AAB7CC4DCCB2965BA1A78DFE8_C84D90814ABBF0FD1D12BAA5C3D472E8, StartTime=2016.04.01-22.41.52, HierarchicalDDC=, DataSize=64618, Duration=0.143245, RunGuid=RunID1C79A73A414D7D2E6B3A949852008D6F
DDCTransactionId01384B1C4332ED10C04FE18EC6345BDC_711, PutCachedData=, CacheKey=PhysXPC_FULL_5DF9E1AAB7CC4DCCB2965BA1A78DFE8_A04D6E0E458ABD785EAA465332628D41, StartTime=2016.04.01-22.41.52, HierarchicalDDC=, DataSize=64618, Duration=0.142265, RunGuid=RunID1C79A73A414D7D2E6B3A949852008D6F
DDCTransactionIdFC1C83824942CA647BFFB5A59F97735F_686, PutCachedData=, CacheKey=PhysXPC_VIS_5DF9E1AAB7CC4DCCB2965BA1A78DFE8_BA2FE3A142D61C5C8452ED8008A04115, StartTime=2016.04.01-22.41.52, HierarchicalDDC=, DataSize=64618, Duration=0.136402, RunGuid=RunID1C79A73A414D7D2E6B3A949852008D6F
DDCTransactionId01384B1C4332ED10C04FE18EC6345BDC_712, PutCachedData=, CacheKey=PhysXPC_FULL_5DF9E1AAB7CC4DCCB2965BA1A78DFE8_6D1D0A16B4A3289F77DFC443D4172CE5, StartTime=2016.04.01-22.41.52, HierarchicalDDC=, DataSize=64618, Duration=0.138357, RunGuid=RunID1C79A73A414D7D2E6B3A949852008D6F
DDCTransactionIdFC1C83824942CA647BFFB5A59F97735F_687, PutCachedData=, CacheKey=PhysXPC_VIS_5DF9E1AAB7CC4DCCB2965BA1A78DFE8_1443456D4DA559339AFEC2A7008DF0F4, StartTime=2016.04.01-22.41.52, HierarchicalDDC=, DataSize=64618, Duration=0.135422, RunGuid=RunID1C79A73A414D7D2E6B3A949852008D6F
DDCTransactionId01384B1C4332ED10C04FE18EC6345BDC_713, PutCachedData=, CacheKey=PhysXPC_FULL_5DF9E1AAB7CC4DCCB2965BA1A78DFE8_4AC42BD0F177166F44A37613EF31F15A, StartTime=2016.04.01-22.41.52, HierarchicalDDC=, DataSize=64618, Duration=0.140801, RunGuid=RunID1C79A73A414D7D2E6B3A949852008D6F
DDCTransactionIdFC1C83824942CA647BFFB5A59F97735F_688, PutCachedData=, CacheKey=PhysXPC_VIS_5DF9E1AAB7CC4DCCB2965BA1A78DFE8_E6729ED2489C9670D4A8079395DB6B1D, StartTime=2016.04.01-22.41.52, HierarchicalDDC=, DataSize=64618, Duration=0.175510, RunGuid=RunID1C79A73A414D7D2E6B3A949852008D6F
DDCTransactionId01384B1C4332ED10C04FE18EC6345BDC_714, PutCachedData=, CacheKey=PhysXPC_FULL_5DF9E1AAB7CC4DCCB2965BA1A78DFE8_E84FE3FC401625A77AAD6A91F8C6B3CE, StartTime=2016.04.01-22.41.52, HierarchicalDDC=, DataSize=64618, Duration=0.144709, RunGuid=RunID1C79A73A414D7D2E6B3A949852008D6F
DDCTransactionIdFC1C83824942CA647BFFB5A59F97735F_689, PutCachedData=, CacheKey=PhysXPC_VIS_5DF9E1AAB7CC4DCCB2965BA1A78DFE8_C3710F314BA4963747FDA39383B7DF64, StartTime=2016.04.01-22.41.52, HierarchicalDDC=, DataSize=64618, Duration=0.132978, RunGuid=RunID1C79A73A414D7D2E6B3A949852008D6F
DDCTransactionId01384B1C4332ED10C04FE18EC6345BDC_715, PutCachedData=, CacheKey=PhysXPC_FULL_5DF9E1AAB7CC4DCCB2965BA1A78DFE8_6431D3D9C37DD02F6400D7A3965C8183, StartTime=2016.04.01-22.41.52, HierarchicalDDC=, DataSize=64618, Duration=0.141777, RunGuid=RunID1C79A73A414D7D2E6B3A949852008D6F
DDCTransactionIdFC1C83824942CA647BFFB5A59F97735F_690, PutCachedData=, CacheKey=PhysXPC_VIS_5DF9E1AAB7CC4DCCB2965BA1A78DFE8_08E0CF8E4B6091229671579C0FFF54E8, StartTime=2016.04.01-22.41.52, HierarchicalDDC=, DataSize=64618, Duration=0.154488, RunGuid=RunID1C79A73A414D7D2E6B3A949852008D6F
DDCTransactionId01384B1C4332ED10C04FE18EC6345BDC_716, PutCachedData=, CacheKey=PhysXPC_FULL_5DF9E1AAB7CC4DCCB2965BA1A78DFE8_1ABC64A8EDF6A05D537624F0081BCCC5, StartTime=2016.04.01-22.41.52, HierarchicalDDC=, DataSize=64618, Duration=0.137378, RunGuid=RunID1C79A73A414D7D2E6B3A949852008D6F
DDCTransactionIdFC1C83824942CA647BFFB5A59F97735F_691, PutCachedData=, CacheKey=PhysXPC_VIS_5DF9E1AAB7CC4DCCB2965BA1A78DFE8_37F4062E47A9C63A9B7F6482412C0395, StartTime=2016.04.01-22.41.52, HierarchicalDDC=, DataSize=64618, Duration=0.126623, RunGuid=RunID1C79A73A414D7D2E6B3A949852008D6F
DDCTransactionId01384B1C4332ED10C04FE18EC6345BDC_717, PutCachedData=, CacheKey=PhysXPC_FULL_5DF9E1AAB7CC4DCCB2965BA1A78DFE8_5B62588338389B8844DFE02A865AF3F6, StartTime=2016.04.01-22.41.52, HierarchicalDDC=, DataSize=64618, Duration=0.125159, RunGuid=RunID1C79A73A414D7D2E6B3A949852008D6F
DDCTransactionIdFC1C83824942CA647BFFB5A59F97735F_692, PutCachedData=, CacheKey=PhysXPC_VIS_5DF9E1AAB7CC4DCCB2965BA1A78DFE8_32D89A4E4CBAC6145403C1ACA166801F, StartTime=2016.04.01-22.41.52, HierarchicalDDC=, DataSize=64618, Duration=0.276711, RunGuid=RunID1C79A73A414D7D2E6B3A949852008D6F
DDCTransactionId01384B1C4332ED10C04FE18EC6345BDC_718, PutCachedData=, CacheKey=PhysXPC_FULL_5DF9E1AAB7CC4DCCB2965BA1A78DFE8_185EF3C0F4E9870239ED6A493B320F58, StartTime=2016.04.01-22.41.52, HierarchicalDDC=, DataSize=64618, Duration=0.302620, RunGuid=RunID1C79A73A414D7D2E6B3A949852008D6F
DDCTransactionIdFC1C83824942CA647BFFB5A59F97735F_693, PutCachedData=, CacheKey=PhysXPC_VIS_5DF9E1AAB7CC4DCCB2965BA1A78DFE8_B01CD5CE42FD906E41C05D8689A67EDE, StartTime=2016.04.01-22.41.52, HierarchicalDDC=, DataSize=64618, Duration=0.198487, RunGuid=RunID1C79A73A414D7D2E6B3A949852008D6F
DDCTransactionId01384B1C4332ED10C04FE18EC6345BDC_719, PutCachedData=, CacheKey=PhysXPC_FULL_5DF9E1AAB7CC4DCCB2965BA1A78DFE8_0CA2789032CEE133F961491CB6CE0FCA, StartTime=2016.04.01-22.41.52, HierarchicalDDC=, DataSize=64618, Duration=0.167202, RunGuid=RunID1C79A73A414D7D2E6B3A949852008D6F
DDCTransactionIdFC1C83824942CA647BFFB5A59F97735F_694, PutCachedData=, CacheKey=PhysXPC_VIS_5DF9E1AAB7CC4DCCB2965BA1A78DFE8_600D49AF442E585919B758A811496846, StartTime=2016.04.01-22.41.52, HierarchicalDDC=, DataSize=64618, Duration=0.135910, RunGuid=RunID1C79A73A414D7D2E6B3A949852008D6F
DDCTransactionIdFC1C83824942CA647BFFB5A59F97735F_695, PutCachedData=, CacheKey=PhysXPC_FULL_5DF9E1AAB7CC4DCCB2965BA1A78DFE8_C702CEBFCCCAFCE347F1E2980D3A3C82, StartTime=2016.04.01-22.41.52, HierarchicalDDC=, DataSize=64618, Duration=0.135910, RunGuid=RunID1C79A73A414D7D2E6B3A949852008D6F
DDCTransactionId01384B1C4332ED10C04FE18EC6345BDC_720, PutCachedData=, CacheKey=PhysXPC_VIS_5DF9E1AAB7CC4DCCB2965BA1A78DFE8_CBF1289E44FF5ECE495C7C82EC58E330, StartTime=2016.04.01-22.41.52, HierarchicalDDC=, DataSize=64618, Duration=0.125647, RunGuid=RunID1C79A73A414D7D2E6B3A949852008D6F
DDCTransactionIdFC1C83824942CA647BFFB5A59F97735F_696, PutCachedData=, CacheKey=PhysXPC_FULL_5DF9E1AAB7CC4DCCB2965BA1A78DFE8_DB981BA3313FE6BB686C975F96ADA34E, StartTime=2016.04.01-22.41.52, HierarchicalDDC=, DataSize=64618, Duration=0.132002, RunGuid=RunID1C79A73A414D7D2E6B3A949852008D6F
DDCTransactionId01384B1C4332ED10C04FE18EC6345BDC_721, PutCachedData=, CacheKey=PhysXPC_VIS_5DF9E1AAB7CC4DCCB2965BA1A78DFE8_ABDD82E44BD4057B661B2F8EDB4FABBD, StartTime=2016.04.01-22.41.52, HierarchicalDDC=, DataSize=64618, Duration=0.126623, RunGuid=RunID1C79A73A414D7D2E6B3A949852008D6F
DDCTransactionIdFC1C83824942CA647BFFB5A59F97735F_697, PutCachedData=, CacheKey=PhysXPC_FULL_5DF9E1AAB7CC4DCCB2965BA1A78DFE8_407B5E6BEE400FA66637F913517D8A85, StartTime=2016.04.01-22.41.52, HierarchicalDDC=, DataSize=64618, Duration=0.132978, RunGuid=RunID1C79A73A414D7D2E6B3A949852008D6F
DDCTransactionId01384B1C4332ED10C04FE18EC6345BDC_722, PutCachedData=, CacheKey=PhysXPC_VIS_5DF9E1AAB7CC4DCCB2965BA1A78DFE8_492D5C17475D6906868E489D7C7E780C, StartTime=2016.04.01-22.41.52, HierarchicalDDC=, DataSize=64618, Duration=0.125159, RunGuid=RunID1C79A73A414D7D2E6B3A949852008D6F
DDCTransactionId01384B1C4332ED10C04FE18EC6345BDC_723, PutCachedData=, CacheKey=PhysXPC_FULL_5DF9E1AAB7CC4DCCB2965BA1A78DFE8_0EB142BC87351401F31AF6825973AA8B, StartTime=2016.04.01-22.41.52, HierarchicalDDC=, DataSize=64618, Duration=0.135422, RunGuid=RunID1C79A73A414D7D2E6B3A949852008D6F
DDCTransactionIdFC1C83824942CA647BFFB5A59F97735F_698, PutCachedData=, CacheKey=PhysXPC_VIS_5DF9E1AAB7CC4DCCB2965BA1A78DFE8_9F081F5E4C4B3856EA15DBAB3636906F, StartTime=2016.04.01-22.41.52, HierarchicalDDC=, DataSize=64618, Duration=0.133954, RunGuid=RunID1C79A73A414D7D2E6B3A949852008D6F
DDCTransactionId01384B1C4332ED10C04FE18EC6345BDC_724, PutCachedData=, CacheKey=PhysXPC_FULL_5DF9E1AAB7CC4DCCB2965BA1A78DFE8_850F9D6C5709C6D70C3BE0D28B90E48C, StartTime=2016.04.01-22.41.52, HierarchicalDDC=, DataSize=64618, Duration=0.141777, RunGuid=RunID1C79A73A414D7D2E6B3A949852008D6F
DDCTransactionIdFC1C83824942CA647BFFB5A59F97735F_699, PutCachedData=, CacheKey=PhysXPC_VIS_5DF9E1AAB7CC4DCCB2965BA1A78DFE8_E719EF674EB92C59F3BA3F97F607D2A1, StartTime=2016.04.01-22.41.52, HierarchicalDDC=, DataSize=64618, Duration=0.134934, RunGuid=RunID1C79A73A414D7D2E6B3A949852008D6F
DDCTransactionIdFC1C83824942CA647BFFB5A59F97735F_700, PutCachedData=, CacheKey=PhysXPC_FULL_5DF9E1AAB7CC4DCCB2965BA1A78DFE8_962B963DA5DAE1D76D3E5A36608B0621, StartTime=2016.04.01-22.41.52, HierarchicalDDC=, DataSize=64618, Duration=0.137378, RunGuid=RunID1C79A73A414D7D2E6B3A949852008D6F
DDCTransactionId01384B1C4332ED10C04FE18EC6345BDC_725, PutCachedData=, CacheKey=PhysXPC_VIS_5DF9E1AAB7CC4DCCB2965BA1A78DFE8_2EA5648147322EE8C7C61FA075210D09, StartTime=2016.04.01-22.41.52, HierarchicalDDC=, DataSize=64618, Duration=0.135422, RunGuid=RunID1C79A73A414D7D2E6B3A949852008D6F
DDCTransactionIdFC1C83824942CA647BFFB5A59F97735F_701, PutCachedData=, CacheKey=PhysXPC_FULL_5DF9E1AAB7CC4DCCB2965BA1A78DFE8_FE6AE47220B0CDCB2F28AC60C24B3631, StartTime=2016.04.01-22.41.52, HierarchicalDDC=, DataSize=64618, Duration=0.120755, RunGuid=RunID1C79A73A414D7D2E6B3A949852008D6F
DDCTransactionId01384B1C4332ED10C04FE18EC6345BDC_726, PutCachedData=, CacheKey=PhysXPC_VIS_5DF9E1AAB7CC4DCCB2965BA1A78DFE8_6748EB1C4EB8AACFEBC2DDB9FDA7A3C6, StartTime=2016.04.01-22.41.52, HierarchicalDDC=, DataSize=64618, Duration=0.191156, RunGuid=RunID1C79A73A414D7D2E6B3A949852008D6F
DDCTransactionIdFC1C83824942CA647BFFB5A59F97735F_702, PutCachedData=, CacheKey=PhysXPC_FULL_5DF9E1AAB7CC4DCCB2965BA1A78DFE8_DE943DCFF1B543818DA484B78AB348DB, StartTime=2016.04.01-22.41.52, HierarchicalDDC=, DataSize=64618, Duration=0.132978, RunGuid=RunID1C79A73A414D7D2E6B3A949852008D6F
DDCTransactionId01384B1C4332ED10C04FE18EC6345BDC_727, PutCachedData=, CacheKey=PhysXPC_VIS_5DF9E1AAB7CC4DCCB2965BA1A78DFE8_6172030D4A414E253E79BB858FA40AB9, StartTime=2016.04.01-22.41.52, HierarchicalDDC=, DataSize=64618, Duration=0.154000, RunGuid=RunID1C79A73A414D7D2E6B3A949852008D6F
DDCTransactionIdFC1C83824942CA647BFFB5A59F97735F_703, PutCachedData=, CacheKey=PhysXPC_FULL_5DF9E1AAB7CC4DCCB2965BA1A78DFE8_552A53150AF8899A06F43B07F8371DF3, StartTime=2016.04.01-22.41.52, HierarchicalDDC=, DataSize=64618, Duration=0.131998, RunGuid=RunID1C79A73A414D7D2E6B3A949852008D6F
DDCTransactionId01384B1C4332ED10C04FE18EC6345BDC_728, PutCachedData=, CacheKey=PhysXPC_VIS_5DF9E1AAB7CC4DCCB2965BA1A78DFE8_EA7E09FF426112B8A2AD2885E7D5D639, StartTime=2016.04.01-22.41.52, HierarchicalDDC=, DataSize=64618, Duration=0.156935, RunGuid=RunID1C79A73A414D7D2E6B3A949852008D6F
DDCTransactionIdFC1C83824942CA647BFFB5A59F97735F_704, PutCachedData=, CacheKey=PhysXPC_FULL_5DF9E1AAB7CC4DCCB2965BA1A78DFE8_865F3AC7328EA3D78E73F49BA3E74300, StartTime=2016.04.01-22.41.52, HierarchicalDDC=, DataSize=64618, Duration=0.131022, RunGuid=RunID1C79A73A414D7D2E6B3A949852008D6F
DDCTransactionIdFC1C83824942CA647BFFB5A59F97735F_705, PutCachedData=, CacheKey=PhysXPC_VIS_5DF9E1AAB7CC4DCCB2965BA1A78DFE8_DA5EBCAD492077A7C2B5C89D889423D8, StartTime=2016.04.01-22.41.52, HierarchicalDDC=, DataSize=64618, Duration=0.127599, RunGuid=RunID1C79A73A414D7D2E6B3A949852008D6F
DDCTransactionId01384B1C4332ED10C04FE18EC6345BDC_729, PutCachedData=, CacheKey=PhysXPC_FULL_5DF9E1AAB7CC4DCCB2965BA1A78DFE8_44F9EFD031346D35B5DDD3E066A43592, StartTime=2016.04.01-22.41.52, HierarchicalDDC=, DataSize=64618, Duration=0.152532, RunGuid=RunID1C79A73A414D7D2E6B3A949852008D6F
DDCTransactionIdFC1C83824942CA647BFFB5A59F97735F_706, PutCachedData=, CacheKey=PhysXPC_VIS_5DF9E1AAB7CC4DCCB2965BA1A78DFE8_F6EEECDF4D5BE8891069A99616C20E28, StartTime=2016.04.01-22.41.52, HierarchicalDDC=, DataSize=64618, Duration=0.135422, RunGuid=RunID1C79A73A414D7D2E6B3A949852008D6F
DDCTransactionId01384B1C4332ED10C04FE18EC6345BDC_730, PutCachedData=, CacheKey=PhysXPC_FULL_5DF9E1AAB7CC4DCCB2965BA1A78DFE8_D00D547DAC33D9E30915B1C07656E052, StartTime=2016.04.01-22.41.52, HierarchicalDDC=, DataSize=64618, Duration=0.232708, RunGuid=RunID1C79A73A414D7D2E6B3A949852008D6F
DDCTransactionIdFC1C83824942CA647BFFB5A59F97735F_707, PutCachedData=, CacheKey=PhysXPC_VIS_5DF9E1AAB7CC4DCCB2965BA1A78DFE8_32F91F484266F8227C336CBF82784842, StartTime=2016.04.01-22.41.52, HierarchicalDDC=, DataSize=64618, Duration=0.129066, RunGuid=RunID1C79A73A414D7D2E6B3A949852008D6F
DDCTransactionIdFC1C83824942CA647BFFB5A59F97735F_708, PutCachedData=, CacheKey=PhysXPC_FULL_5DF9E1AAB7CC4DCCB2965BA1A78DFE8_E32340D5DAAAA48405BEA700BD3AC3B5, StartTime=2016.04.01-22.41.52, HierarchicalDDC=, DataSize=64618, Duration=0.160355, RunGuid=RunID1C79A73A414D7D2E6B3A949852008D6F
DDCTransactionId01384B1C4332ED10C04FE18EC6345BDC_731, PutCachedData=, CacheKey=PhysXPC_VIS_5DF9E1AAB7CC4DCCB2965BA1A78DFE8_EFC4A10A4BFD448A748D77A4EB8231F6, StartTime=2016.04.01-22.41.52, HierarchicalDDC=, DataSize=64618, Duration=0.134442, RunGuid=RunID1C79A73A414D7D2E6B3A949852008D6F
DDCTransactionIdFC1C83824942CA647BFFB5A59F97735F_709, PutCachedData=, CacheKey=PhysXPC_FULL_5DF9E1AAB7CC4DCCB2965BA1A78DFE8_57982985E6FDAF20697500CFA01EC757, StartTime=2016.04.01-22.41.52, HierarchicalDDC=, DataSize=64618, Duration=0.125155, RunGuid=RunID1C79A73A414D7D2E6B3A949852008D6F
DDCTransactionId01384B1C4332ED10C04FE18EC6345BDC_732, PutCachedData=, CacheKey=PhysXPC_VIS_5DF9E1AAB7CC4DCCB2965BA1A78DFE8_C540CACC4846F11EA0E6F38387D9F496, StartTime=2016.04.01-22.41.52, HierarchicalDDC=, DataSize=64618, Duration=0.130046, RunGuid=RunID1C79A73A414D7D2E6B3A949852008D6F
DDCTransactionIdFC1C83824942CA647BFFB5A59F97735F_710, PutCachedData=, CacheKey=PhysXPC_FULL_5DF9E1AAB7CC4DCCB2965BA1A78DFE8_665287AFFB8D756CC740376A5A617055, StartTime=2016.04.01-22.41.52, HierarchicalDDC=, DataSize=64618, Duration=0.146177, RunGuid=RunID1C79A73A414D7D2E6B3A949852008D6F
DDCTransactionId01384B1C4332ED10C04FE18EC6345BDC_733, PutCachedData=, CacheKey=PhysXPC_VIS_5DF9E1AAB7CC4DCCB2965BA1A78DFE8_E486C4704E401E6DF194C49D4E9DA1A9, StartTime=2016.04.01-22.41.52, HierarchicalDDC=, DataSize=64618, Duration=0.131510, RunGuid=RunID1C79A73A414D7D2E6B3A949852008D6F
DDCTransactionIdFC1C83824942CA647BFFB5A59F97735F_711, PutCachedData=, CacheKey=PhysXPC_FULL_5DF9E1AAB7CC4DCCB2965BA1A78DFE8_45BDF87D7DB48695C26457AB97EC0D82, StartTime=2016.04.01-22.41.52, HierarchicalDDC=, DataSize=64618, Duration=0.147648, RunGuid=RunID1C79A73A414D7D2E6B3A949852008D6F
DDCTransactionId01384B1C4332ED10C04FE18EC6345BDC_734, PutCachedData=, CacheKey=PhysXPC_VIS_5DF9E1AAB7CC4DCCB2965BA1A78DFE8_58DC3899427D7B8DD143FB90377FB4B7, StartTime=2016.04.01-22.41.52, HierarchicalDDC=, DataSize=64618, Duration=0.143245, RunGuid=RunID1C79A73A414D7D2E6B3A949852008D6F
DDCTransactionIdFC1C83824942CA647BFFB5A59F97735F_712, PutCachedData=, CacheKey=PhysXPC_FULL_5DF9E1AAB7CC4DCCB2965BA1A78DFE8_BF25086E0E35491F718E942EAE655DB9, StartTime=2016.04.01-22.41.52, HierarchicalDDC=, DataSize=64618, Duration=0.155956, RunGuid=RunID1C79A73A414D7D2E6B3A949852008D6F
DDCTransactionId01384B1C4332ED10C04FE18EC6345BDC_735, PutCachedData=, CacheKey=PhysXPC_VIS_5DF9E1AAB7CC4DCCB2965BA1A78DFE8_62DED05F405E556AC2129CAFF5FF2A46, StartTime=2016.04.01-22.41.52, HierarchicalDDC=, DataSize=64618, Duration=0.133958, RunGuid=RunID1C79A73A414D7D2E6B3A949852008D6F
DDCTransactionId01384B1C4332ED10C04FE18EC6345BDC_736, PutCachedData=, CacheKey=PhysXPC_FULL_5DF9E1AAB7CC4DCCB2965BA1A78DFE8_7364B29810EA885F5DA6D3097579DEFF, StartTime=2016.04.01-22.41.52, HierarchicalDDC=, DataSize=64618, Duration=0.202887, RunGuid=RunID1C79A73A414D7D2E6B3A949852008D6F
DDCTransactionIdFC1C83824942CA647BFFB5A59F97735F_713, PutCachedData=, CacheKey=PhysXPC_VIS_5DF9E1AAB7CC4DCCB2965BA1A78DFE8_31FF3CA44ADB63CFBA8256A530A3DAF7, StartTime=2016.04.01-22.41.52, HierarchicalDDC=, DataSize=64618, Duration=0.174534, RunGuid=RunID1C79A73A414D7D2E6B3A949852008D6F
DDCTransactionIdFC1C83824942CA647BFFB5A59F97735F_714, PutCachedData=, CacheKey=PhysXPC_FULL_5DF9E1AAB7CC4DCCB2965BA1A78DFE8_ECDE1895A15EEF8619C84A5B0C26A073, StartTime=2016.04.01-22.41.52, HierarchicalDDC=, DataSize=64618, Duration=0.139821, RunGuid=RunID1C79A73A414D7D2E6B3A949852008D6F
DDCTransactionId01384B1C4332ED10C04FE18EC6345BDC_737, PutCachedData=, CacheKey=PhysXPC_VIS_5DF9E1AAB7CC4DCCB2965BA1A78DFE8_A2011921408A0933DFE54C8C049B9A38, StartTime=2016.04.01-22.41.52, HierarchicalDDC=, DataSize=64618, Duration=0.134446, RunGuid=RunID1C79A73A414D7D2E6B3A949852008D6F
DDCTransactionIdFC1C83824942CA647BFFB5A59F97735F_715, PutCachedData=, CacheKey=PhysXPC_FULL_5DF9E1AAB7CC4DCCB2965BA1A78DFE8_AA5CF4A73BD324206A369CA3915C0866, StartTime=2016.04.01-22.41.52, HierarchicalDDC=, DataSize=64618, Duration=0.131514, RunGuid=RunID1C79A73A414D7D2E6B3A949852008D6F
DDCTransactionId01384B1C4332ED10C04FE18EC6345BDC_738, PutCachedData=, CacheKey=PhysXPC_VIS_5DF9E1AAB7CC4DCCB2965BA1A78DFE8_C1E63A9643A1395597978DBE41422860, StartTime=2016.04.01-22.41.52, HierarchicalDDC=, DataSize=64618, Duration=0.122711, RunGuid=RunID1C79A73A414D7D2E6B3A949852008D6F
DDCTransactionIdFC1C83824942CA647BFFB5A59F97735F_716, PutCachedData=, CacheKey=PhysXPC_FULL_5DF9E1AAB7CC4DCCB2965BA1A78DFE8_092C5E1E8BEB06308D067858A8B357A6, StartTime=2016.04.01-22.41.52, HierarchicalDDC=, DataSize=64618, Duration=0.152536, RunGuid=RunID1C79A73A414D7D2E6B3A949852008D6F
DDCTransactionId01384B1C4332ED10C04FE18EC6345BDC_739, PutCachedData=, CacheKey=PhysXPC_VIS_5DF9E1AAB7CC4DCCB2965BA1A78DFE8_195A51DE4E4F7F302EC0619D2FBD14AB, StartTime=2016.04.01-22.41.52, HierarchicalDDC=, DataSize=64618, Duration=0.205822, RunGuid=RunID1C79A73A414D7D2E6B3A949852008D6F
DDCTransactionIdFC1C83824942CA647BFFB5A59F97735F_717, PutCachedData=, CacheKey=PhysXPC_FULL_5DF9E1AAB7CC4DCCB2965BA1A78DFE8_45694A09183E85B09F8D59310AC55530, StartTime=2016.04.01-22.41.52, HierarchicalDDC=, DataSize=64618, Duration=0.153512, RunGuid=RunID1C79A73A414D7D2E6B3A949852008D6F
DDCTransactionId01384B1C4332ED10C04FE18EC6345BDC_740, PutCachedData=, CacheKey=PhysXPC_VIS_5DF9E1AAB7CC4DCCB2965BA1A78DFE8_69DFB8F14E7D9A071A634D99E8642A32, StartTime=2016.04.01-22.41.52, HierarchicalDDC=, DataSize=64618, Duration=0.138357, RunGuid=RunID1C79A73A414D7D2E6B3A949852008D6F
DDCTransactionIdFC1C83824942CA647BFFB5A59F97735F_718, PutCachedData=, CacheKey=PhysXPC_FULL_5DF9E1AAB7CC4DCCB2965BA1A78DFE8_2BDB9884BCD2712681828B9D2FFA2593, StartTime=2016.04.01-22.41.52, HierarchicalDDC=, DataSize=64618, Duration=0.132002, RunGuid=RunID1C79A73A414D7D2E6B3A949852008D6F
DDCTransactionId01384B1C4332ED10C04FE18EC6345BDC_741, PutCachedData=, CacheKey=PhysXPC_VIS_5DF9E1AAB7CC4DCCB2965BA1A78DFE8_B66E360646D1CD14A3F4D2B1D89292EB, StartTime=2016.04.01-22.41.52, HierarchicalDDC=, DataSize=64618, Duration=0.132002, RunGuid=RunID1C79A73A414D7D2E6B3A949852008D6F
DDCTransactionIdFC1C83824942CA647BFFB5A59F97735F_719, PutCachedData=, CacheKey=PhysXPC_FULL_5DF9E1AAB7CC4DCCB2965BA1A78DFE8_9ABAD268281B8BBD7E88BA96ED40D2ED, StartTime=2016.04.01-22.41.52, HierarchicalDDC=, DataSize=64618, Duration=0.133954, RunGuid=RunID1C79A73A414D7D2E6B3A949852008D6F
DDCTransactionId01384B1C4332ED10C04FE18EC6345BDC_742, PutCachedData=, CacheKey=PhysXPC_VIS_5DF9E1AAB7CC4DCCB2965BA1A78DFE8_2A7177F6478596AE65849091D4012C35, StartTime=2016.04.01-22.41.52, HierarchicalDDC=, DataSize=64618, Duration=0.135422, RunGuid=RunID1C79A73A414D7D2E6B3A949852008D6F
DDCTransactionIdFC1C83824942CA647BFFB5A59F97735F_720, PutCachedData=, CacheKey=PhysXPC_FULL_5DF9E1AAB7CC4DCCB2965BA1A78DFE8_F4815C71BBF51DB170C6CD081D4B5AB0, StartTime=2016.04.01-22.41.52, HierarchicalDDC=, DataSize=64618, Duration=0.135910, RunGuid=RunID1C79A73A414D7D2E6B3A949852008D6F
DDCTransactionId01384B1C4332ED10C04FE18EC6345BDC_743, PutCachedData=, CacheKey=PhysXPC_VIS_5DF9E1AAB7CC4DCCB2965BA1A78DFE8_52B506A24DDAA597277BDA944FA7DBEE, StartTime=2016.04.01-22.41.52, HierarchicalDDC=, DataSize=64618, Duration=0.140801, RunGuid=RunID1C79A73A414D7D2E6B3A949852008D6F
DDCTransactionIdFC1C83824942CA647BFFB5A59F97735F_721, PutCachedData=, CacheKey=PhysXPC_FULL_5DF9E1AAB7CC4DCCB2965BA1A78DFE8_4E37041380E8023B648AB5408072FC8D, StartTime=2016.04.01-22.41.52, HierarchicalDDC=, DataSize=64618, Duration=0.137869, RunGuid=RunID1C79A73A414D7D2E6B3A949852008D6F
DDCTransactionId01384B1C4332ED10C04FE18EC6345BDC_744, PutCachedData=, CacheKey=PhysXPC_VIS_5DF9E1AAB7CC4DCCB2965BA1A78DFE8_B77DF9EF424150A220D8CAA6B373209D, StartTime=2016.04.01-22.41.52, HierarchicalDDC=, DataSize=64618, Duration=0.168178, RunGuid=RunID1C79A73A414D7D2E6B3A949852008D6F
DDCTransactionIdFC1C83824942CA647BFFB5A59F97735F_722, PutCachedData=, CacheKey=PhysXPC_FULL_5DF9E1AAB7CC4DCCB2965BA1A78DFE8_04D0C3DBCC45395619D5DA9C1BE7742B, StartTime=2016.04.01-22.41.52, HierarchicalDDC=, DataSize=64618, Duration=0.135913, RunGuid=RunID1C79A73A414D7D2E6B3A949852008D6F
DDCTransactionId01384B1C4332ED10C04FE18EC6345BDC_745, PutCachedData=, CacheKey=PhysXPC_VIS_5DF9E1AAB7CC4DCCB2965BA1A78DFE8_49DD98314F7EC73777D36099905CE9E2, StartTime=2016.04.01-22.41.52, HierarchicalDDC=, DataSize=64618, Duration=0.150092, RunGuid=RunID1C79A73A414D7D2E6B3A949852008D6F
DDCTransactionIdFC1C83824942CA647BFFB5A59F97735F_723, PutCachedData=, CacheKey=PhysXPC_FULL_5DF9E1AAB7CC4DCCB2965BA1A78DFE8_2CE13F59AECE0D2BA738B6190CB7C9E9, StartTime=2016.04.01-22.41.52, HierarchicalDDC=, DataSize=64618, Duration=0.143245, RunGuid=RunID1C79A73A414D7D2E6B3A949852008D6F
DDCTransactionId01384B1C4332ED10C04FE18EC6345BDC_746, PutCachedData=, CacheKey=PhysXPC_VIS_5DF9E1AAB7CC4DCCB2965BA1A78DFE8_67A665DC46CFD5FDB13B5A82B843F0D6, StartTime=2016.04.01-22.41.52, HierarchicalDDC=, DataSize=64618, Duration=0.144713, RunGuid=RunID1C79A73A414D7D2E6B3A949852008D6F
DDCTransactionIdFC1C83824942CA647BFFB5A59F97735F_724, PutCachedData=, CacheKey=PhysXPC_FULL_5DF9E1AAB7CC4DCCB2965BA1A78DFE8_8302727F413596F46FB1789D6CB5E754, StartTime=2016.04.01-22.41.52, HierarchicalDDC=, DataSize=64618, Duration=0.141289, RunGuid=RunID1C79A73A414D7D2E6B3A949852008D6F
DDCTransactionId01384B1C4332ED10C04FE18EC6345BDC_747, PutCachedData=, CacheKey=PhysXPC_VIS_5DF9E1AAB7CC4DCCB2965BA1A78DFE8_24B2EB554B14B131BE089EA9E4BC48E6, StartTime=2016.04.01-22.41.52, HierarchicalDDC=, DataSize=64618, Duration=0.144225, RunGuid=RunID1C79A73A414D7D2E6B3A949852008D6F
DDCTransactionIdFC1C83824942CA647BFFB5A59F97735F_725, PutCachedData=, CacheKey=PhysXPC_FULL_5DF9E1AAB7CC4DCCB2965BA1A78DFE8_F796E570088702B7AC478B59333D8E67, StartTime=2016.04.01-22.41.52, HierarchicalDDC=, DataSize=64618, Duration=0.139821, RunGuid=RunID1C79A73A414D7D2E6B3A949852008D6F
DDCTransactionId01384B1C4332ED10C04FE18EC6345BDC_748, PutCachedData=, CacheKey=PhysXPC_VIS_5DF9E1AAB7CC4DCCB2965BA1A78DFE8_9B4A324847D98685B214EF8F3C481871, StartTime=2016.04.01-22.41.52, HierarchicalDDC=, DataSize=64618, Duration=0.144709, RunGuid=RunID1C79A73A414D7D2E6B3A949852008D6F
DDCTransactionIdFC1C83824942CA647BFFB5A59F97735F_726, PutCachedData=, CacheKey=PhysXPC_FULL_5DF9E1AAB7CC4DCCB2965BA1A78DFE8_50AB4BB78DD72C50E090485F9A8D351F, StartTime=2016.04.01-22.41.52, HierarchicalDDC=, DataSize=64618, Duration=0.143245, RunGuid=RunID1C79A73A414D7D2E6B3A949852008D6F
DDCTransactionId01384B1C4332ED10C04FE18EC6345BDC_749, PutCachedData=, CacheKey=PhysXPC_VIS_5DF9E1AAB7CC4DCCB2965BA1A78DFE8_38D78C1E44DD6688A3C7A99E3C3D235F, StartTime=2016.04.01-22.41.52, HierarchicalDDC=, DataSize=64618, Duration=0.144221, RunGuid=RunID1C79A73A414D7D2E6B3A949852008D6F
DDCTransactionIdFC1C83824942CA647BFFB5A59F97735F_727, PutCachedData=, CacheKey=PhysXPC_FULL_5DF9E1AAB7CC4DCCB2965BA1A78DFE8_F00518068DFD2931C3ACE5A6294481A4, StartTime=2016.04.01-22.41.52, HierarchicalDDC=, DataSize=64618, Duration=0.147644, RunGuid=RunID1C79A73A414D7D2E6B3A949852008D6F
DDCTransactionId01384B1C4332ED10C04FE18EC6345BDC_750, PutCachedData=, CacheKey=PhysXPC_VIS_5DF9E1AAB7CC4DCCB2965BA1A78DFE8_7DAE5ECD4768F1F6B94AE18B4841337A, StartTime=2016.04.01-22.41.52, HierarchicalDDC=, DataSize=64618, Duration=0.147644, RunGuid=RunID1C79A73A414D7D2E6B3A949852008D6F
DDCTransactionIdFC1C83824942CA647BFFB5A59F97735F_728, PutCachedData=, CacheKey=PhysXPC_FULL_5DF9E1AAB7CC4DCCB2965BA1A78DFE8_B6B04D89011A874D52940F47B33A47AB, StartTime=2016.04.01-22.41.52, HierarchicalDDC=, DataSize=64618, Duration=0.141777, RunGuid=RunID1C79A73A414D7D2E6B3A949852008D6F
DDCTransactionId01384B1C4332ED10C04FE18EC6345BDC_751, PutCachedData=, CacheKey=PhysXPC_VIS_5DF9E1AAB7CC4DCCB2965BA1A78DFE8_3127500E4D3DAA2C842B49A14C04D611, StartTime=2016.04.01-22.41.52, HierarchicalDDC=, DataSize=64618, Duration=0.141289, RunGuid=RunID1C79A73A414D7D2E6B3A949852008D6F
DDCTransactionIdFC1C83824942CA647BFFB5A59F97735F_729, PutCachedData=, CacheKey=PhysXPC_FULL_5DF9E1AAB7CC4DCCB2965BA1A78DFE8_E4FF8E1E5A6406DB1E8FC9F00FEDB45E, StartTime=2016.04.01-22.41.52, HierarchicalDDC=, DataSize=64618, Duration=0.141777, RunGuid=RunID1C79A73A414D7D2E6B3A949852008D6F
DDCTransactionId01384B1C4332ED10C04FE18EC6345BDC_752, PutCachedData=, CacheKey=PhysXPC_VIS_5DF9E1AAB7CC4DCCB2965BA1A78DFE8_E473C3EC41076104661039B42DAA9A82, StartTime=2016.04.01-22.41.52, HierarchicalDDC=, DataSize=64618, Duration=0.141781, RunGuid=RunID1C79A73A414D7D2E6B3A949852008D6F
DDCTransactionIdFC1C83824942CA647BFFB5A59F97735F_730, PutCachedData=, CacheKey=PhysXPC_FULL_5DF9E1AAB7CC4DCCB2965BA1A78DFE8_D98DA1C9D9ACA2393FA6FDC8BF0C2325, StartTime=2016.04.01-22.41.52, HierarchicalDDC=, DataSize=64618, Duration=0.143245, RunGuid=RunID1C79A73A414D7D2E6B3A949852008D6F
DDCTransactionId01384B1C4332ED10C04FE18EC6345BDC_753, PutCachedData=, CacheKey=PhysXPC_VIS_5DF9E1AAB7CC4DCCB2965BA1A78DFE8_0689ED87486B73987C7C47A27684422A, StartTime=2016.04.01-22.41.52, HierarchicalDDC=, DataSize=64618, Duration=0.137866, RunGuid=RunID1C79A73A414D7D2E6B3A949852008D6F
DDCTransactionIdFC1C83824942CA647BFFB5A59F97735F_731, PutCachedData=, CacheKey=PhysXPC_FULL_5DF9E1AAB7CC4DCCB2965BA1A78DFE8_7BB6266CF507BC0713E757DE70DFB405, StartTime=2016.04.01-22.41.52, HierarchicalDDC=, DataSize=64618, Duration=0.140801, RunGuid=RunID1C79A73A414D7D2E6B3A949852008D6F
DDCTransactionId01384B1C4332ED10C04FE18EC6345BDC_754, PutCachedData=, CacheKey=PhysXPC_VIS_5DF9E1AAB7CC4DCCB2965BA1A78DFE8_0E9CBF974178DEDB4184DE9AEFA3D64B, StartTime=2016.04.01-22.41.52, HierarchicalDDC=, DataSize=64618, Duration=0.141289, RunGuid=RunID1C79A73A414D7D2E6B3A949852008D6F
DDCTransactionIdFC1C83824942CA647BFFB5A59F97735F_732, PutCachedData=, CacheKey=PhysXPC_FULL_5DF9E1AAB7CC4DCCB2965BA1A78DFE8_DEDC754A5D053B5750CA7799D3F0BD94, StartTime=2016.04.01-22.41.52, HierarchicalDDC=, DataSize=64618, Duration=0.161331, RunGuid=RunID1C79A73A414D7D2E6B3A949852008D6F
DDCTransactionId01384B1C4332ED10C04FE18EC6345BDC_755, PutCachedData=, CacheKey=PhysXPC_VIS_5DF9E1AAB7CC4DCCB2965BA1A78DFE8_B0A66ECF43699380BC874392A9F2307B, StartTime=2016.04.01-22.41.52, HierarchicalDDC=, DataSize=64618, Duration=0.144709, RunGuid=RunID1C79A73A414D7D2E6B3A949852008D6F
DDCTransactionIdFC1C83824942CA647BFFB5A59F97735F_733, PutCachedData=, CacheKey=PhysXPC_FULL_5DF9E1AAB7CC4DCCB2965BA1A78DFE8_CA6E6F9F7A332FC2C026B61CE793A0A6, StartTime=2016.04.01-22.41.52, HierarchicalDDC=, DataSize=64618, Duration=0.138357, RunGuid=RunID1C79A73A414D7D2E6B3A949852008D6F
DDCTransactionId01384B1C4332ED10C04FE18EC6345BDC_756, PutCachedData=, CacheKey=PhysXPC_VIS_5DF9E1AAB7CC4DCCB2965BA1A78DFE8_267552B0453BB47668A4FBAFAC10320D, StartTime=2016.04.01-22.41.52, HierarchicalDDC=, DataSize=64618, Duration=0.142757, RunGuid=RunID1C79A73A414D7D2E6B3A949852008D6F
DDCTransactionIdFC1C83824942CA647BFFB5A59F97735F_734, PutCachedData=, CacheKey=PhysXPC_FULL_5DF9E1AAB7CC4DCCB2965BA1A78DFE8_9EB5D474644653652B178601C6CB47A2, StartTime=2016.04.01-22.41.52, HierarchicalDDC=, DataSize=64618, Duration=0.139821, RunGuid=RunID1C79A73A414D7D2E6B3A949852008D6F
DDCTransactionId01384B1C4332ED10C04FE18EC6345BDC_757, PutCachedData=, CacheKey=PhysXPC_VIS_5DF9E1AAB7CC4DCCB2965BA1A78DFE8_D8C4793A48D8A00A379645A048BAEC34, StartTime=2016.04.01-22.41.52, HierarchicalDDC=, DataSize=64618, Duration=0.141289, RunGuid=RunID1C79A73A414D7D2E6B3A949852008D6F
DDCTransactionIdFC1C83824942CA647BFFB5A59F97735F_735, PutCachedData=, CacheKey=PhysXPC_FULL_5DF9E1AAB7CC4DCCB2965BA1A78DFE8_CCD191CF2EEF2888288DD33B9524501D, StartTime=2016.04.01-22.41.52, HierarchicalDDC=, DataSize=64618, Duration=0.133466, RunGuid=RunID1C79A73A414D7D2E6B3A949852008D6F
DDCTransactionId01384B1C4332ED10C04FE18EC6345BDC_758, PutCachedData=, CacheKey=PhysXPC_VIS_5DF9E1AAB7CC4DCCB2965BA1A78DFE8_ABED35E74BB8A73C48BFD3B08E2BFDE0, StartTime=2016.04.01-22.41.52, HierarchicalDDC=, DataSize=64618, Duration=0.137866, RunGuid=RunID1C79A73A414D7D2E6B3A949852008D6F
DDCTransactionIdFC1C83824942CA647BFFB5A59F97735F_736, PutCachedData=, CacheKey=PhysXPC_FULL_5DF9E1AAB7CC4DCCB2965BA1A78DFE8_D3AE26A54D8592E38D19402C2B877D3E, StartTime=2016.04.01-22.41.52, HierarchicalDDC=, DataSize=64618, Duration=0.134442, RunGuid=RunID1C79A73A414D7D2E6B3A949852008D6F
DDCTransactionId01384B1C4332ED10C04FE18EC6345BDC_759, PutCachedData=, CacheKey=PhysXPC_VIS_5DF9E1AAB7CC4DCCB2965BA1A78DFE8_0BDAA38D4CE6DAA473BD64A9E95520F1, StartTime=2016.04.01-22.41.52, HierarchicalDDC=, DataSize=64618, Duration=0.135910, RunGuid=RunID1C79A73A414D7D2E6B3A949852008D6F
DDCTransactionIdFC1C83824942CA647BFFB5A59F97735F_737, PutCachedData=, CacheKey=PhysXPC_FULL_5DF9E1AAB7CC4DCCB2965BA1A78DFE8_607DC749FB5877BB497E238923728AE2, StartTime=2016.04.01-22.41.52, HierarchicalDDC=, DataSize=64618, Duration=0.162799, RunGuid=RunID1C79A73A414D7D2E6B3A949852008D6F
DDCTransactionId01384B1C4332ED10C04FE18EC6345BDC_760, PutCachedData=, CacheKey=PhysXPC_VIS_5DF9E1AAB7CC4DCCB2965BA1A78DFE8_0BF0FBDD403C247546EA12B4F74AF967, StartTime=2016.04.01-22.41.52, HierarchicalDDC=, DataSize=64618, Duration=0.147644, RunGuid=RunID1C79A73A414D7D2E6B3A949852008D6F
DDCTransactionIdFC1C83824942CA647BFFB5A59F97735F_738, PutCachedData=, CacheKey=PhysXPC_FULL_5DF9E1AAB7CC4DCCB2965BA1A78DFE8_C25561D4C70125C51576C1BCD2A6EF43, StartTime=2016.04.01-22.41.52, HierarchicalDDC=, DataSize=64618, Duration=0.145201, RunGuid=RunID1C79A73A414D7D2E6B3A949852008D6F
DDCTransactionId01384B1C4332ED10C04FE18EC6345BDC_761, PutCachedData=, CacheKey=PhysXPC_VIS_5DF9E1AAB7CC4DCCB2965BA1A78DFE8_E6FAFF08499525095B7B2EBDB04DBE47, StartTime=2016.04.01-22.41.52, HierarchicalDDC=, DataSize=64618, Duration=0.127111, RunGuid=RunID1C79A73A414D7D2E6B3A949852008D6F
DDCTransactionIdFC1C83824942CA647BFFB5A59F97735F_739, PutCachedData=, CacheKey=PhysXPC_FULL_5DF9E1AAB7CC4DCCB2965BA1A78DFE8_3AEC9D2E8C603117AE78CEE71470C3CD, StartTime=2016.04.01-22.41.52, HierarchicalDDC=, DataSize=64618, Duration=0.133466, RunGuid=RunID1C79A73A414D7D2E6B3A949852008D6F
DDCTransactionId01384B1C4332ED10C04FE18EC6345BDC_762, PutCachedData=, CacheKey=PhysXPC_VIS_5DF9E1AAB7CC4DCCB2965BA1A78DFE8_E3FE6C3A457E973B6E9190B9AD4AD4AF, StartTime=2016.04.01-22.41.52, HierarchicalDDC=, DataSize=64618, Duration=0.132002, RunGuid=RunID1C79A73A414D7D2E6B3A949852008D6F
DDCTransactionIdFC1C83824942CA647BFFB5A59F97735F_740, PutCachedData=, CacheKey=PhysXPC_FULL_5DF9E1AAB7CC4DCCB2965BA1A78DFE8_DB0AA912B2483816DA139A958C86946B, StartTime=2016.04.01-22.41.52, HierarchicalDDC=, DataSize=64618, Duration=0.156444, RunGuid=RunID1C79A73A414D7D2E6B3A949852008D6F
DDCTransactionId01384B1C4332ED10C04FE18EC6345BDC_763, PutCachedData=, CacheKey=PhysXPC_VIS_5DF9E1AAB7CC4DCCB2965BA1A78DFE8_9D9B89BE44D34D8C8878C6BEAFAF1889, StartTime=2016.04.01-22.41.52, HierarchicalDDC=, DataSize=64618, Duration=0.127599, RunGuid=RunID1C79A73A414D7D2E6B3A949852008D6F
DDCTransactionIdFC1C83824942CA647BFFB5A59F97735F_741, PutCachedData=, CacheKey=PhysXPC_FULL_5DF9E1AAB7CC4DCCB2965BA1A78DFE8_84F1DBDDA94E09935D03FD657D1C8D7E, StartTime=2016.04.01-22.41.52, HierarchicalDDC=, DataSize=64618, Duration=0.128090, RunGuid=RunID1C79A73A414D7D2E6B3A949852008D6F
DDCTransactionId01384B1C4332ED10C04FE18EC6345BDC_764, PutCachedData=, CacheKey=PhysXPC_VIS_5DF9E1AAB7CC4DCCB2965BA1A78DFE8_99C9D1624B8F6913AB26389B56380B36, StartTime=2016.04.01-22.41.52, HierarchicalDDC=, DataSize=64618, Duration=0.127599, RunGuid=RunID1C79A73A414D7D2E6B3A949852008D6F
DDCTransactionIdFC1C83824942CA647BFFB5A59F97735F_742, PutCachedData=, CacheKey=PhysXPC_FULL_5DF9E1AAB7CC4DCCB2965BA1A78DFE8_F48FEFD6BAEFD1200173FA1F0D6D491E, StartTime=2016.04.01-22.41.52, HierarchicalDDC=, DataSize=64618, Duration=0.128578, RunGuid=RunID1C79A73A414D7D2E6B3A949852008D6F
DDCTransactionId01384B1C4332ED10C04FE18EC6345BDC_765, PutCachedData=, CacheKey=PhysXPC_VIS_5DF9E1AAB7CC4DCCB2965BA1A78DFE8_13E4215147B5462B84222BB5AAF2981C, StartTime=2016.04.01-22.41.52, HierarchicalDDC=, DataSize=64618, Duration=0.135910, RunGuid=RunID1C79A73A414D7D2E6B3A949852008D6F
DDCTransactionIdFC1C83824942CA647BFFB5A59F97735F_743, PutCachedData=, CacheKey=PhysXPC_FULL_5DF9E1AAB7CC4DCCB2965BA1A78DFE8_C2BE765F97FC2C19962676FA79B52509, StartTime=2016.04.01-22.41.52, HierarchicalDDC=, DataSize=64618, Duration=0.129554, RunGuid=RunID1C79A73A414D7D2E6B3A949852008D6F
DDCTransactionId01384B1C4332ED10C04FE18EC6345BDC_766, PutCachedData=, CacheKey=PhysXPC_VIS_5DF9E1AAB7CC4DCCB2965BA1A78DFE8_F51AF8534B0E0043834D4FBEB0BEDB01, StartTime=2016.04.01-22.41.52, HierarchicalDDC=, DataSize=64618, Duration=0.132978, RunGuid=RunID1C79A73A414D7D2E6B3A949852008D6F
DDCTransactionIdFC1C83824942CA647BFFB5A59F97735F_744, PutCachedData=, CacheKey=PhysXPC_FULL_5DF9E1AAB7CC4DCCB2965BA1A78DFE8_38D4C5CA54AC64D9D6761898ACFC0821, StartTime=2016.04.01-22.41.52, HierarchicalDDC=, DataSize=64618, Duration=0.132978, RunGuid=RunID1C79A73A414D7D2E6B3A949852008D6F
DDCTransactionId01384B1C4332ED10C04FE18EC6345BDC_767, PutCachedData=, CacheKey=PhysXPC_VIS_5DF9E1AAB7CC4DCCB2965BA1A78DFE8_537ED9D341585BE4792057AABC699EA3, StartTime=2016.04.01-22.41.52, HierarchicalDDC=, DataSize=64618, Duration=0.127114, RunGuid=RunID1C79A73A414D7D2E6B3A949852008D6F
DDCTransactionIdFC1C83824942CA647BFFB5A59F97735F_745, PutCachedData=, CacheKey=PhysXPC_FULL_5DF9E1AAB7CC4DCCB2965BA1A78DFE8_3143DD7A325573D058829DD4AC2EEFE2, StartTime=2016.04.01-22.41.52, HierarchicalDDC=, DataSize=64618, Duration=0.137869, RunGuid=RunID1C79A73A414D7D2E6B3A949852008D6F
DDCTransactionId01384B1C4332ED10C04FE18EC6345BDC_768, PutCachedData=, CacheKey=PhysXPC_VIS_5DF9E1AAB7CC4DCCB2965BA1A78DFE8_CECD3A3146FDDCF46907A1A2D11A824A, StartTime=2016.04.01-22.41.52, HierarchicalDDC=, DataSize=64618, Duration=0.134934, RunGuid=RunID1C79A73A414D7D2E6B3A949852008D6F
DDCTransactionIdFC1C83824942CA647BFFB5A59F97735F_746, PutCachedData=, CacheKey=PhysXPC_FULL_5DF9E1AAB7CC4DCCB2965BA1A78DFE8_E12B653C1759FFC2314F5FEDB685981D, StartTime=2016.04.01-22.41.52, HierarchicalDDC=, DataSize=64618, Duration=0.131510, RunGuid=RunID1C79A73A414D7D2E6B3A949852008D6F
DDCTransactionId01384B1C4332ED10C04FE18EC6345BDC_769, PutCachedData=, CacheKey=PhysXPC_VIS_5DF9E1AAB7CC4DCCB2965BA1A78DFE8_0777042745F903A049BC82B7994F4A9E, StartTime=2016.04.01-22.41.52, HierarchicalDDC=, DataSize=64618, Duration=0.126135, RunGuid=RunID1C79A73A414D7D2E6B3A949852008D6F
DDCTransactionIdFC1C83824942CA647BFFB5A59F97735F_747, PutCachedData=, CacheKey=PhysXPC_FULL_5DF9E1AAB7CC4DCCB2965BA1A78DFE8_BF9ADAFA2BCD1689A17044F67A31488F, StartTime=2016.04.01-22.41.52, HierarchicalDDC=, DataSize=64618, Duration=0.132490, RunGuid=RunID1C79A73A414D7D2E6B3A949852008D6F
DDCTransactionId01384B1C4332ED10C04FE18EC6345BDC_770, PutCachedData=, CacheKey=PhysXPC_VIS_5DF9E1AAB7CC4DCCB2965BA1A78DFE8_199CB9054446E759ED2B2F8149D180BC, StartTime=2016.04.01-22.41.52, HierarchicalDDC=, DataSize=64618, Duration=0.129554, RunGuid=RunID1C79A73A414D7D2E6B3A949852008D6F
DDCTransactionIdFC1C83824942CA647BFFB5A59F97735F_748, PutCachedData=, CacheKey=PhysXPC_FULL_5DF9E1AAB7CC4DCCB2965BA1A78DFE8_53547AB2BFB6A66C53DED32C122D1F3C, StartTime=2016.04.01-22.41.52, HierarchicalDDC=, DataSize=64618, Duration=0.130046, RunGuid=RunID1C79A73A414D7D2E6B3A949852008D6F
DDCTransactionId01384B1C4332ED10C04FE18EC6345BDC_771, PutCachedData=, CacheKey=PhysXPC_VIS_5DF9E1AAB7CC4DCCB2965BA1A78DFE8_CB9DB363446F8984FF81B594BE0D1181, StartTime=2016.04.01-22.41.52, HierarchicalDDC=, DataSize=64618, Duration=0.134442, RunGuid=RunID1C79A73A414D7D2E6B3A949852008D6F
DDCTransactionIdFC1C83824942CA647BFFB5A59F97735F_749, PutCachedData=, CacheKey=PhysXPC_FULL_5DF9E1AAB7CC4DCCB2965BA1A78DFE8_53312BBC0C40BBDA4F3BE249DF312724, StartTime=2016.04.01-22.41.52, HierarchicalDDC=, DataSize=64618, Duration=0.129554, RunGuid=RunID1C79A73A414D7D2E6B3A949852008D6F
DDCTransactionId01384B1C4332ED10C04FE18EC6345BDC_772, PutCachedData=, CacheKey=PhysXPC_VIS_5DF9E1AAB7CC4DCCB2965BA1A78DFE8_5557D4D845D58D79655EC0B843598000, StartTime=2016.04.01-22.41.52, HierarchicalDDC=, DataSize=64618, Duration=0.131022, RunGuid=RunID1C79A73A414D7D2E6B3A949852008D6F
DDCTransactionIdFC1C83824942CA647BFFB5A59F97735F_750, PutCachedData=, CacheKey=PhysXPC_FULL_5DF9E1AAB7CC4DCCB2965BA1A78DFE8_62769F4F2F5F70A55D5A1AFF879B6E7A, StartTime=2016.04.01-22.41.52, HierarchicalDDC=, DataSize=64618, Duration=0.131022, RunGuid=RunID1C79A73A414D7D2E6B3A949852008D6F
DDCTransactionId01384B1C4332ED10C04FE18EC6345BDC_773, PutCachedData=, CacheKey=PhysXPC_VIS_5DF9E1AAB7CC4DCCB2965BA1A78DFE8_753E0ABB453E97E37991FEB59BE55913, StartTime=2016.04.01-22.41.52, HierarchicalDDC=, DataSize=64618, Duration=0.132978, RunGuid=RunID1C79A73A414D7D2E6B3A949852008D6F
DDCTransactionIdFC1C83824942CA647BFFB5A59F97735F_751, PutCachedData=, CacheKey=PhysXPC_FULL_5DF9E1AAB7CC4DCCB2965BA1A78DFE8_CBD5C2B8E7545DB1CA0C9FA97A6C2F51, StartTime=2016.04.01-22.41.52, HierarchicalDDC=, DataSize=64618, Duration=0.131998, RunGuid=RunID1C79A73A414D7D2E6B3A949852008D6F
DDCTransactionId01384B1C4332ED10C04FE18EC6345BDC_774, PutCachedData=, CacheKey=PhysXPC_VIS_5DF9E1AAB7CC4DCCB2965BA1A78DFE8_2CD545FC4D9294DA8B24FFBAFC9578EC, StartTime=2016.04.01-22.41.52, HierarchicalDDC=, DataSize=64618, Duration=0.144221, RunGuid=RunID1C79A73A414D7D2E6B3A949852008D6F
DDCTransactionIdFC1C83824942CA647BFFB5A59F97735F_752, PutCachedData=, CacheKey=PhysXPC_FULL_5DF9E1AAB7CC4DCCB2965BA1A78DFE8_534A8F81B21A8883F77B4AFC4722CF81, StartTime=2016.04.01-22.41.52, HierarchicalDDC=, DataSize=64618, Duration=0.141289, RunGuid=RunID1C79A73A414D7D2E6B3A949852008D6F
DDCTransactionId01384B1C4332ED10C04FE18EC6345BDC_775, PutCachedData=, CacheKey=PhysXPC_VIS_5DF9E1AAB7CC4DCCB2965BA1A78DFE8_F45AE91E44B3C17518904BB58FB1FF2A, StartTime=2016.04.01-22.41.52, HierarchicalDDC=, DataSize=64618, Duration=0.139333, RunGuid=RunID1C79A73A414D7D2E6B3A949852008D6F
DDCTransactionIdFC1C83824942CA647BFFB5A59F97735F_753, PutCachedData=, CacheKey=PhysXPC_FULL_5DF9E1AAB7CC4DCCB2965BA1A78DFE8_E5232DDE3645C8837F7B49146C870570, StartTime=2016.04.01-22.41.52, HierarchicalDDC=, DataSize=64618, Duration=0.151068, RunGuid=RunID1C79A73A414D7D2E6B3A949852008D6F
DDCTransactionId01384B1C4332ED10C04FE18EC6345BDC_776, PutCachedData=, CacheKey=PhysXPC_VIS_5DF9E1AAB7CC4DCCB2965BA1A78DFE8_D18FB4F14E66771874999B82AE09193F, StartTime=2016.04.01-22.41.52, HierarchicalDDC=, DataSize=64618, Duration=0.144221, RunGuid=RunID1C79A73A414D7D2E6B3A949852008D6F
DDCTransactionIdFC1C83824942CA647BFFB5A59F97735F_754, PutCachedData=, CacheKey=PhysXPC_FULL_5DF9E1AAB7CC4DCCB2965BA1A78DFE8_8C36EDD0AB3EFCBD219F49AFEEFA31CE, StartTime=2016.04.01-22.41.52, HierarchicalDDC=, DataSize=64618, Duration=0.135422, RunGuid=RunID1C79A73A414D7D2E6B3A949852008D6F
DDCTransactionId01384B1C4332ED10C04FE18EC6345BDC_777, PutCachedData=, CacheKey=PhysXPC_VIS_5DF9E1AAB7CC4DCCB2965BA1A78DFE8_1194778C4C57AEC47C511EB40D2A7CD2, StartTime=2016.04.01-22.41.52, HierarchicalDDC=, DataSize=64618, Duration=0.140797, RunGuid=RunID1C79A73A414D7D2E6B3A949852008D6F
DDCTransactionIdFC1C83824942CA647BFFB5A59F97735F_755, PutCachedData=, CacheKey=PhysXPC_FULL_5DF9E1AAB7CC4DCCB2965BA1A78DFE8_41E99A6CF5FD7C715B4B51288C5730B6, StartTime=2016.04.01-22.41.52, HierarchicalDDC=, DataSize=64618, Duration=0.132978, RunGuid=RunID1C79A73A414D7D2E6B3A949852008D6F
DDCTransactionId01384B1C4332ED10C04FE18EC6345BDC_778, PutCachedData=, CacheKey=PhysXPC_VIS_5DF9E1AAB7CC4DCCB2965BA1A78DFE8_13BFE4A240E4432750856E885282A5D0, StartTime=2016.04.01-22.41.52, HierarchicalDDC=, DataSize=64618, Duration=0.133958, RunGuid=RunID1C79A73A414D7D2E6B3A949852008D6F
DDCTransactionIdFC1C83824942CA647BFFB5A59F97735F_756, PutCachedData=, CacheKey=PhysXPC_FULL_5DF9E1AAB7CC4DCCB2965BA1A78DFE8_6A992A2239C11715ABA8EE793E54D56C, StartTime=2016.04.01-22.41.52, HierarchicalDDC=, DataSize=64618, Duration=0.310443, RunGuid=RunID1C79A73A414D7D2E6B3A949852008D6F
DDCTransactionId01384B1C4332ED10C04FE18EC6345BDC_779, PutCachedData=, CacheKey=PhysXPC_VIS_5DF9E1AAB7CC4DCCB2965BA1A78DFE8_B80D6915426B72A1D59C1488168213BE, StartTime=2016.04.01-22.41.52, HierarchicalDDC=, DataSize=64618, Duration=0.141289, RunGuid=RunID1C79A73A414D7D2E6B3A949852008D6F
DDCTransactionId01384B1C4332ED10C04FE18EC6345BDC_780, PutCachedData=, CacheKey=PhysXPC_FULL_5DF9E1AAB7CC4DCCB2965BA1A78DFE8_AC8566FFDE3532795D426B7AB66607A2, StartTime=2016.04.01-22.41.52, HierarchicalDDC=, DataSize=64618, Duration=0.163287, RunGuid=RunID1C79A73A414D7D2E6B3A949852008D6F
DDCTransactionIdFC1C83824942CA647BFFB5A59F97735F_757, PutCachedData=, CacheKey=PhysXPC_VIS_5DF9E1AAB7CC4DCCB2965BA1A78DFE8_ADF9FCAA4770F0736286BB9AF968EBA8, StartTime=2016.04.01-22.41.52, HierarchicalDDC=, DataSize=64618, Duration=0.227332, RunGuid=RunID1C79A73A414D7D2E6B3A949852008D6F
DDCTransactionId01384B1C4332ED10C04FE18EC6345BDC_781, PutCachedData=, CacheKey=PhysXPC_FULL_5DF9E1AAB7CC4DCCB2965BA1A78DFE8_1D79B6F4BBB322971C5A216BCF725285, StartTime=2016.04.01-22.41.52, HierarchicalDDC=, DataSize=64618, Duration=0.145201, RunGuid=RunID1C79A73A414D7D2E6B3A949852008D6F
DDCTransactionIdFC1C83824942CA647BFFB5A59F97735F_758, PutCachedData=, CacheKey=PhysXPC_VIS_5DF9E1AAB7CC4DCCB2965BA1A78DFE8_31BBF1424D59E31A97C1FBA41BF11057, StartTime=2016.04.01-22.41.52, HierarchicalDDC=, DataSize=64618, Duration=0.213154, RunGuid=RunID1C79A73A414D7D2E6B3A949852008D6F
DDCTransactionId01384B1C4332ED10C04FE18EC6345BDC_782, PutCachedData=, CacheKey=PhysXPC_FULL_5DF9E1AAB7CC4DCCB2965BA1A78DFE8_D1DA2B7DC8A5F6DFF14B5D104544D4D6, StartTime=2016.04.01-22.41.52, HierarchicalDDC=, DataSize=64618, Duration=0.156444, RunGuid=RunID1C79A73A414D7D2E6B3A949852008D6F
DDCTransactionId01384B1C4332ED10C04FE18EC6345BDC_783, PutCachedData=, CacheKey=PhysXPC_VIS_5DF9E1AAB7CC4DCCB2965BA1A78DFE8_7FBED4B240068249710CCF9106D58170, StartTime=2016.04.01-22.41.52, HierarchicalDDC=, DataSize=64618, Duration=0.130534, RunGuid=RunID1C79A73A414D7D2E6B3A949852008D6F
DDCTransactionIdFC1C83824942CA647BFFB5A59F97735F_759, PutCachedData=, CacheKey=PhysXPC_FULL_5DF9E1AAB7CC4DCCB2965BA1A78DFE8_A14D6DCC0D67C4E46C2FB23C8D0F7ADC, StartTime=2016.04.01-22.41.52, HierarchicalDDC=, DataSize=64618, Duration=0.165243, RunGuid=RunID1C79A73A414D7D2E6B3A949852008D6F
DDCTransactionId01384B1C4332ED10C04FE18EC6345BDC_784, PutCachedData=, CacheKey=PhysXPC_VIS_5DF9E1AAB7CC4DCCB2965BA1A78DFE8_DB3F5330438401FABDC828BF197EF36B, StartTime=2016.04.01-22.41.52, HierarchicalDDC=, DataSize=64618, Duration=0.164758, RunGuid=RunID1C79A73A414D7D2E6B3A949852008D6F
DDCTransactionIdFC1C83824942CA647BFFB5A59F97735F_760, PutCachedData=, CacheKey=PhysXPC_FULL_5DF9E1AAB7CC4DCCB2965BA1A78DFE8_8BF615D89BE84EF861C2CD978F572D16, StartTime=2016.04.01-22.41.52, HierarchicalDDC=, DataSize=64618, Duration=0.151068, RunGuid=RunID1C79A73A414D7D2E6B3A949852008D6F
DDCTransactionId01384B1C4332ED10C04FE18EC6345BDC_785, PutCachedData=, CacheKey=PhysXPC_VIS_5DF9E1AAB7CC4DCCB2965BA1A78DFE8_EB0E9D244B12CCE584FC189AB85C3CFE, StartTime=2016.04.01-22.41.52, HierarchicalDDC=, DataSize=64618, Duration=0.133470, RunGuid=RunID1C79A73A414D7D2E6B3A949852008D6F
DDCTransactionIdFC1C83824942CA647BFFB5A59F97735F_761, PutCachedData=, CacheKey=PhysXPC_FULL_5DF9E1AAB7CC4DCCB2965BA1A78DFE8_5C3FE9A6A54EA867AEBB43BE36109A03, StartTime=2016.04.01-22.41.52, HierarchicalDDC=, DataSize=64618, Duration=0.137869, RunGuid=RunID1C79A73A414D7D2E6B3A949852008D6F
DDCTransactionId01384B1C4332ED10C04FE18EC6345BDC_786, PutCachedData=, CacheKey=PhysXPC_VIS_5DF9E1AAB7CC4DCCB2965BA1A78DFE8_91A5C353434E139919CC068A991BEC29, StartTime=2016.04.01-22.41.52, HierarchicalDDC=, DataSize=64618, Duration=0.139821, RunGuid=RunID1C79A73A414D7D2E6B3A949852008D6F
DDCTransactionIdFC1C83824942CA647BFFB5A59F97735F_762, PutCachedData=, CacheKey=PhysXPC_FULL_5DF9E1AAB7CC4DCCB2965BA1A78DFE8_FE730BF0B1DE30A5758F5F757FFFE4E7, StartTime=2016.04.01-22.41.52, HierarchicalDDC=, DataSize=64618, Duration=0.132978, RunGuid=RunID1C79A73A414D7D2E6B3A949852008D6F
DDCTransactionId01384B1C4332ED10C04FE18EC6345BDC_787, PutCachedData=, CacheKey=PhysXPC_VIS_5DF9E1AAB7CC4DCCB2965BA1A78DFE8_E687AB6445C6445C81B2A0A5EE2F3B56, StartTime=2016.04.01-22.41.52, HierarchicalDDC=, DataSize=64618, Duration=0.134446, RunGuid=RunID1C79A73A414D7D2E6B3A949852008D6F
DDCTransactionIdFC1C83824942CA647BFFB5A59F97735F_763, PutCachedData=, CacheKey=PhysXPC_FULL_5DF9E1AAB7CC4DCCB2965BA1A78DFE8_1A0771CEBE2B5071A832EE9BE9DF93EB, StartTime=2016.04.01-22.41.52, HierarchicalDDC=, DataSize=64618, Duration=0.130534, RunGuid=RunID1C79A73A414D7D2E6B3A949852008D6F
DDCTransactionId01384B1C4332ED10C04FE18EC6345BDC_788, PutCachedData=, CacheKey=PhysXPC_VIS_5DF9E1AAB7CC4DCCB2965BA1A78DFE8_FCCB41BD495034FB692DAEA258F0391B, StartTime=2016.04.01-22.41.52, HierarchicalDDC=, DataSize=64618, Duration=0.127602, RunGuid=RunID1C79A73A414D7D2E6B3A949852008D6F
DDCTransactionIdFC1C83824942CA647BFFB5A59F97735F_764, PutCachedData=, CacheKey=PhysXPC_FULL_5DF9E1AAB7CC4DCCB2965BA1A78DFE8_68B67C7B0D08EF9E7368068F728C4756, StartTime=2016.04.01-22.41.52, HierarchicalDDC=, DataSize=64618, Duration=0.134446, RunGuid=RunID1C79A73A414D7D2E6B3A949852008D6F
DDCTransactionId01384B1C4332ED10C04FE18EC6345BDC_789, PutCachedData=, CacheKey=PhysXPC_VIS_5DF9E1AAB7CC4DCCB2965BA1A78DFE8_5E775ED3496A5F1DB6F3B693F63D1C3B, StartTime=2016.04.01-22.41.52, HierarchicalDDC=, DataSize=64618, Duration=0.139821, RunGuid=RunID1C79A73A414D7D2E6B3A949852008D6F
DDCTransactionIdFC1C83824942CA647BFFB5A59F97735F_765, PutCachedData=, CacheKey=PhysXPC_FULL_5DF9E1AAB7CC4DCCB2965BA1A78DFE8_1117BD9D617BD9E1BF191E0EBEF8ECF0, StartTime=2016.04.01-22.41.52, HierarchicalDDC=, DataSize=64618, Duration=0.126619, RunGuid=RunID1C79A73A414D7D2E6B3A949852008D6F
DDCTransactionId01384B1C4332ED10C04FE18EC6345BDC_790, PutCachedData=, CacheKey=PhysXPC_VIS_5DF9E1AAB7CC4DCCB2965BA1A78DFE8_F2C1911A48316E3ECD8307955E249FE1, StartTime=2016.04.01-22.41.52, HierarchicalDDC=, DataSize=64618, Duration=0.136402, RunGuid=RunID1C79A73A414D7D2E6B3A949852008D6F
DDCTransactionIdFC1C83824942CA647BFFB5A59F97735F_766, PutCachedData=, CacheKey=PhysXPC_FULL_5DF9E1AAB7CC4DCCB2965BA1A78DFE8_452505E5EE341E02C2DD701D393FE855, StartTime=2016.04.01-22.41.52, HierarchicalDDC=, DataSize=64618, Duration=0.123203, RunGuid=RunID1C79A73A414D7D2E6B3A949852008D6F
DDCTransactionId01384B1C4332ED10C04FE18EC6345BDC_791, PutCachedData=, CacheKey=PhysXPC_VIS_5DF9E1AAB7CC4DCCB2965BA1A78DFE8_7A148E4E42B6937E68980B97A8BD264D, StartTime=2016.04.01-22.41.52, HierarchicalDDC=, DataSize=64618, Duration=0.165734, RunGuid=RunID1C79A73A414D7D2E6B3A949852008D6F
DDCTransactionIdFC1C83824942CA647BFFB5A59F97735F_767, PutCachedData=, CacheKey=PhysXPC_FULL_5DF9E1AAB7CC4DCCB2965BA1A78DFE8_C8D75591C128DA27AADC78F2199B493C, StartTime=2016.04.01-22.41.52, HierarchicalDDC=, DataSize=64618, Duration=0.134442, RunGuid=RunID1C79A73A414D7D2E6B3A949852008D6F
DDCTransactionIdFC1C83824942CA647BFFB5A59F97735F_768, PutCachedData=, CacheKey=PhysXPC_VIS_5DF9E1AAB7CC4DCCB2965BA1A78DFE8_1B3E72F44C7707D021C939A82D519E81, StartTime=2016.04.01-22.41.52, HierarchicalDDC=, DataSize=64618, Duration=0.128090, RunGuid=RunID1C79A73A414D7D2E6B3A949852008D6F
DDCTransactionId01384B1C4332ED10C04FE18EC6345BDC_792, PutCachedData=, CacheKey=PhysXPC_FULL_5DF9E1AAB7CC4DCCB2965BA1A78DFE8_786BCEEF0DE8601CAF41D116B462BEDA, StartTime=2016.04.01-22.41.52, HierarchicalDDC=, DataSize=64618, Duration=0.150088, RunGuid=RunID1C79A73A414D7D2E6B3A949852008D6F
DDCTransactionIdFC1C83824942CA647BFFB5A59F97735F_769, PutCachedData=, CacheKey=PhysXPC_VIS_5DF9E1AAB7CC4DCCB2965BA1A78DFE8_E5AE87B74EFF1E1578C0BE96167C6CB1, StartTime=2016.04.01-22.41.52, HierarchicalDDC=, DataSize=64618, Duration=0.129554, RunGuid=RunID1C79A73A414D7D2E6B3A949852008D6F
DDCTransactionId01384B1C4332ED10C04FE18EC6345BDC_793, PutCachedData=, CacheKey=PhysXPC_FULL_5DF9E1AAB7CC4DCCB2965BA1A78DFE8_51E8DC90DC4D5422AA225A97BD3DD451, StartTime=2016.04.01-22.41.52, HierarchicalDDC=, DataSize=64618, Duration=0.145689, RunGuid=RunID1C79A73A414D7D2E6B3A949852008D6F
DDCTransactionIdFC1C83824942CA647BFFB5A59F97735F_770, PutCachedData=, CacheKey=PhysXPC_VIS_5DF9E1AAB7CC4DCCB2965BA1A78DFE8_CE8629874645FEE4BE5453B108545960, StartTime=2016.04.01-22.41.52, HierarchicalDDC=, DataSize=64618, Duration=0.141289, RunGuid=RunID1C79A73A414D7D2E6B3A949852008D6F
DDCTransactionId01384B1C4332ED10C04FE18EC6345BDC_794, PutCachedData=, CacheKey=PhysXPC_FULL_5DF9E1AAB7CC4DCCB2965BA1A78DFE8_E7EBEAFF77FB60497EADE5361F287FE5, StartTime=2016.04.01-22.41.52, HierarchicalDDC=, DataSize=64618, Duration=0.168666, RunGuid=RunID1C79A73A414D7D2E6B3A949852008D6F
DDCTransactionIdFC1C83824942CA647BFFB5A59F97735F_771, PutCachedData=, CacheKey=PhysXPC_VIS_5DF9E1AAB7CC4DCCB2965BA1A78DFE8_E670B6B245BC27280004A394F1ED52D2, StartTime=2016.04.01-22.41.52, HierarchicalDDC=, DataSize=64618, Duration=0.159867, RunGuid=RunID1C79A73A414D7D2E6B3A949852008D6F
DDCTransactionId01384B1C4332ED10C04FE18EC6345BDC_795, PutCachedData=, CacheKey=PhysXPC_FULL_5DF9E1AAB7CC4DCCB2965BA1A78DFE8_D8EDE7781E450A252E059F6CCE13B6CC, StartTime=2016.04.01-22.41.52, HierarchicalDDC=, DataSize=64618, Duration=0.169158, RunGuid=RunID1C79A73A414D7D2E6B3A949852008D6F
DDCTransactionIdFC1C83824942CA647BFFB5A59F97735F_772, PutCachedData=, CacheKey=PhysXPC_VIS_5DF9E1AAB7CC4DCCB2965BA1A78DFE8_1C7F11454DCB6925DB3C39971BA6DA06, StartTime=2016.04.01-22.41.52, HierarchicalDDC=, DataSize=64618, Duration=0.145197, RunGuid=RunID1C79A73A414D7D2E6B3A949852008D6F
DDCTransactionId01384B1C4332ED10C04FE18EC6345BDC_796, PutCachedData=, CacheKey=PhysXPC_FULL_5DF9E1AAB7CC4DCCB2965BA1A78DFE8_EA3E54ED7AA5198AA8191F42C027D50C, StartTime=2016.04.01-22.41.52, HierarchicalDDC=, DataSize=64618, Duration=0.176486, RunGuid=RunID1C79A73A414D7D2E6B3A949852008D6F
DDCTransactionIdFC1C83824942CA647BFFB5A59F97735F_773, PutCachedData=, CacheKey=PhysXPC_VIS_5DF9E1AAB7CC4DCCB2965BA1A78DFE8_12B222CD417A58783F2E18AEF273585C, StartTime=2016.04.01-22.41.52, HierarchicalDDC=, DataSize=64618, Duration=0.140801, RunGuid=RunID1C79A73A414D7D2E6B3A949852008D6F
DDCTransactionId01384B1C4332ED10C04FE18EC6345BDC_797, PutCachedData=, CacheKey=PhysXPC_FULL_5DF9E1AAB7CC4DCCB2965BA1A78DFE8_7DE64D7991F17857A24AE9A227C4EC14, StartTime=2016.04.01-22.41.52, HierarchicalDDC=, DataSize=64618, Duration=0.187244, RunGuid=RunID1C79A73A414D7D2E6B3A949852008D6F
DDCTransactionIdFC1C83824942CA647BFFB5A59F97735F_774, PutCachedData=, CacheKey=PhysXPC_VIS_5DF9E1AAB7CC4DCCB2965BA1A78DFE8_C60FD4644026FAAB836EC7A62715A750, StartTime=2016.04.01-22.41.52, HierarchicalDDC=, DataSize=64618, Duration=0.154000, RunGuid=RunID1C79A73A414D7D2E6B3A949852008D6F
DDCTransactionIdFC1C83824942CA647BFFB5A59F97735F_775, PutCachedData=, CacheKey=PhysXPC_FULL_5DF9E1AAB7CC4DCCB2965BA1A78DFE8_514F9BB7089CB704BD08EF7F08D852F5, StartTime=2016.04.01-22.41.52, HierarchicalDDC=, DataSize=64618, Duration=0.162311, RunGuid=RunID1C79A73A414D7D2E6B3A949852008D6F
DDCTransactionId01384B1C4332ED10C04FE18EC6345BDC_798, PutCachedData=, CacheKey=PhysXPC_VIS_5DF9E1AAB7CC4DCCB2965BA1A78DFE8_A747D26E451C5DA8599F8681B6DAF82E, StartTime=2016.04.01-22.41.52, HierarchicalDDC=, DataSize=64618, Duration=0.160847, RunGuid=RunID1C79A73A414D7D2E6B3A949852008D6F
DDCTransactionIdFC1C83824942CA647BFFB5A59F97735F_776, PutCachedData=, CacheKey=PhysXPC_FULL_5DF9E1AAB7CC4DCCB2965BA1A78DFE8_90817014750E9C9B3CAA9D98FE06D461, StartTime=2016.04.01-22.41.52, HierarchicalDDC=, DataSize=64618, Duration=0.194091, RunGuid=RunID1C79A73A414D7D2E6B3A949852008D6F
DDCTransactionId01384B1C4332ED10C04FE18EC6345BDC_799, PutCachedData=, CacheKey=PhysXPC_VIS_5DF9E1AAB7CC4DCCB2965BA1A78DFE8_03D5294442CB30C8FA61D5BA79DFC8CB, StartTime=2016.04.01-22.41.52, HierarchicalDDC=, DataSize=64618, Duration=0.169646, RunGuid=RunID1C79A73A414D7D2E6B3A949852008D6F
SavePackageTransactionIdE87FE6A84A7D0821D6E89BA899C87880_6, Filename=U:/GitHub/Portsmouth/Portsmouth/Content/Prototyping/Gas_Station/SM_GenericGasStation_01.uasset, AutoPackageBackupDelegate=0.103153, FlushAsyncLoading=0.004891, FlushStreamingFunc=0.087019, BlockTillAllRequestsFinished=0.041556, ResetLoadersForSaveUnMarkAllObjects=0.153024, TagPackageExports=0.041068, BeginCacheForCookedPlatformData=0.001956, SerializeImports=0.400890, GatherLocalizableTextData=0.244442, MarkNames=0.007823, SerializeSummary=0.012711, SerializeNames=0.110488, SerializeGatherableTextData=0.002936, BuildExportMap=0.021998, SortExportsNonSeekfree=0.010759, SortExportsSeekfreeConstructor=0.011243, SortExportsSeekfreeInner=0.520665, SortExportsSeekfree=0.003424, BuildDependencyMap=0.011247, SerializeImportMap=0.010267, SerializeExportMap=0.008311, SerializeDependencyMap=0.003424, SerializeStringAssetReferenceMap=0.002932, SaveThumbNailsAssetRegistryDataWorldLevelInfo=9.863336, SerializeExports=0.478622, SerializeBulkData=0.136890, MoveFile=4.536398, UnaccountedTime=1.818180, RunGuid=RunID1C79A73A414D7D2E6B3A949852008D6F
MaterialTransactionId04AE25EE4E751E9E8AA277B012337D32_4, CacheKey=MATSM_4F0644619F9C48FF91E0D494C95EB050_PCD3D_SM5_5__BC5N_DEV_SL_NoDBuf_EARLYZ3C05DD5A743F775C0600E0185F7F0B5EE_Num_SM5__0_96872B424096FD7E643536BE214F7ABACAA34A9F4DF141F6D75401AA74CE51A5__TBasePassVSFSelfShadowedCachedPointIndirectLightingPolicyAtmosphericFog8B18AAF8F9198748E9489BA6EBEFA581D907D7CD20742242222222222222222222222242222222222222222222222222222222222222222224244444444402222222222222222222222444422222222222222222222222222222212402222222222222222222222222222222222222222222222222222222222000044041400000014000000140000001400000014000000_TTranslucencyShadowDepthVS$3cTranslucencyShadowDepth_PerspectiveCorrect$3eB2ED60FC848F36391CA491DD657E375A4A5BCC631614224222222222222222222222224222222222222222222222222222222222222222222424444444440222222222222222222222244442222222222222222222222222222221240222222222222000044040000001400000014000000140000001400000014000000_TTranslucencyShadowDepthPS$3cTranslucencyShadowDepth_PerspectiveCorrect$3eB2ED60FC848F36391CA491DD657E375A4A5BCC631664224222222222222222222222224222222222222222222222222222222222222222222424444444440222222222222222222222244442222222222222222222222222222221240222222222222222202004044001400000014000000140000001400000014000000_TBasePassPSFSelfShadowedCachedPointIndirectLightingPolicySkylight8B95D470BB4BF92A5C22A48B60B9DA18A2BE42522344224222222222222222222222224222222222222222222222222222222222222222222424444444440222222222222222222222244442222222222222222222222222222221240222224222222222222222222222222222222222222222222222222222222222222222222222222222222020040440000001400000014000000140000001400000014000000_TTranslucencyShadowDepthVS$3cTranslucencyShadowDepth_Standard$3eB2ED60FC848F36391CA491DD657E375A4A5BCC631614224222222222222222222222224222222222222222222222222222222222222222222424444444440222222222222222222222244442222222222222222222222222222221240222222222222000044040000001400000014000000140000001400000014000000_TTranslucencyShadowDepthPS$3cTranslucencyShadowDepth_Standard$3eB2ED60FC848F36391CA491DD657E375A4A5BCC631664224222222222222222222222224222222222222222222222222222222222222222222424444444440222222222222222222222244442222222222222222222222222222221240222222222222222202004044001400000014000000140000001400000014000000_TBasePassVSFCachedPointIndirectLightingPolicyAtmosphericFog8B18AAF8F9198748E9489BA6EBEFA581D907D7CD2094224222222222222222222222224222222222222222222222222222222222222222222424444444440222222222222222222222244442222222222222222222222222222221240222224222222222222222222222222222222222222222222222222222222000044040000001400000014000000140000001400000014000000_TBasePassVSFSelfShadowedCachedPointIndirectLightingPolicy8B18AAF8F9198748E9489BA6EBEFA581D907D7CD20742242222222222222222222222242222222222222222222222222222222222222222224244444444402222222222222222222222444422222222222222222222222222222212402222222222222222222222222222222222222222222222222222222222000044041400000014000000140000001400000014000000_TBasePassPSFSelfShadowedCachedPointIndirectLightingPolicy8B95D470BB4BF92A5C22A48B60B9DA18A2BE42522344224222222222222222222222224222222222222222222222222222222222222222222424444444440222222222222222222222244442222222222222222222222222222221240222224222222222222222222222222222222222222222222222222222222222222222222222222222222020040440000001400000014000000140000001400000014000000_TBasePassPSFCachedPointIndirectLightingPolicySkylight8B95D470BB4BF92A5C22A48B60B9DA18A2BE42522144224222222222222222222222224222222222222222222222222222222222222222222424444444440222222222222222222222244442222222222222222222222222222221240222224222222222222222222222222222222222222222222222222222222222202004044001400000014000000140000001400000014000000_TBasePassPSFSelfShadowedTranslucencyPolicySkylight8B95D470BB4BF92A5C22A48B60B9DA18A2BE425223242242222222222222222222222242222222222222222222222222222222222222222224244444444402222222222222222222222444422222222222222222222222222222212402222222222222222222222222222222222222222222222222222222222222222222222222222222222020040441400000014000000140000001400000014000000_TDistortionMeshVS$3cFDistortMeshAccumulatePolicy$3e9CB0FF9E20B6CE097FCCB6E5962A01451FA7BF82152422422222222222222222222222422222222222222222222222222222222222222222242444444444022222222222222222222224444222222222222222222222222222222124022020040441400000014000000140000001400000014000000_TDistortionMeshPS$3cFDistortMeshAccumulatePolicy$3e62A552CB2488D622FE8D556CBC1643226F87BA8D15542242222222222222222222222242222222222222222222222222222222222222222224244444444402222222222222222222222444422222222222222222222222222222212402222220000440400001400000014000000140000001400000014000000_TBasePassVSFCachedPointIndirectLightingPolicy8B18AAF8F9198748E9489BA6EBEFA581D907D7CD2094224222222222222222222222224222222222222222222222222222222222222222222424444444440222222222222222222222244442222222222222222222222222222221240222224222222222222222222222222222222222222222222222222222222000044040000001400000014000000140000001400000014000000_TBasePassPSFCachedPointIndirectLightingPolicy8B95D470BB4BF92A5C22A48B60B9DA18A2BE42522144224222222222222222222222224222222222222222222222222222222222222222222424444444440222222222222222222222244442222222222222222222222222222221240222224222222222222222222222222222222222222222222222222222222222202004044001400000014000000140000001400000014000000_TBasePassVSFNoLightMapPolicyAtmosphericFog8B18AAF8F9198748E9489BA6EBEFA581D907D7CD2094224222222222222222222222224222222222222222222222222222222222222222222424444444440222222222222222222222244442222222222222222222222222222221240222224222222222222222222222222222222222222222222222222222222000044040000001400000014000000140000001400000014000000_TBasePassPSFSelfShadowedTranslucencyPolicy8B95D470BB4BF92A5C22A48B60B9DA18A2BE425223242242222222222222222222222242222222222222222222222222222222222222222224244444444402222222222222222222222444422222222222222222222222222222212402222222222222222222222222222222222222222222222222222222222222222222222222222222222020040441400000014000000140000001400000014000000_TBasePassPSFNoLightMapPolicySkylight8B95D470BB4BF92A5C22A48B60B9DA18A2BE42522144224222222222222222222222224222222222222222222222222222222222222222222424444444440222222222222222222222244442222222222222222222222222222221240222224222222222222222222222222222222222222222222222222222222222202004044001400000014000000140000001400000014000000_TBasePassVSFNoLightMapPolicy8B18AAF8F9198748E9489BA6EBEFA581D907D7CD2094224222222222222222222222224222222222222222222222222222222222222222222424444444440222222222222222222222244442222222222222222222222222222221240222224222222222222222222222222222222222222222222222222222222000044040000001400000014000000140000001400000014000000_TBasePassPSFNoLightMapPolicy8B95D470BB4BF92A5C22A48B60B9DA18A2BE42522144224222222222222222222222224222222222222222222222222222222222222222222424444444440222222222222222222222244442222222222222222222222222222221240222224222222222222222222222222222222222222222222222222222222222202004044001400000014000000140000001400000014000000_FHitProxyVS5C0034ED3664D7841C91925A723592E72A2B36DA152422422222222222222222222222422222222222222222222222222222222222222222242444444444022222222222222222222224444222222222222222222222222222222124022020040441400000014000000140000001400000014000000_FHitProxyPS4C4A0D45A86AB444F719FBBE7F5185DFF305E7E115542242222222222222222222222242222222222222222222222222222222222222222224244444444402222222222222222222222444422222222222222222222222222222212402222220000440400001400000014000000140000001400000014000000_FLocalVertexFactory5897CEF715AB93237703E35F9ABEBB43E8E477D34224200000000058000040404040404040404040434343444443434343404040404040404040404343434040404044040404040404040404040404343434444434343434040404040404040404043434340404016101010101000424244444444444444424141414341414141413131414141444341444044444444444444414141414141414141434143414141414141414141414131314444414241444444414101010004443414341414141444444434341434444444404444444444444444444444444444444444444444444444444444444444444444444444444404010101010101010101010101010101010101010101010101210443434343444144444444444444440101010101010101010101010101301434143424141414244414130331313141444444440000250000001000000010000000100000001000000010000000100000001000000010000000100000001000000010000000100000001000000010000000100000001000000010000000100000001000000010000000100000001000000010000000100000001000000025000000100000001000000010000000100000001000000010000000100000001000000010000000100000001000000010000000100000001000000010000000100000001000000010000000100000001000000010000000100000001000000010000000100000000800000008000000080000000800000008000000080000004900000010000000090000000800000010000000100000001000000026000000180000000900000009000000090000000900000009000000090000000900000009000000090000000900000009000000090000000900000009000000090000000900000009000000090000000800000008000000080000000800000008000000080000001C00000009000000090000000900000009000000090000000900000009000000080000000800000008000000080000000800000008000000080000000D000000080000009D42F93063E3B2056828859621189F45327E14190000000000000000000000000000000000000000, RunGuid=RunID1C79A73A414D7D2E6B3A949852008D6F
MaterialTransactionId04AE25EE4E751E9E8AA277B012337D32_5, CacheKey=MATSM_4F0644619F9C48FF91E0D494C95EB050_PCD3D_SM5_5__BC5N_DEV_SL_NoDBuf_EARLYZ31DBE20704D2205FD73657AB1E6E72F81_Num_SM5__0_96872B424096FD7E643536BE214F7ABACAA34A9F4DF141F6D75401AA74CE51A5__TBasePassVSFSelfShadowedCachedPointIndirectLightingPolicyAtmosphericFog8B18AAF8F9198748E9489BA6EBEFA581D907D7CD20742242222222222222222222222242222222222222222222222222222222222222222224244444444402222222222222222222222444422222222222222222222222222222212402222222222222222222222222222222222222222222222222222222222000044041400000014000000140000001400000014000000_TTranslucencyShadowDepthVS$3cTranslucencyShadowDepth_PerspectiveCorrect$3eB2ED60FC848F36391CA491DD657E375A4A5BCC631614224222222222222222222222224222222222222222222222222222222222222222222424444444440222222222222222222222244442222222222222222222222222222221240222222222222000044040000001400000014000000140000001400000014000000_TTranslucencyShadowDepthPS$3cTranslucencyShadowDepth_PerspectiveCorrect$3eB2ED60FC848F36391CA491DD657E375A4A5BCC631664224222222222222222222222224222222222222222222222222222222222222222222424444444440222222222222222222222244442222222222222222222222222222221240222222222222222202004044001400000014000000140000001400000014000000_TBasePassPSFSelfShadowedCachedPointIndirectLightingPolicySkylight8B95D470BB4BF92A5C22A48B60B9DA18A2BE42522344224222222222222222222222224222222222222222222222222222222222222222222424444444440222222222222222222222244442222222222222222222222222222221240222224222222222222222222222222222222222222222222222222222222222222222222222222222222020040440000001400000014000000140000001400000014000000_TTranslucencyShadowDepthVS$3cTranslucencyShadowDepth_Standard$3eB2ED60FC848F36391CA491DD657E375A4A5BCC631614224222222222222222222222224222222222222222222222222222222222222222222424444444440222222222222222222222244442222222222222222222222222222221240222222222222000044040000001400000014000000140000001400000014000000_TTranslucencyShadowDepthPS$3cTranslucencyShadowDepth_Standard$3eB2ED60FC848F36391CA491DD657E375A4A5BCC631664224222222222222222222222224222222222222222222222222222222222222222222424444444440222222222222222222222244442222222222222222222222222222221240222222222222222202004044001400000014000000140000001400000014000000_TBasePassVSFCachedPointIndirectLightingPolicyAtmosphericFog8B18AAF8F9198748E9489BA6EBEFA581D907D7CD2094224222222222222222222222224222222222222222222222222222222222222222222424444444440222222222222222222222244442222222222222222222222222222221240222224222222222222222222222222222222222222222222222222222222000044040000001400000014000000140000001400000014000000_TBasePassVSFSelfShadowedCachedPointIndirectLightingPolicy8B18AAF8F9198748E9489BA6EBEFA581D907D7CD20742242222222222222222222222242222222222222222222222222222222222222222224244444444402222222222222222222222444422222222222222222222222222222212402222222222222222222222222222222222222222222222222222222222000044041400000014000000140000001400000014000000_TBasePassPSFSelfShadowedCachedPointIndirectLightingPolicy8B95D470BB4BF92A5C22A48B60B9DA18A2BE42522344224222222222222222222222224222222222222222222222222222222222222222222424444444440222222222222222222222244442222222222222222222222222222221240222224222222222222222222222222222222222222222222222222222222222222222222222222222222020040440000001400000014000000140000001400000014000000_TBasePassPSFCachedPointIndirectLightingPolicySkylight8B95D470BB4BF92A5C22A48B60B9DA18A2BE42522144224222222222222222222222224222222222222222222222222222222222222222222424444444440222222222222222222222244442222222222222222222222222222221240222224222222222222222222222222222222222222222222222222222222222202004044001400000014000000140000001400000014000000_TBasePassPSFSelfShadowedTranslucencyPolicySkylight8B95D470BB4BF92A5C22A48B60B9DA18A2BE425223242242222222222222222222222242222222222222222222222222222222222222222224244444444402222222222222222222222444422222222222222222222222222222212402222222222222222222222222222222222222222222222222222222222222222222222222222222222020040441400000014000000140000001400000014000000_TDistortionMeshVS$3cFDistortMeshAccumulatePolicy$3e9CB0FF9E20B6CE097FCCB6E5962A01451FA7BF82152422422222222222222222222222422222222222222222222222222222222222222222242444444444022222222222222222222224444222222222222222222222222222222124022020040441400000014000000140000001400000014000000_TDistortionMeshPS$3cFDistortMeshAccumulatePolicy$3e62A552CB2488D622FE8D556CBC1643226F87BA8D15542242222222222222222222222242222222222222222222222222222222222222222224244444444402222222222222222222222444422222222222222222222222222222212402222220000440400001400000014000000140000001400000014000000_TBasePassVSFCachedPointIndirectLightingPolicy8B18AAF8F9198748E9489BA6EBEFA581D907D7CD2094224222222222222222222222224222222222222222222222222222222222222222222424444444440222222222222222222222244442222222222222222222222222222221240222224222222222222222222222222222222222222222222222222222222000044040000001400000014000000140000001400000014000000_TBasePassPSFCachedPointIndirectLightingPolicy8B95D470BB4BF92A5C22A48B60B9DA18A2BE42522144224222222222222222222222224222222222222222222222222222222222222222222424444444440222222222222222222222244442222222222222222222222222222221240222224222222222222222222222222222222222222222222222222222222222202004044001400000014000000140000001400000014000000_TBasePassVSFNoLightMapPolicyAtmosphericFog8B18AAF8F9198748E9489BA6EBEFA581D907D7CD2094224222222222222222222222224222222222222222222222222222222222222222222424444444440222222222222222222222244442222222222222222222222222222221240222224222222222222222222222222222222222222222222222222222222000044040000001400000014000000140000001400000014000000_TBasePassPSFSelfShadowedTranslucencyPolicy8B95D470BB4BF92A5C22A48B60B9DA18A2BE425223242242222222222222222222222242222222222222222222222222222222222222222224244444444402222222222222222222222444422222222222222222222222222222212402222222222222222222222222222222222222222222222222222222222222222222222222222222222020040441400000014000000140000001400000014000000_TBasePassPSFNoLightMapPolicySkylight8B95D470BB4BF92A5C22A48B60B9DA18A2BE42522144224222222222222222222222224222222222222222222222222222222222222222222424444444440222222222222222222222244442222222222222222222222222222221240222224222222222222222222222222222222222222222222222222222222222202004044001400000014000000140000001400000014000000_TBasePassVSFNoLightMapPolicy8B18AAF8F9198748E9489BA6EBEFA581D907D7CD2094224222222222222222222222224222222222222222222222222222222222222222222424444444440222222222222222222222244442222222222222222222222222222221240222224222222222222222222222222222222222222222222222222222222000044040000001400000014000000140000001400000014000000_TBasePassPSFNoLightMapPolicy8B95D470BB4BF92A5C22A48B60B9DA18A2BE42522144224222222222222222222222224222222222222222222222222222222222222222222424444444440222222222222222222222244442222222222222222222222222222221240222224222222222222222222222222222222222222222222222222222222222202004044001400000014000000140000001400000014000000_FHitProxyVS5C0034ED3664D7841C91925A723592E72A2B36DA152422422222222222222222222222422222222222222222222222222222222222222222242444444444022222222222222222222224444222222222222222222222222222222124022020040441400000014000000140000001400000014000000_FHitProxyPS4C4A0D45A86AB444F719FBBE7F5185DFF305E7E115542242222222222222222222222242222222222222222222222222222222222222222224244444444402222222222222222222222444422222222222222222222222222222212402222220000440400001400000014000000140000001400000014000000_FLocalVertexFactory5897CEF715AB93237703E35F9ABEBB43E8E477D34224200000000058000040404040404040404040434343444443434343404040404040404040404343434040404044040404040404040404040404343434444434343434040404040404040404043434340404016101010101000424244444444444444424141414341414141413131414141444341444044444444444444414141414141414141434143414141414141414141414131314444414241444444414101010004443414341414141444444434341434444444404444444444444444444444444444444444444444444444444444444444444444444444444404010101010101010101010101010101010101010101010101210443434343444144444444444444440101010101010101010101010101301434143424141414244414130331313141444444440000250000001000000010000000100000001000000010000000100000001000000010000000100000001000000010000000100000001000000010000000100000001000000010000000100000001000000010000000100000001000000010000000100000001000000025000000100000001000000010000000100000001000000010000000100000001000000010000000100000001000000010000000100000001000000010000000100000001000000010000000100000001000000010000000100000001000000010000000100000000800000008000000080000000800000008000000080000004900000010000000090000000800000010000000100000001000000026000000180000000900000009000000090000000900000009000000090000000900000009000000090000000900000009000000090000000900000009000000090000000900000009000000090000000800000008000000080000000800000008000000080000001C00000009000000090000000900000009000000090000000900000009000000080000000800000008000000080000000800000008000000080000000D000000080000009D42F93063E3B2056828859621189F45327E14190000000000000000000000000000000000000000, ShaderCompilation=24536.242188, RunGuid=RunID1C79A73A414D7D2E6B3A949852008D6F
MaterialTransactionId04AE25EE4E751E9E8AA277B012337D32_6, CacheKey=MATSM_4F0644619F9C48FF91E0D494C95EB050_PCD3D_SM5_5__BC5N_DEV_SL_NoDBuf_EARLYZ3571EE0AF4D82FDF3D752928EC5CEA2B3_Num_SM5__0___TBasePassVSFNoLightMapPolicyAtmosphericFog8B18AAF8F9198748E9489BA6EBEFA581D907D7CD2094224222222222222222222222224222222222222222222222222222222222222222222424444444440222222222222222222222244442222222222222222222222222222221240222224222222222222222222222222222222222222222222222222222222000044040000001400000014000000140000001400000014000000_TBasePassVSFNoLightMapPolicy8B18AAF8F9198748E9489BA6EBEFA581D907D7CD2094224222222222222222222222224222222222222222222222222222222222222222222424444444440222222222222222222222244442222222222222222222222222222221240222224222222222222222222222222222222222222222222222222222222000044040000001400000014000000140000001400000014000000_TBasePassPSFNoLightMapPolicy8B95D470BB4BF92A5C22A48B60B9DA18A2BE42522144224222222222222222222222224222222222222222222222222222222222222222222424444444440222222222222222222222244442222222222222222222222222222221240222224222222222222222222222222222222222222222222222222222222222202004044001400000014000000140000001400000014000000_FLocalVertexFactory5897CEF715AB93237703E35F9ABEBB43E8E477D34224200000000058000040404040404040404040434343444443434343404040404040404040404343434040404044040404040404040404040404343434444434343434040404040404040404043434340404016101010101000424244444444444444424141414341414141413131414141444341444044444444444444414141414141414141434143414141414141414141414131314444414241444444414101010004443414341414141444444434341434444444404444444444444444444444444444444444444444444444444444444444444444444444444404010101010101010101010101010101010101010101010101210443434343444144444444444444440101010101010101010101010101301434143424141414244414130331313141444444440000250000001000000010000000100000001000000010000000100000001000000010000000100000001000000010000000100000001000000010000000100000001000000010000000100000001000000010000000100000001000000010000000100000001000000025000000100000001000000010000000100000001000000010000000100000001000000010000000100000001000000010000000100000001000000010000000100000001000000010000000100000001000000010000000100000001000000010000000100000000800000008000000080000000800000008000000080000004900000010000000090000000800000010000000100000001000000026000000180000000900000009000000090000000900000009000000090000000900000009000000090000000900000009000000090000000900000009000000090000000900000009000000090000000800000008000000080000000800000008000000080000001C00000009000000090000000900000009000000090000000900000009000000080000000800000008000000080000000800000008000000080000000D000000080000009D42F93063E3B2056828859621189F45327E14190000000000000000000000000000000000000000, ShaderCompilation=25082.966797, RunGuid=RunID1C79A73A414D7D2E6B3A949852008D6F
MaterialTransactionId04AE25EE4E751E9E8AA277B012337D32_7, CacheKey=MATSM_4F0644619F9C48FF91E0D494C95EB050_PCD3D_SM5_5__BC5N_DEV_SL_NoDBuf_EARLYZ3A7642EFB4A127D00A93AE99C9AB73297_Num_SM5__0___TBasePassVSFNoLightMapPolicyAtmosphericFog8B18AAF8F9198748E9489BA6EBEFA581D907D7CD2094224222222222222222222222224222222222222222222222222222222222222222222424444444440222222222222222222222244442222222222222222222222222222221240222224222222222222222222222222222222222222222222222222222222000044040000001400000014000000140000001400000014000000_TBasePassVSFNoLightMapPolicy8B18AAF8F9198748E9489BA6EBEFA581D907D7CD2094224222222222222222222222224222222222222222222222222222222222222222222424444444440222222222222222222222244442222222222222222222222222222221240222224222222222222222222222222222222222222222222222222222222000044040000001400000014000000140000001400000014000000_TBasePassPSFNoLightMapPolicy8B95D470BB4BF92A5C22A48B60B9DA18A2BE42522144224222222222222222222222224222222222222222222222222222222222222222222424444444440222222222222222222222244442222222222222222222222222222221240222224222222222222222222222222222222222222222222222222222222222202004044001400000014000000140000001400000014000000_FLocalVertexFactory5897CEF715AB93237703E35F9ABEBB43E8E477D34224200000000058000040404040404040404040434343444443434343404040404040404040404343434040404044040404040404040404040404343434444434343434040404040404040404043434340404016101010101000424244444444444444424141414341414141413131414141444341444044444444444444414141414141414141434143414141414141414141414131314444414241444444414101010004443414341414141444444434341434444444404444444444444444444444444444444444444444444444444444444444444444444444444404010101010101010101010101010101010101010101010101210443434343444144444444444444440101010101010101010101010101301434143424141414244414130331313141444444440000250000001000000010000000100000001000000010000000100000001000000010000000100000001000000010000000100000001000000010000000100000001000000010000000100000001000000010000000100000001000000010000000100000001000000025000000100000001000000010000000100000001000000010000000100000001000000010000000100000001000000010000000100000001000000010000000100000001000000010000000100000001000000010000000100000001000000010000000100000000800000008000000080000000800000008000000080000004900000010000000090000000800000010000000100000001000000026000000180000000900000009000000090000000900000009000000090000000900000009000000090000000900000009000000090000000900000009000000090000000900000009000000090000000800000008000000080000000800000008000000080000001C00000009000000090000000900000009000000090000000900000009000000080000000800000008000000080000000800000008000000080000000D000000080000009D42F93063E3B2056828859621189F45327E14190000000000000000000000000000000000000000, ShaderCompilation=26264.261719, RunGuid=RunID1C79A73A414D7D2E6B3A949852008D6F
MaterialTransactionId04AE25EE4E751E9E8AA277B012337D32_8, CacheKey=MATSM_4F0644619F9C48FF91E0D494C95EB050_PCD3D_SM5_5__BC5N_DEV_SL_NoDBuf_EARLYZ337C35A4D4D8A37BFE604628FF3411474_Num_SM5__0___TBasePassVSFNoLightMapPolicyAtmosphericFog8B18AAF8F9198748E9489BA6EBEFA581D907D7CD2094224222222222222222222222224222222222222222222222222222222222222222222424444444440222222222222222222222244442222222222222222222222222222221240222224222222222222222222222222222222222222222222222222222222000044040000001400000014000000140000001400000014000000_TBasePassVSFNoLightMapPolicy8B18AAF8F9198748E9489BA6EBEFA581D907D7CD2094224222222222222222222222224222222222222222222222222222222222222222222424444444440222222222222222222222244442222222222222222222222222222221240222224222222222222222222222222222222222222222222222222222222000044040000001400000014000000140000001400000014000000_TBasePassPSFNoLightMapPolicy8B95D470BB4BF92A5C22A48B60B9DA18A2BE42522144224222222222222222222222224222222222222222222222222222222222222222222424444444440222222222222222222222244442222222222222222222222222222221240222224222222222222222222222222222222222222222222222222222222222202004044001400000014000000140000001400000014000000_FLocalVertexFactory5897CEF715AB93237703E35F9ABEBB43E8E477D34224200000000058000040404040404040404040434343444443434343404040404040404040404343434040404044040404040404040404040404343434444434343434040404040404040404043434340404016101010101000424244444444444444424141414341414141413131414141444341444044444444444444414141414141414141434143414141414141414141414131314444414241444444414101010004443414341414141444444434341434444444404444444444444444444444444444444444444444444444444444444444444444444444444404010101010101010101010101010101010101010101010101210443434343444144444444444444440101010101010101010101010101301434143424141414244414130331313141444444440000250000001000000010000000100000001000000010000000100000001000000010000000100000001000000010000000100000001000000010000000100000001000000010000000100000001000000010000000100000001000000010000000100000001000000025000000100000001000000010000000100000001000000010000000100000001000000010000000100000001000000010000000100000001000000010000000100000001000000010000000100000001000000010000000100000001000000010000000100000000800000008000000080000000800000008000000080000004900000010000000090000000800000010000000100000001000000026000000180000000900000009000000090000000900000009000000090000000900000009000000090000000900000009000000090000000900000009000000090000000900000009000000090000000800000008000000080000000800000008000000080000001C00000009000000090000000900000009000000090000000900000009000000080000000800000008000000080000000800000008000000080000000D000000080000009D42F93063E3B2056828859621189F45327E14190000000000000000000000000000000000000000, ShaderCompilation=27779.324219, RunGuid=RunID1C79A73A414D7D2E6B3A949852008D6F
MaterialTransactionId04AE25EE4E751E9E8AA277B012337D32_9, CacheKey=MATSM_4F0644619F9C48FF91E0D494C95EB050_PCD3D_SM5_5__BC5N_DEV_SL_NoDBuf_EARLYZ31E224073480BF657728B49B982F60EA7_Num_SM5__0___TBasePassVSFNoLightMapPolicyAtmosphericFog8B18AAF8F9198748E9489BA6EBEFA581D907D7CD2094224222222222222222222222224222222222222222222222222222222222222222222424444444440222222222222222222222244442222222222222222222222222222221240222224222222222222222222222222222222222222222222222222222222000044040000001400000014000000140000001400000014000000_TBasePassVSFNoLightMapPolicy8B18AAF8F9198748E9489BA6EBEFA581D907D7CD2094224222222222222222222222224222222222222222222222222222222222222222222424444444440222222222222222222222244442222222222222222222222222222221240222224222222222222222222222222222222222222222222222222222222000044040000001400000014000000140000001400000014000000_TBasePassPSFNoLightMapPolicy8B95D470BB4BF92A5C22A48B60B9DA18A2BE42522144224222222222222222222222224222222222222222222222222222222222222222222424444444440222222222222222222222244442222222222222222222222222222221240222224222222222222222222222222222222222222222222222222222222222202004044001400000014000000140000001400000014000000_FLocalVertexFactory5897CEF715AB93237703E35F9ABEBB43E8E477D34224200000000058000040404040404040404040434343444443434343404040404040404040404343434040404044040404040404040404040404343434444434343434040404040404040404043434340404016101010101000424244444444444444424141414341414141413131414141444341444044444444444444414141414141414141434143414141414141414141414131314444414241444444414101010004443414341414141444444434341434444444404444444444444444444444444444444444444444444444444444444444444444444444444404010101010101010101010101010101010101010101010101210443434343444144444444444444440101010101010101010101010101301434143424141414244414130331313141444444440000250000001000000010000000100000001000000010000000100000001000000010000000100000001000000010000000100000001000000010000000100000001000000010000000100000001000000010000000100000001000000010000000100000001000000025000000100000001000000010000000100000001000000010000000100000001000000010000000100000001000000010000000100000001000000010000000100000001000000010000000100000001000000010000000100000001000000010000000100000000800000008000000080000000800000008000000080000004900000010000000090000000800000010000000100000001000000026000000180000000900000009000000090000000900000009000000090000000900000009000000090000000900000009000000090000000900000009000000090000000900000009000000090000000800000008000000080000000800000008000000080000001C00000009000000090000000900000009000000090000000900000009000000080000000800000008000000080000000800000008000000080000000D000000080000009D42F93063E3B2056828859621189F45327E14190000000000000000000000000000000000000000, ShaderCompilation=28816.699219, RunGuid=RunID1C79A73A414D7D2E6B3A949852008D6F
MaterialTransactionId04AE25EE4E751E9E8AA277B012337D32_10, CacheKey=MATSM_4F0644619F9C48FF91E0D494C95EB050_PCD3D_SM5_5__BC5N_DEV_SL_NoDBuf_EARLYZ3E141DCC74E8624C3DE8162A491411A4B_Num_SM5__0___TBasePassVSFNoLightMapPolicyAtmosphericFog8B18AAF8F9198748E9489BA6EBEFA581D907D7CD2094224222222222222222222222224222222222222222222222222222222222222222222424444444440222222222222222222222244442222222222222222222222222222221240222224222222222222222222222222222222222222222222222222222222000044040000001400000014000000140000001400000014000000_TBasePassVSFNoLightMapPolicy8B18AAF8F9198748E9489BA6EBEFA581D907D7CD2094224222222222222222222222224222222222222222222222222222222222222222222424444444440222222222222222222222244442222222222222222222222222222221240222224222222222222222222222222222222222222222222222222222222000044040000001400000014000000140000001400000014000000_TBasePassPSFNoLightMapPolicy8B95D470BB4BF92A5C22A48B60B9DA18A2BE42522144224222222222222222222222224222222222222222222222222222222222222222222424444444440222222222222222222222244442222222222222222222222222222221240222224222222222222222222222222222222222222222222222222222222222202004044001400000014000000140000001400000014000000_FLocalVertexFactory5897CEF715AB93237703E35F9ABEBB43E8E477D34224200000000058000040404040404040404040434343444443434343404040404040404040404343434040404044040404040404040404040404343434444434343434040404040404040404043434340404016101010101000424244444444444444424141414341414141413131414141444341444044444444444444414141414141414141434143414141414141414141414131314444414241444444414101010004443414341414141444444434341434444444404444444444444444444444444444444444444444444444444444444444444444444444444404010101010101010101010101010101010101010101010101210443434343444144444444444444440101010101010101010101010101301434143424141414244414130331313141444444440000250000001000000010000000100000001000000010000000100000001000000010000000100000001000000010000000100000001000000010000000100000001000000010000000100000001000000010000000100000001000000010000000100000001000000025000000100000001000000010000000100000001000000010000000100000001000000010000000100000001000000010000000100000001000000010000000100000001000000010000000100000001000000010000000100000001000000010000000100000000800000008000000080000000800000008000000080000004900000010000000090000000800000010000000100000001000000026000000180000000900000009000000090000000900000009000000090000000900000009000000090000000900000009000000090000000900000009000000090000000900000009000000090000000800000008000000080000000800000008000000080000001C00000009000000090000000900000009000000090000000900000009000000080000000800000008000000080000000800000008000000080000000D000000080000009D42F93063E3B2056828859621189F45327E14190000000000000000000000000000000000000000, ShaderCompilation=29655.705078, RunGuid=RunID1C79A73A414D7D2E6B3A949852008D6F
MaterialTransactionId04AE25EE4E751E9E8AA277B012337D32_11, CacheKey=MATSM_4F0644619F9C48FF91E0D494C95EB050_PCD3D_SM5_5__BC5N_DEV_SL_NoDBuf_EARLYZ30D37113E4F35465919E18EB0CFFA704B_Num_SM5__0___TBasePassVSFNoLightMapPolicyAtmosphericFog8B18AAF8F9198748E9489BA6EBEFA581D907D7CD2094224222222222222222222222224222222222222222222222222222222222222222222424444444440222222222222222222222244442222222222222222222222222222221240222224222222222222222222222222222222222222222222222222222222000044040000001400000014000000140000001400000014000000_TBasePassVSFNoLightMapPolicy8B18AAF8F9198748E9489BA6EBEFA581D907D7CD2094224222222222222222222222224222222222222222222222222222222222222222222424444444440222222222222222222222244442222222222222222222222222222221240222224222222222222222222222222222222222222222222222222222222000044040000001400000014000000140000001400000014000000_TBasePassPSFNoLightMapPolicy8B95D470BB4BF92A5C22A48B60B9DA18A2BE42522144224222222222222222222222224222222222222222222222222222222222222222222424444444440222222222222222222222244442222222222222222222222222222221240222224222222222222222222222222222222222222222222222222222222222202004044001400000014000000140000001400000014000000_FLocalVertexFactory5897CEF715AB93237703E35F9ABEBB43E8E477D34224200000000058000040404040404040404040434343444443434343404040404040404040404343434040404044040404040404040404040404343434444434343434040404040404040404043434340404016101010101000424244444444444444424141414341414141413131414141444341444044444444444444414141414141414141434143414141414141414141414131314444414241444444414101010004443414341414141444444434341434444444404444444444444444444444444444444444444444444444444444444444444444444444444404010101010101010101010101010101010101010101010101210443434343444144444444444444440101010101010101010101010101301434143424141414244414130331313141444444440000250000001000000010000000100000001000000010000000100000001000000010000000100000001000000010000000100000001000000010000000100000001000000010000000100000001000000010000000100000001000000010000000100000001000000025000000100000001000000010000000100000001000000010000000100000001000000010000000100000001000000010000000100000001000000010000000100000001000000010000000100000001000000010000000100000001000000010000000100000000800000008000000080000000800000008000000080000004900000010000000090000000800000010000000100000001000000026000000180000000900000009000000090000000900000009000000090000000900000009000000090000000900000009000000090000000900000009000000090000000900000009000000090000000800000008000000080000000800000008000000080000001C00000009000000090000000900000009000000090000000900000009000000080000000800000008000000080000000800000008000000080000000D000000080000009D42F93063E3B2056828859621189F45327E14190000000000000000000000000000000000000000, ShaderCompilation=30736.269531, RunGuid=RunID1C79A73A414D7D2E6B3A949852008D6F
MaterialTransactionId04AE25EE4E751E9E8AA277B012337D32_12, CacheKey=MATSM_4F0644619F9C48FF91E0D494C95EB050_PCD3D_SM5_5__BC5N_DEV_SL_NoDBuf_EARLYZ31537C3FD464D5A3D9A0D1CBE0106CC80_Num_SM5__0_96872B424096FD7E643536BE214F7ABACAA34A9F4DF141F6D75401AA74CE51A5__TBasePassVSFSelfShadowedCachedPointIndirectLightingPolicyAtmosphericFog8B18AAF8F9198748E9489BA6EBEFA581D907D7CD20742242222222222222222222222242222222222222222222222222222222222222222224244444444402222222222222222222222444422222222222222222222222222222212402222222222222222222222222222222222222222222222222222222222000044041400000014000000140000001400000014000000_TTranslucencyShadowDepthVS$3cTranslucencyShadowDepth_PerspectiveCorrect$3eB2ED60FC848F36391CA491DD657E375A4A5BCC631614224222222222222222222222224222222222222222222222222222222222222222222424444444440222222222222222222222244442222222222222222222222222222221240222222222222000044040000001400000014000000140000001400000014000000_TTranslucencyShadowDepthPS$3cTranslucencyShadowDepth_PerspectiveCorrect$3eB2ED60FC848F36391CA491DD657E375A4A5BCC631664224222222222222222222222224222222222222222222222222222222222222222222424444444440222222222222222222222244442222222222222222222222222222221240222222222222222202004044001400000014000000140000001400000014000000_TBasePassPSFSelfShadowedCachedPointIndirectLightingPolicySkylight8B95D470BB4BF92A5C22A48B60B9DA18A2BE42522344224222222222222222222222224222222222222222222222222222222222222222222424444444440222222222222222222222244442222222222222222222222222222221240222224222222222222222222222222222222222222222222222222222222222222222222222222222222020040440000001400000014000000140000001400000014000000_TTranslucencyShadowDepthVS$3cTranslucencyShadowDepth_Standard$3eB2ED60FC848F36391CA491DD657E375A4A5BCC631614224222222222222222222222224222222222222222222222222222222222222222222424444444440222222222222222222222244442222222222222222222222222222221240222222222222000044040000001400000014000000140000001400000014000000_TTranslucencyShadowDepthPS$3cTranslucencyShadowDepth_Standard$3eB2ED60FC848F36391CA491DD657E375A4A5BCC631664224222222222222222222222224222222222222222222222222222222222222222222424444444440222222222222222222222244442222222222222222222222222222221240222222222222222202004044001400000014000000140000001400000014000000_TBasePassVSFCachedPointIndirectLightingPolicyAtmosphericFog8B18AAF8F9198748E9489BA6EBEFA581D907D7CD2094224222222222222222222222224222222222222222222222222222222222222222222424444444440222222222222222222222244442222222222222222222222222222221240222224222222222222222222222222222222222222222222222222222222000044040000001400000014000000140000001400000014000000_TBasePassVSFSelfShadowedCachedPointIndirectLightingPolicy8B18AAF8F9198748E9489BA6EBEFA581D907D7CD20742242222222222222222222222242222222222222222222222222222222222222222224244444444402222222222222222222222444422222222222222222222222222222212402222222222222222222222222222222222222222222222222222222222000044041400000014000000140000001400000014000000_TBasePassPSFSelfShadowedCachedPointIndirectLightingPolicy8B95D470BB4BF92A5C22A48B60B9DA18A2BE42522344224222222222222222222222224222222222222222222222222222222222222222222424444444440222222222222222222222244442222222222222222222222222222221240222224222222222222222222222222222222222222222222222222222222222222222222222222222222020040440000001400000014000000140000001400000014000000_TBasePassPSFCachedPointIndirectLightingPolicySkylight8B95D470BB4BF92A5C22A48B60B9DA18A2BE42522144224222222222222222222222224222222222222222222222222222222222222222222424444444440222222222222222222222244442222222222222222222222222222221240222224222222222222222222222222222222222222222222222222222222222202004044001400000014000000140000001400000014000000_TBasePassPSFSelfShadowedTranslucencyPolicySkylight8B95D470BB4BF92A5C22A48B60B9DA18A2BE425223242242222222222222222222222242222222222222222222222222222222222222222224244444444402222222222222222222222444422222222222222222222222222222212402222222222222222222222222222222222222222222222222222222222222222222222222222222222020040441400000014000000140000001400000014000000_TDistortionMeshVS$3cFDistortMeshAccumulatePolicy$3e9CB0FF9E20B6CE097FCCB6E5962A01451FA7BF82152422422222222222222222222222422222222222222222222222222222222222222222242444444444022222222222222222222224444222222222222222222222222222222124022020040441400000014000000140000001400000014000000_TDistortionMeshPS$3cFDistortMeshAccumulatePolicy$3e62A552CB2488D622FE8D556CBC1643226F87BA8D15542242222222222222222222222242222222222222222222222222222222222222222224244444444402222222222222222222222444422222222222222222222222222222212402222220000440400001400000014000000140000001400000014000000_TBasePassVSFCachedPointIndirectLightingPolicy8B18AAF8F9198748E9489BA6EBEFA581D907D7CD2094224222222222222222222222224222222222222222222222222222222222222222222424444444440222222222222222222222244442222222222222222222222222222221240222224222222222222222222222222222222222222222222222222222222000044040000001400000014000000140000001400000014000000_TBasePassPSFCachedPointIndirectLightingPolicy8B95D470BB4BF92A5C22A48B60B9DA18A2BE42522144224222222222222222222222224222222222222222222222222222222222222222222424444444440222222222222222222222244442222222222222222222222222222221240222224222222222222222222222222222222222222222222222222222222222202004044001400000014000000140000001400000014000000_TBasePassVSFNoLightMapPolicyAtmosphericFog8B18AAF8F9198748E9489BA6EBEFA581D907D7CD2094224222222222222222222222224222222222222222222222222222222222222222222424444444440222222222222222222222244442222222222222222222222222222221240222224222222222222222222222222222222222222222222222222222222000044040000001400000014000000140000001400000014000000_TBasePassPSFSelfShadowedTranslucencyPolicy8B95D470BB4BF92A5C22A48B60B9DA18A2BE425223242242222222222222222222222242222222222222222222222222222222222222222224244444444402222222222222222222222444422222222222222222222222222222212402222222222222222222222222222222222222222222222222222222222222222222222222222222222020040441400000014000000140000001400000014000000_TBasePassPSFNoLightMapPolicySkylight8B95D470BB4BF92A5C22A48B60B9DA18A2BE42522144224222222222222222222222224222222222222222222222222222222222222222222424444444440222222222222222222222244442222222222222222222222222222221240222224222222222222222222222222222222222222222222222222222222222202004044001400000014000000140000001400000014000000_TBasePassVSFNoLightMapPolicy8B18AAF8F9198748E9489BA6EBEFA581D907D7CD2094224222222222222222222222224222222222222222222222222222222222222222222424444444440222222222222222222222244442222222222222222222222222222221240222224222222222222222222222222222222222222222222222222222222000044040000001400000014000000140000001400000014000000_TBasePassPSFNoLightMapPolicy8B95D470BB4BF92A5C22A48B60B9DA18A2BE42522144224222222222222222222222224222222222222222222222222222222222222222222424444444440222222222222222222222244442222222222222222222222222222221240222224222222222222222222222222222222222222222222222222222222222202004044001400000014000000140000001400000014000000_FHitProxyVS5C0034ED3664D7841C91925A723592E72A2B36DA152422422222222222222222222222422222222222222222222222222222222222222222242444444444022222222222222222222224444222222222222222222222222222222124022020040441400000014000000140000001400000014000000_FHitProxyPS4C4A0D45A86AB444F719FBBE7F5185DFF305E7E115542242222222222222222222222242222222222222222222222222222222222222222224244444444402222222222222222222222444422222222222222222222222222222212402222220000440400001400000014000000140000001400000014000000_FLocalVertexFactory5897CEF715AB93237703E35F9ABEBB43E8E477D34224200000000058000040404040404040404040434343444443434343404040404040404040404343434040404044040404040404040404040404343434444434343434040404040404040404043434340404016101010101000424244444444444444424141414341414141413131414141444341444044444444444444414141414141414141434143414141414141414141414131314444414241444444414101010004443414341414141444444434341434444444404444444444444444444444444444444444444444444444444444444444444444444444444404010101010101010101010101010101010101010101010101210443434343444144444444444444440101010101010101010101010101301434143424141414244414130331313141444444440000250000001000000010000000100000001000000010000000100000001000000010000000100000001000000010000000100000001000000010000000100000001000000010000000100000001000000010000000100000001000000010000000100000001000000025000000100000001000000010000000100000001000000010000000100000001000000010000000100000001000000010000000100000001000000010000000100000001000000010000000100000001000000010000000100000001000000010000000100000000800000008000000080000000800000008000000080000004900000010000000090000000800000010000000100000001000000026000000180000000900000009000000090000000900000009000000090000000900000009000000090000000900000009000000090000000900000009000000090000000900000009000000090000000800000008000000080000000800000008000000080000001C00000009000000090000000900000009000000090000000900000009000000080000000800000008000000080000000800000008000000080000000D000000080000009D42F93063E3B2056828859621189F45327E14190000000000000000000000000000000000000000, ShaderCompilation=8516.111328, RunGuid=RunID1C79A73A414D7D2E6B3A949852008D6F
MaterialTransactionId04AE25EE4E751E9E8AA277B012337D32_13, CacheKey=MATSM_4F0644619F9C48FF91E0D494C95EB050_PCD3D_SM5_5__BC5N_DEV_SL_NoDBuf_EARLYZ3AB0BBFDE4F9F5B02DB36DFA004432458_Num_SM5__0_96872B424096FD7E643536BE214F7ABACAA34A9F4DF141F6D75401AA74CE51A5__TBasePassVSFSelfShadowedCachedPointIndirectLightingPolicyAtmosphericFog8B18AAF8F9198748E9489BA6EBEFA581D907D7CD20742242222222222222222222222242222222222222222222222222222222222222222224244444444402222222222222222222222444422222222222222222222222222222212402222222222222222222222222222222222222222222222222222222222000044041400000014000000140000001400000014000000_TTranslucencyShadowDepthVS$3cTranslucencyShadowDepth_PerspectiveCorrect$3eB2ED60FC848F36391CA491DD657E375A4A5BCC631614224222222222222222222222224222222222222222222222222222222222222222222424444444440222222222222222222222244442222222222222222222222222222221240222222222222000044040000001400000014000000140000001400000014000000_TTranslucencyShadowDepthPS$3cTranslucencyShadowDepth_PerspectiveCorrect$3eB2ED60FC848F36391CA491DD657E375A4A5BCC631664224222222222222222222222224222222222222222222222222222222222222222222424444444440222222222222222222222244442222222222222222222222222222221240222222222222222202004044001400000014000000140000001400000014000000_TBasePassPSFSelfShadowedCachedPointIndirectLightingPolicySkylight8B95D470BB4BF92A5C22A48B60B9DA18A2BE42522344224222222222222222222222224222222222222222222222222222222222222222222424444444440222222222222222222222244442222222222222222222222222222221240222224222222222222222222222222222222222222222222222222222222222222222222222222222222020040440000001400000014000000140000001400000014000000_TTranslucencyShadowDepthVS$3cTranslucencyShadowDepth_Standard$3eB2ED60FC848F36391CA491DD657E375A4A5BCC631614224222222222222222222222224222222222222222222222222222222222222222222424444444440222222222222222222222244442222222222222222222222222222221240222222222222000044040000001400000014000000140000001400000014000000_TTranslucencyShadowDepthPS$3cTranslucencyShadowDepth_Standard$3eB2ED60FC848F36391CA491DD657E375A4A5BCC631664224222222222222222222222224222222222222222222222222222222222222222222424444444440222222222222222222222244442222222222222222222222222222221240222222222222222202004044001400000014000000140000001400000014000000_TBasePassVSFCachedPointIndirectLightingPolicyAtmosphericFog8B18AAF8F9198748E9489BA6EBEFA581D907D7CD2094224222222222222222222222224222222222222222222222222222222222222222222424444444440222222222222222222222244442222222222222222222222222222221240222224222222222222222222222222222222222222222222222222222222000044040000001400000014000000140000001400000014000000_TBasePassVSFSelfShadowedCachedPointIndirectLightingPolicy8B18AAF8F9198748E9489BA6EBEFA581D907D7CD20742242222222222222222222222242222222222222222222222222222222222222222224244444444402222222222222222222222444422222222222222222222222222222212402222222222222222222222222222222222222222222222222222222222000044041400000014000000140000001400000014000000_TBasePassPSFSelfShadowedCachedPointIndirectLightingPolicy8B95D470BB4BF92A5C22A48B60B9DA18A2BE42522344224222222222222222222222224222222222222222222222222222222222222222222424444444440222222222222222222222244442222222222222222222222222222221240222224222222222222222222222222222222222222222222222222222222222222222222222222222222020040440000001400000014000000140000001400000014000000_TBasePassPSFCachedPointIndirectLightingPolicySkylight8B95D470BB4BF92A5C22A48B60B9DA18A2BE42522144224222222222222222222222224222222222222222222222222222222222222222222424444444440222222222222222222222244442222222222222222222222222222221240222224222222222222222222222222222222222222222222222222222222222202004044001400000014000000140000001400000014000000_TBasePassPSFSelfShadowedTranslucencyPolicySkylight8B95D470BB4BF92A5C22A48B60B9DA18A2BE425223242242222222222222222222222242222222222222222222222222222222222222222224244444444402222222222222222222222444422222222222222222222222222222212402222222222222222222222222222222222222222222222222222222222222222222222222222222222020040441400000014000000140000001400000014000000_TDistortionMeshVS$3cFDistortMeshAccumulatePolicy$3e9CB0FF9E20B6CE097FCCB6E5962A01451FA7BF82152422422222222222222222222222422222222222222222222222222222222222222222242444444444022222222222222222222224444222222222222222222222222222222124022020040441400000014000000140000001400000014000000_TDistortionMeshPS$3cFDistortMeshAccumulatePolicy$3e62A552CB2488D622FE8D556CBC1643226F87BA8D15542242222222222222222222222242222222222222222222222222222222222222222224244444444402222222222222222222222444422222222222222222222222222222212402222220000440400001400000014000000140000001400000014000000_TBasePassVSFCachedPointIndirectLightingPolicy8B18AAF8F9198748E9489BA6EBEFA581D907D7CD2094224222222222222222222222224222222222222222222222222222222222222222222424444444440222222222222222222222244442222222222222222222222222222221240222224222222222222222222222222222222222222222222222222222222000044040000001400000014000000140000001400000014000000_TBasePassPSFCachedPointIndirectLightingPolicy8B95D470BB4BF92A5C22A48B60B9DA18A2BE42522144224222222222222222222222224222222222222222222222222222222222222222222424444444440222222222222222222222244442222222222222222222222222222221240222224222222222222222222222222222222222222222222222222222222222202004044001400000014000000140000001400000014000000_TBasePassVSFNoLightMapPolicyAtmosphericFog8B18AAF8F9198748E9489BA6EBEFA581D907D7CD2094224222222222222222222222224222222222222222222222222222222222222222222424444444440222222222222222222222244442222222222222222222222222222221240222224222222222222222222222222222222222222222222222222222222000044040000001400000014000000140000001400000014000000_TBasePassPSFSelfShadowedTranslucencyPolicy8B95D470BB4BF92A5C22A48B60B9DA18A2BE425223242242222222222222222222222242222222222222222222222222222222222222222224244444444402222222222222222222222444422222222222222222222222222222212402222222222222222222222222222222222222222222222222222222222222222222222222222222222020040441400000014000000140000001400000014000000_TBasePassPSFNoLightMapPolicySkylight8B95D470BB4BF92A5C22A48B60B9DA18A2BE42522144224222222222222222222222224222222222222222222222222222222222222222222424444444440222222222222222222222244442222222222222222222222222222221240222224222222222222222222222222222222222222222222222222222222222202004044001400000014000000140000001400000014000000_TBasePassVSFNoLightMapPolicy8B18AAF8F9198748E9489BA6EBEFA581D907D7CD2094224222222222222222222222224222222222222222222222222222222222222222222424444444440222222222222222222222244442222222222222222222222222222221240222224222222222222222222222222222222222222222222222222222222000044040000001400000014000000140000001400000014000000_TBasePassPSFNoLightMapPolicy8B95D470BB4BF92A5C22A48B60B9DA18A2BE42522144224222222222222222222222224222222222222222222222222222222222222222222424444444440222222222222222222222244442222222222222222222222222222221240222224222222222222222222222222222222222222222222222222222222222202004044001400000014000000140000001400000014000000_FHitProxyVS5C0034ED3664D7841C91925A723592E72A2B36DA152422422222222222222222222222422222222222222222222222222222222222222222242444444444022222222222222222222224444222222222222222222222222222222124022020040441400000014000000140000001400000014000000_FHitProxyPS4C4A0D45A86AB444F719FBBE7F5185DFF305E7E115542242222222222222222222222242222222222222222222222222222222222222222224244444444402222222222222222222222444422222222222222222222222222222212402222220000440400001400000014000000140000001400000014000000_FLocalVertexFactory5897CEF715AB93237703E35F9ABEBB43E8E477D34224200000000058000040404040404040404040434343444443434343404040404040404040404343434040404044040404040404040404040404343434444434343434040404040404040404043434340404016101010101000424244444444444444424141414341414141413131414141444341444044444444444444414141414141414141434143414141414141414141414131314444414241444444414101010004443414341414141444444434341434444444404444444444444444444444444444444444444444444444444444444444444444444444444404010101010101010101010101010101010101010101010101210443434343444144444444444444440101010101010101010101010101301434143424141414244414130331313141444444440000250000001000000010000000100000001000000010000000100000001000000010000000100000001000000010000000100000001000000010000000100000001000000010000000100000001000000010000000100000001000000010000000100000001000000025000000100000001000000010000000100000001000000010000000100000001000000010000000100000001000000010000000100000001000000010000000100000001000000010000000100000001000000010000000100000001000000010000000100000000800000008000000080000000800000008000000080000004900000010000000090000000800000010000000100000001000000026000000180000000900000009000000090000000900000009000000090000000900000009000000090000000900000009000000090000000900000009000000090000000900000009000000090000000800000008000000080000000800000008000000080000001C00000009000000090000000900000009000000090000000900000009000000080000000800000008000000080000000800000008000000080000000D000000080000009D42F93063E3B2056828859621189F45327E14190000000000000000000000000000000000000000, ShaderCompilation=2161.290039, RunGuid=RunID1C79A73A414D7D2E6B3A949852008D6F
MaterialTransactionId04AE25EE4E751E9E8AA277B012337D32_14, CacheKey=MATSM_4F0644619F9C48FF91E0D494C95EB050_PCD3D_SM5_5__BC5N_DEV_SL_NoDBuf_EARLYZ320395B084FB4E368314DFEA73C442992_Num_SM5__0_96872B424096FD7E643536BE214F7ABACAA34A9F4DF141F6D75401AA74CE51A5__TBasePassVSFSelfShadowedCachedPointIndirectLightingPolicyAtmosphericFog8B18AAF8F9198748E9489BA6EBEFA581D907D7CD20742242222222222222222222222242222222222222222222222222222222222222222224244444444402222222222222222222222444422222222222222222222222222222212402222222222222222222222222222222222222222222222222222222222000044041400000014000000140000001400000014000000_TTranslucencyShadowDepthVS$3cTranslucencyShadowDepth_PerspectiveCorrect$3eB2ED60FC848F36391CA491DD657E375A4A5BCC631614224222222222222222222222224222222222222222222222222222222222222222222424444444440222222222222222222222244442222222222222222222222222222221240222222222222000044040000001400000014000000140000001400000014000000_TTranslucencyShadowDepthPS$3cTranslucencyShadowDepth_PerspectiveCorrect$3eB2ED60FC848F36391CA491DD657E375A4A5BCC631664224222222222222222222222224222222222222222222222222222222222222222222424444444440222222222222222222222244442222222222222222222222222222221240222222222222222202004044001400000014000000140000001400000014000000_TBasePassPSFSelfShadowedCachedPointIndirectLightingPolicySkylight8B95D470BB4BF92A5C22A48B60B9DA18A2BE42522344224222222222222222222222224222222222222222222222222222222222222222222424444444440222222222222222222222244442222222222222222222222222222221240222224222222222222222222222222222222222222222222222222222222222222222222222222222222020040440000001400000014000000140000001400000014000000_TTranslucencyShadowDepthVS$3cTranslucencyShadowDepth_Standard$3eB2ED60FC848F36391CA491DD657E375A4A5BCC631614224222222222222222222222224222222222222222222222222222222222222222222424444444440222222222222222222222244442222222222222222222222222222221240222222222222000044040000001400000014000000140000001400000014000000_TTranslucencyShadowDepthPS$3cTranslucencyShadowDepth_Standard$3eB2ED60FC848F36391CA491DD657E375A4A5BCC631664224222222222222222222222224222222222222222222222222222222222222222222424444444440222222222222222222222244442222222222222222222222222222221240222222222222222202004044001400000014000000140000001400000014000000_TBasePassVSFCachedPointIndirectLightingPolicyAtmosphericFog8B18AAF8F9198748E9489BA6EBEFA581D907D7CD2094224222222222222222222222224222222222222222222222222222222222222222222424444444440222222222222222222222244442222222222222222222222222222221240222224222222222222222222222222222222222222222222222222222222000044040000001400000014000000140000001400000014000000_TBasePassVSFSelfShadowedCachedPointIndirectLightingPolicy8B18AAF8F9198748E9489BA6EBEFA581D907D7CD20742242222222222222222222222242222222222222222222222222222222222222222224244444444402222222222222222222222444422222222222222222222222222222212402222222222222222222222222222222222222222222222222222222222000044041400000014000000140000001400000014000000_TBasePassPSFSelfShadowedCachedPointIndirectLightingPolicy8B95D470BB4BF92A5C22A48B60B9DA18A2BE42522344224222222222222222222222224222222222222222222222222222222222222222222424444444440222222222222222222222244442222222222222222222222222222221240222224222222222222222222222222222222222222222222222222222222222222222222222222222222020040440000001400000014000000140000001400000014000000_TBasePassPSFCachedPointIndirectLightingPolicySkylight8B95D470BB4BF92A5C22A48B60B9DA18A2BE42522144224222222222222222222222224222222222222222222222222222222222222222222424444444440222222222222222222222244442222222222222222222222222222221240222224222222222222222222222222222222222222222222222222222222222202004044001400000014000000140000001400000014000000_TBasePassPSFSelfShadowedTranslucencyPolicySkylight8B95D470BB4BF92A5C22A48B60B9DA18A2BE425223242242222222222222222222222242222222222222222222222222222222222222222224244444444402222222222222222222222444422222222222222222222222222222212402222222222222222222222222222222222222222222222222222222222222222222222222222222222020040441400000014000000140000001400000014000000_TDistortionMeshVS$3cFDistortMeshAccumulatePolicy$3e9CB0FF9E20B6CE097FCCB6E5962A01451FA7BF82152422422222222222222222222222422222222222222222222222222222222222222222242444444444022222222222222222222224444222222222222222222222222222222124022020040441400000014000000140000001400000014000000_TDistortionMeshPS$3cFDistortMeshAccumulatePolicy$3e62A552CB2488D622FE8D556CBC1643226F87BA8D15542242222222222222222222222242222222222222222222222222222222222222222224244444444402222222222222222222222444422222222222222222222222222222212402222220000440400001400000014000000140000001400000014000000_TBasePassVSFCachedPointIndirectLightingPolicy8B18AAF8F9198748E9489BA6EBEFA581D907D7CD2094224222222222222222222222224222222222222222222222222222222222222222222424444444440222222222222222222222244442222222222222222222222222222221240222224222222222222222222222222222222222222222222222222222222000044040000001400000014000000140000001400000014000000_TBasePassPSFCachedPointIndirectLightingPolicy8B95D470BB4BF92A5C22A48B60B9DA18A2BE42522144224222222222222222222222224222222222222222222222222222222222222222222424444444440222222222222222222222244442222222222222222222222222222221240222224222222222222222222222222222222222222222222222222222222222202004044001400000014000000140000001400000014000000_TBasePassVSFNoLightMapPolicyAtmosphericFog8B18AAF8F9198748E9489BA6EBEFA581D907D7CD2094224222222222222222222222224222222222222222222222222222222222222222222424444444440222222222222222222222244442222222222222222222222222222221240222224222222222222222222222222222222222222222222222222222222000044040000001400000014000000140000001400000014000000_TBasePassPSFSelfShadowedTranslucencyPolicy8B95D470BB4BF92A5C22A48B60B9DA18A2BE425223242242222222222222222222222242222222222222222222222222222222222222222224244444444402222222222222222222222444422222222222222222222222222222212402222222222222222222222222222222222222222222222222222222222222222222222222222222222020040441400000014000000140000001400000014000000_TBasePassPSFNoLightMapPolicySkylight8B95D470BB4BF92A5C22A48B60B9DA18A2BE42522144224222222222222222222222224222222222222222222222222222222222222222222424444444440222222222222222222222244442222222222222222222222222222221240222224222222222222222222222222222222222222222222222222222222222202004044001400000014000000140000001400000014000000_TBasePassVSFNoLightMapPolicy8B18AAF8F9198748E9489BA6EBEFA581D907D7CD2094224222222222222222222222224222222222222222222222222222222222222222222424444444440222222222222222222222244442222222222222222222222222222221240222224222222222222222222222222222222222222222222222222222222000044040000001400000014000000140000001400000014000000_TBasePassPSFNoLightMapPolicy8B95D470BB4BF92A5C22A48B60B9DA18A2BE42522144224222222222222222222222224222222222222222222222222222222222222222222424444444440222222222222222222222244442222222222222222222222222222221240222224222222222222222222222222222222222222222222222222222222222202004044001400000014000000140000001400000014000000_FHitProxyVS5C0034ED3664D7841C91925A723592E72A2B36DA152422422222222222222222222222422222222222222222222222222222222222222222242444444444022222222222222222222224444222222222222222222222222222222124022020040441400000014000000140000001400000014000000_FHitProxyPS4C4A0D45A86AB444F719FBBE7F5185DFF305E7E115542242222222222222222222222242222222222222222222222222222222222222222224244444444402222222222222222222222444422222222222222222222222222222212402222220000440400001400000014000000140000001400000014000000_FLocalVertexFactory5897CEF715AB93237703E35F9ABEBB43E8E477D34224200000000058000040404040404040404040434343444443434343404040404040404040404343434040404044040404040404040404040404343434444434343434040404040404040404043434340404016101010101000424244444444444444424141414341414141413131414141444341444044444444444444414141414141414141434143414141414141414141414131314444414241444444414101010004443414341414141444444434341434444444404444444444444444444444444444444444444444444444444444444444444444444444444404010101010101010101010101010101010101010101010101210443434343444144444444444444440101010101010101010101010101301434143424141414244414130331313141444444440000250000001000000010000000100000001000000010000000100000001000000010000000100000001000000010000000100000001000000010000000100000001000000010000000100000001000000010000000100000001000000010000000100000001000000025000000100000001000000010000000100000001000000010000000100000001000000010000000100000001000000010000000100000001000000010000000100000001000000010000000100000001000000010000000100000001000000010000000100000000800000008000000080000000800000008000000080000004900000010000000090000000800000010000000100000001000000026000000180000000900000009000000090000000900000009000000090000000900000009000000090000000900000009000000090000000900000009000000090000000900000009000000090000000800000008000000080000000800000008000000080000001C00000009000000090000000900000009000000090000000900000009000000080000000800000008000000080000000800000008000000080000000D000000080000009D42F93063E3B2056828859621189F45327E14190000000000000000000000000000000000000000, ShaderCompilation=8901.272461, RunGuid=RunID1C79A73A414D7D2E6B3A949852008D6F
MaterialTransactionId04AE25EE4E751E9E8AA277B012337D32_15, CacheKey=MATSM_4F0644619F9C48FF91E0D494C95EB050_PCD3D_SM5_5__BC5N_DEV_SL_NoDBuf_EARLYZ30A671A0F44878640665B38BC2D8A556D_Num_SM5__0_96872B424096FD7E643536BE214F7ABACAA34A9F4DF141F6D75401AA74CE51A5__TBasePassVSFSelfShadowedCachedPointIndirectLightingPolicyAtmosphericFog8B18AAF8F9198748E9489BA6EBEFA581D907D7CD20742242222222222222222222222242222222222222222222222222222222222222222224244444444402222222222222222222222444422222222222222222222222222222212402222222222222222222222222222222222222222222222222222222222000044041400000014000000140000001400000014000000_TTranslucencyShadowDepthVS$3cTranslucencyShadowDepth_PerspectiveCorrect$3eB2ED60FC848F36391CA491DD657E375A4A5BCC631614224222222222222222222222224222222222222222222222222222222222222222222424444444440222222222222222222222244442222222222222222222222222222221240222222222222000044040000001400000014000000140000001400000014000000_TTranslucencyShadowDepthPS$3cTranslucencyShadowDepth_PerspectiveCorrect$3eB2ED60FC848F36391CA491DD657E375A4A5BCC631664224222222222222222222222224222222222222222222222222222222222222222222424444444440222222222222222222222244442222222222222222222222222222221240222222222222222202004044001400000014000000140000001400000014000000_TBasePassPSFSelfShadowedCachedPointIndirectLightingPolicySkylight8B95D470BB4BF92A5C22A48B60B9DA18A2BE42522344224222222222222222222222224222222222222222222222222222222222222222222424444444440222222222222222222222244442222222222222222222222222222221240222224222222222222222222222222222222222222222222222222222222222222222222222222222222020040440000001400000014000000140000001400000014000000_TTranslucencyShadowDepthVS$3cTranslucencyShadowDepth_Standard$3eB2ED60FC848F36391CA491DD657E375A4A5BCC631614224222222222222222222222224222222222222222222222222222222222222222222424444444440222222222222222222222244442222222222222222222222222222221240222222222222000044040000001400000014000000140000001400000014000000_TTranslucencyShadowDepthPS$3cTranslucencyShadowDepth_Standard$3eB2ED60FC848F36391CA491DD657E375A4A5BCC631664224222222222222222222222224222222222222222222222222222222222222222222424444444440222222222222222222222244442222222222222222222222222222221240222222222222222202004044001400000014000000140000001400000014000000_TBasePassVSFCachedPointIndirectLightingPolicyAtmosphericFog8B18AAF8F9198748E9489BA6EBEFA581D907D7CD2094224222222222222222222222224222222222222222222222222222222222222222222424444444440222222222222222222222244442222222222222222222222222222221240222224222222222222222222222222222222222222222222222222222222000044040000001400000014000000140000001400000014000000_TBasePassVSFSelfShadowedCachedPointIndirectLightingPolicy8B18AAF8F9198748E9489BA6EBEFA581D907D7CD20742242222222222222222222222242222222222222222222222222222222222222222224244444444402222222222222222222222444422222222222222222222222222222212402222222222222222222222222222222222222222222222222222222222000044041400000014000000140000001400000014000000_TBasePassPSFSelfShadowedCachedPointIndirectLightingPolicy8B95D470BB4BF92A5C22A48B60B9DA18A2BE42522344224222222222222222222222224222222222222222222222222222222222222222222424444444440222222222222222222222244442222222222222222222222222222221240222224222222222222222222222222222222222222222222222222222222222222222222222222222222020040440000001400000014000000140000001400000014000000_TBasePassPSFCachedPointIndirectLightingPolicySkylight8B95D470BB4BF92A5C22A48B60B9DA18A2BE42522144224222222222222222222222224222222222222222222222222222222222222222222424444444440222222222222222222222244442222222222222222222222222222221240222224222222222222222222222222222222222222222222222222222222222202004044001400000014000000140000001400000014000000_TBasePassPSFSelfShadowedTranslucencyPolicySkylight8B95D470BB4BF92A5C22A48B60B9DA18A2BE425223242242222222222222222222222242222222222222222222222222222222222222222224244444444402222222222222222222222444422222222222222222222222222222212402222222222222222222222222222222222222222222222222222222222222222222222222222222222020040441400000014000000140000001400000014000000_TDistortionMeshVS$3cFDistortMeshAccumulatePolicy$3e9CB0FF9E20B6CE097FCCB6E5962A01451FA7BF82152422422222222222222222222222422222222222222222222222222222222222222222242444444444022222222222222222222224444222222222222222222222222222222124022020040441400000014000000140000001400000014000000_TDistortionMeshPS$3cFDistortMeshAccumulatePolicy$3e62A552CB2488D622FE8D556CBC1643226F87BA8D15542242222222222222222222222242222222222222222222222222222222222222222224244444444402222222222222222222222444422222222222222222222222222222212402222220000440400001400000014000000140000001400000014000000_TBasePassVSFCachedPointIndirectLightingPolicy8B18AAF8F9198748E9489BA6EBEFA581D907D7CD2094224222222222222222222222224222222222222222222222222222222222222222222424444444440222222222222222222222244442222222222222222222222222222221240222224222222222222222222222222222222222222222222222222222222000044040000001400000014000000140000001400000014000000_TBasePassPSFCachedPointIndirectLightingPolicy8B95D470BB4BF92A5C22A48B60B9DA18A2BE42522144224222222222222222222222224222222222222222222222222222222222222222222424444444440222222222222222222222244442222222222222222222222222222221240222224222222222222222222222222222222222222222222222222222222222202004044001400000014000000140000001400000014000000_TBasePassVSFNoLightMapPolicyAtmosphericFog8B18AAF8F9198748E9489BA6EBEFA581D907D7CD2094224222222222222222222222224222222222222222222222222222222222222222222424444444440222222222222222222222244442222222222222222222222222222221240222224222222222222222222222222222222222222222222222222222222000044040000001400000014000000140000001400000014000000_TBasePassPSFSelfShadowedTranslucencyPolicy8B95D470BB4BF92A5C22A48B60B9DA18A2BE425223242242222222222222222222222242222222222222222222222222222222222222222224244444444402222222222222222222222444422222222222222222222222222222212402222222222222222222222222222222222222222222222222222222222222222222222222222222222020040441400000014000000140000001400000014000000_TBasePassPSFNoLightMapPolicySkylight8B95D470BB4BF92A5C22A48B60B9DA18A2BE42522144224222222222222222222222224222222222222222222222222222222222222222222424444444440222222222222222222222244442222222222222222222222222222221240222224222222222222222222222222222222222222222222222222222222222202004044001400000014000000140000001400000014000000_TBasePassVSFNoLightMapPolicy8B18AAF8F9198748E9489BA6EBEFA581D907D7CD2094224222222222222222222222224222222222222222222222222222222222222222222424444444440222222222222222222222244442222222222222222222222222222221240222224222222222222222222222222222222222222222222222222222222000044040000001400000014000000140000001400000014000000_TBasePassPSFNoLightMapPolicy8B95D470BB4BF92A5C22A48B60B9DA18A2BE42522144224222222222222222222222224222222222222222222222222222222222222222222424444444440222222222222222222222244442222222222222222222222222222221240222224222222222222222222222222222222222222222222222222222222222202004044001400000014000000140000001400000014000000_FHitProxyVS5C0034ED3664D7841C91925A723592E72A2B36DA152422422222222222222222222222422222222222222222222222222222222222222222242444444444022222222222222222222224444222222222222222222222222222222124022020040441400000014000000140000001400000014000000_FHitProxyPS4C4A0D45A86AB444F719FBBE7F5185DFF305E7E115542242222222222222222222222242222222222222222222222222222222222222222224244444444402222222222222222222222444422222222222222222222222222222212402222220000440400001400000014000000140000001400000014000000_FLocalVertexFactory5897CEF715AB93237703E35F9ABEBB43E8E477D34224200000000058000040404040404040404040434343444443434343404040404040404040404343434040404044040404040404040404040404343434444434343434040404040404040404043434340404016101010101000424244444444444444424141414341414141413131414141444341444044444444444444414141414141414141434143414141414141414141414131314444414241444444414101010004443414341414141444444434341434444444404444444444444444444444444444444444444444444444444444444444444444444444444404010101010101010101010101010101010101010101010101210443434343444144444444444444440101010101010101010101010101301434143424141414244414130331313141444444440000250000001000000010000000100000001000000010000000100000001000000010000000100000001000000010000000100000001000000010000000100000001000000010000000100000001000000010000000100000001000000010000000100000001000000025000000100000001000000010000000100000001000000010000000100000001000000010000000100000001000000010000000100000001000000010000000100000001000000010000000100000001000000010000000100000001000000010000000100000000800000008000000080000000800000008000000080000004900000010000000090000000800000010000000100000001000000026000000180000000900000009000000090000000900000009000000090000000900000009000000090000000900000009000000090000000900000009000000090000000900000009000000090000000800000008000000080000000800000008000000080000001C00000009000000090000000900000009000000090000000900000009000000080000000800000008000000080000000800000008000000080000000D000000080000009D42F93063E3B2056828859621189F45327E14190000000000000000000000000000000000000000, ShaderCompilation=33245.914063, RunGuid=RunID1C79A73A414D7D2E6B3A949852008D6F
MaterialTransactionId04AE25EE4E751E9E8AA277B012337D32_16, CacheKey=MATSM_4F0644619F9C48FF91E0D494C95EB050_PCD3D_SM5_5__BC5N_DEV_SL_NoDBuf_EARLYZ3E803B4AD4B9D5FC6FD924683076FE3F1_Num_SM5__0_96872B424096FD7E643536BE214F7ABACAA34A9F4DF141F6D75401AA74CE51A5__TBasePassVSFSelfShadowedCachedPointIndirectLightingPolicyAtmosphericFog8B18AAF8F9198748E9489BA6EBEFA581D907D7CD20742242222222222222222222222242222222222222222222222222222222222222222224244444444402222222222222222222222444422222222222222222222222222222212402222222222222222222222222222222222222222222222222222222222000044041400000014000000140000001400000014000000_TTranslucencyShadowDepthVS$3cTranslucencyShadowDepth_PerspectiveCorrect$3eB2ED60FC848F36391CA491DD657E375A4A5BCC631614224222222222222222222222224222222222222222222222222222222222222222222424444444440222222222222222222222244442222222222222222222222222222221240222222222222000044040000001400000014000000140000001400000014000000_TTranslucencyShadowDepthPS$3cTranslucencyShadowDepth_PerspectiveCorrect$3eB2ED60FC848F36391CA491DD657E375A4A5BCC631664224222222222222222222222224222222222222222222222222222222222222222222424444444440222222222222222222222244442222222222222222222222222222221240222222222222222202004044001400000014000000140000001400000014000000_TBasePassPSFSelfShadowedCachedPointIndirectLightingPolicySkylight8B95D470BB4BF92A5C22A48B60B9DA18A2BE42522344224222222222222222222222224222222222222222222222222222222222222222222424444444440222222222222222222222244442222222222222222222222222222221240222224222222222222222222222222222222222222222222222222222222222222222222222222222222020040440000001400000014000000140000001400000014000000_TTranslucencyShadowDepthVS$3cTranslucencyShadowDepth_Standard$3eB2ED60FC848F36391CA491DD657E375A4A5BCC631614224222222222222222222222224222222222222222222222222222222222222222222424444444440222222222222222222222244442222222222222222222222222222221240222222222222000044040000001400000014000000140000001400000014000000_TTranslucencyShadowDepthPS$3cTranslucencyShadowDepth_Standard$3eB2ED60FC848F36391CA491DD657E375A4A5BCC631664224222222222222222222222224222222222222222222222222222222222222222222424444444440222222222222222222222244442222222222222222222222222222221240222222222222222202004044001400000014000000140000001400000014000000_TBasePassVSFCachedPointIndirectLightingPolicyAtmosphericFog8B18AAF8F9198748E9489BA6EBEFA581D907D7CD2094224222222222222222222222224222222222222222222222222222222222222222222424444444440222222222222222222222244442222222222222222222222222222221240222224222222222222222222222222222222222222222222222222222222000044040000001400000014000000140000001400000014000000_TBasePassVSFSelfShadowedCachedPointIndirectLightingPolicy8B18AAF8F9198748E9489BA6EBEFA581D907D7CD20742242222222222222222222222242222222222222222222222222222222222222222224244444444402222222222222222222222444422222222222222222222222222222212402222222222222222222222222222222222222222222222222222222222000044041400000014000000140000001400000014000000_TBasePassPSFSelfShadowedCachedPointIndirectLightingPolicy8B95D470BB4BF92A5C22A48B60B9DA18A2BE42522344224222222222222222222222224222222222222222222222222222222222222222222424444444440222222222222222222222244442222222222222222222222222222221240222224222222222222222222222222222222222222222222222222222222222222222222222222222222020040440000001400000014000000140000001400000014000000_TBasePassPSFCachedPointIndirectLightingPolicySkylight8B95D470BB4BF92A5C22A48B60B9DA18A2BE42522144224222222222222222222222224222222222222222222222222222222222222222222424444444440222222222222222222222244442222222222222222222222222222221240222224222222222222222222222222222222222222222222222222222222222202004044001400000014000000140000001400000014000000_TBasePassPSFSelfShadowedTranslucencyPolicySkylight8B95D470BB4BF92A5C22A48B60B9DA18A2BE425223242242222222222222222222222242222222222222222222222222222222222222222224244444444402222222222222222222222444422222222222222222222222222222212402222222222222222222222222222222222222222222222222222222222222222222222222222222222020040441400000014000000140000001400000014000000_TDistortionMeshVS$3cFDistortMeshAccumulatePolicy$3e9CB0FF9E20B6CE097FCCB6E5962A01451FA7BF82152422422222222222222222222222422222222222222222222222222222222222222222242444444444022222222222222222222224444222222222222222222222222222222124022020040441400000014000000140000001400000014000000_TDistortionMeshPS$3cFDistortMeshAccumulatePolicy$3e62A552CB2488D622FE8D556CBC1643226F87BA8D15542242222222222222222222222242222222222222222222222222222222222222222224244444444402222222222222222222222444422222222222222222222222222222212402222220000440400001400000014000000140000001400000014000000_TBasePassVSFCachedPointIndirectLightingPolicy8B18AAF8F9198748E9489BA6EBEFA581D907D7CD2094224222222222222222222222224222222222222222222222222222222222222222222424444444440222222222222222222222244442222222222222222222222222222221240222224222222222222222222222222222222222222222222222222222222000044040000001400000014000000140000001400000014000000_TBasePassPSFCachedPointIndirectLightingPolicy8B95D470BB4BF92A5C22A48B60B9DA18A2BE42522144224222222222222222222222224222222222222222222222222222222222222222222424444444440222222222222222222222244442222222222222222222222222222221240222224222222222222222222222222222222222222222222222222222222222202004044001400000014000000140000001400000014000000_TBasePassVSFNoLightMapPolicyAtmosphericFog8B18AAF8F9198748E9489BA6EBEFA581D907D7CD2094224222222222222222222222224222222222222222222222222222222222222222222424444444440222222222222222222222244442222222222222222222222222222221240222224222222222222222222222222222222222222222222222222222222000044040000001400000014000000140000001400000014000000_TBasePassPSFSelfShadowedTranslucencyPolicy8B95D470BB4BF92A5C22A48B60B9DA18A2BE425223242242222222222222222222222242222222222222222222222222222222222222222224244444444402222222222222222222222444422222222222222222222222222222212402222222222222222222222222222222222222222222222222222222222222222222222222222222222020040441400000014000000140000001400000014000000_TBasePassPSFNoLightMapPolicySkylight8B95D470BB4BF92A5C22A48B60B9DA18A2BE42522144224222222222222222222222224222222222222222222222222222222222222222222424444444440222222222222222222222244442222222222222222222222222222221240222224222222222222222222222222222222222222222222222222222222222202004044001400000014000000140000001400000014000000_TBasePassVSFNoLightMapPolicy8B18AAF8F9198748E9489BA6EBEFA581D907D7CD2094224222222222222222222222224222222222222222222222222222222222222222222424444444440222222222222222222222244442222222222222222222222222222221240222224222222222222222222222222222222222222222222222222222222000044040000001400000014000000140000001400000014000000_TBasePassPSFNoLightMapPolicy8B95D470BB4BF92A5C22A48B60B9DA18A2BE42522144224222222222222222222222224222222222222222222222222222222222222222222424444444440222222222222222222222244442222222222222222222222222222221240222224222222222222222222222222222222222222222222222222222222222202004044001400000014000000140000001400000014000000_FHitProxyVS5C0034ED3664D7841C91925A723592E72A2B36DA152422422222222222222222222222422222222222222222222222222222222222222222242444444444022222222222222222222224444222222222222222222222222222222124022020040441400000014000000140000001400000014000000_FHitProxyPS4C4A0D45A86AB444F719FBBE7F5185DFF305E7E115542242222222222222222222222242222222222222222222222222222222222222222224244444444402222222222222222222222444422222222222222222222222222222212402222220000440400001400000014000000140000001400000014000000_FLocalVertexFactory5897CEF715AB93237703E35F9ABEBB43E8E477D34224200000000058000040404040404040404040434343444443434343404040404040404040404343434040404044040404040404040404040404343434444434343434040404040404040404043434340404016101010101000424244444444444444424141414341414141413131414141444341444044444444444444414141414141414141434143414141414141414141414131314444414241444444414101010004443414341414141444444434341434444444404444444444444444444444444444444444444444444444444444444444444444444444444404010101010101010101010101010101010101010101010101210443434343444144444444444444440101010101010101010101010101301434143424141414244414130331313141444444440000250000001000000010000000100000001000000010000000100000001000000010000000100000001000000010000000100000001000000010000000100000001000000010000000100000001000000010000000100000001000000010000000100000001000000025000000100000001000000010000000100000001000000010000000100000001000000010000000100000001000000010000000100000001000000010000000100000001000000010000000100000001000000010000000100000001000000010000000100000000800000008000000080000000800000008000000080000004900000010000000090000000800000010000000100000001000000026000000180000000900000009000000090000000900000009000000090000000900000009000000090000000900000009000000090000000900000009000000090000000900000009000000090000000800000008000000080000000800000008000000080000001C00000009000000090000000900000009000000090000000900000009000000080000000800000008000000080000000800000008000000080000000D000000080000009D42F93063E3B2056828859621189F45327E14190000000000000000000000000000000000000000, ShaderCompilation=30283.185547, RunGuid=RunID1C79A73A414D7D2E6B3A949852008D6F
MaterialTransactionId04AE25EE4E751E9E8AA277B012337D32_17, CacheKey=MATSM_4F0644619F9C48FF91E0D494C95EB050_PCD3D_SM5_5__BC5N_DEV_SL_NoDBuf_EARLYZ3BC5A387D4368CA428612ADA69612C7BE_Num_SM5__0_96872B424096FD7E643536BE214F7ABACAA34A9F4DF141F6D75401AA74CE51A5__TBasePassVSFSelfShadowedCachedPointIndirectLightingPolicyAtmosphericFog8B18AAF8F9198748E9489BA6EBEFA581D907D7CD20742242222222222222222222222242222222222222222222222222222222222222222224244444444402222222222222222222222444422222222222222222222222222222212402222222222222222222222222222222222222222222222222222222222000044041400000014000000140000001400000014000000_TTranslucencyShadowDepthVS$3cTranslucencyShadowDepth_PerspectiveCorrect$3eB2ED60FC848F36391CA491DD657E375A4A5BCC631614224222222222222222222222224222222222222222222222222222222222222222222424444444440222222222222222222222244442222222222222222222222222222221240222222222222000044040000001400000014000000140000001400000014000000_TTranslucencyShadowDepthPS$3cTranslucencyShadowDepth_PerspectiveCorrect$3eB2ED60FC848F36391CA491DD657E375A4A5BCC631664224222222222222222222222224222222222222222222222222222222222222222222424444444440222222222222222222222244442222222222222222222222222222221240222222222222222202004044001400000014000000140000001400000014000000_TBasePassPSFSelfShadowedCachedPointIndirectLightingPolicySkylight8B95D470BB4BF92A5C22A48B60B9DA18A2BE42522344224222222222222222222222224222222222222222222222222222222222222222222424444444440222222222222222222222244442222222222222222222222222222221240222224222222222222222222222222222222222222222222222222222222222222222222222222222222020040440000001400000014000000140000001400000014000000_TTranslucencyShadowDepthVS$3cTranslucencyShadowDepth_Standard$3eB2ED60FC848F36391CA491DD657E375A4A5BCC631614224222222222222222222222224222222222222222222222222222222222222222222424444444440222222222222222222222244442222222222222222222222222222221240222222222222000044040000001400000014000000140000001400000014000000_TTranslucencyShadowDepthPS$3cTranslucencyShadowDepth_Standard$3eB2ED60FC848F36391CA491DD657E375A4A5BCC631664224222222222222222222222224222222222222222222222222222222222222222222424444444440222222222222222222222244442222222222222222222222222222221240222222222222222202004044001400000014000000140000001400000014000000_TBasePassVSFCachedPointIndirectLightingPolicyAtmosphericFog8B18AAF8F9198748E9489BA6EBEFA581D907D7CD2094224222222222222222222222224222222222222222222222222222222222222222222424444444440222222222222222222222244442222222222222222222222222222221240222224222222222222222222222222222222222222222222222222222222000044040000001400000014000000140000001400000014000000_TBasePassVSFSelfShadowedCachedPointIndirectLightingPolicy8B18AAF8F9198748E9489BA6EBEFA581D907D7CD20742242222222222222222222222242222222222222222222222222222222222222222224244444444402222222222222222222222444422222222222222222222222222222212402222222222222222222222222222222222222222222222222222222222000044041400000014000000140000001400000014000000_TBasePassPSFSelfShadowedCachedPointIndirectLightingPolicy8B95D470BB4BF92A5C22A48B60B9DA18A2BE42522344224222222222222222222222224222222222222222222222222222222222222222222424444444440222222222222222222222244442222222222222222222222222222221240222224222222222222222222222222222222222222222222222222222222222222222222222222222222020040440000001400000014000000140000001400000014000000_TBasePassVSFSelfShadowedTranslucencyPolicyAtmosphericFog8B18AAF8F9198748E9489BA6EBEFA581D907D7CD20742242222222222222222222222242222222222222222222222222222222222222222224244444444402222222222222222222222444422222222222222222222222222222212402222222222222222222222222222222222222222222222222222222222000044041400000014000000140000001400000014000000_TBasePassVSFSimpleDynamicLightingPolicyAtmosphericFog8B18AAF8F9198748E9489BA6EBEFA581D907D7CD2094224222222222222222222222224222222222222222222222222222222222222222222424444444440222222222222222222222244442222222222222222222222222222221240222224222222222222222222222222222222222222222222222222222222000044040000001400000014000000140000001400000014000000_TBasePassPSFCachedPointIndirectLightingPolicySkylight8B95D470BB4BF92A5C22A48B60B9DA18A2BE42522144224222222222222222222222224222222222222222222222222222222222222222222424444444440222222222222222222222244442222222222222222222222222222221240222224222222222222222222222222222222222222222222222222222222222202004044001400000014000000140000001400000014000000_TBasePassPSFSelfShadowedTranslucencyPolicySkylight8B95D470BB4BF92A5C22A48B60B9DA18A2BE425223242242222222222222222222222242222222222222222222222222222222222222222224244444444402222222222222222222222444422222222222222222222222222222212402222222222222222222222222222222222222222222222222222222222222222222222222222222222020040441400000014000000140000001400000014000000_TDistortionMeshVS$3cFDistortMeshAccumulatePolicy$3e9CB0FF9E20B6CE097FCCB6E5962A01451FA7BF82152422422222222222222222222222422222222222222222222222222222222222222222242444444444022222222222222222222224444222222222222222222222222222222124022020040441400000014000000140000001400000014000000_TDistortionMeshPS$3cFDistortMeshAccumulatePolicy$3e62A552CB2488D622FE8D556CBC1643226F87BA8D15542242222222222222222222222242222222222222222222222222222222222222222224244444444402222222222222222222222444422222222222222222222222222222212402222220000440400001400000014000000140000001400000014000000_TBasePassPSFSimpleDynamicLightingPolicySkylight8B95D470BB4BF92A5C22A48B60B9DA18A2BE42522144224222222222222222222222224222222222222222222222222222222222222222222424444444440222222222222222222222244442222222222222222222222222222221240222224222222222222222222222222222222222222222222222222222222222202004044001400000014000000140000001400000014000000_TBasePassVSFCachedPointIndirectLightingPolicy8B18AAF8F9198748E9489BA6EBEFA581D907D7CD2094224222222222222222222222224222222222222222222222222222222222222222222424444444440222222222222222222222244442222222222222222222222222222221240222224222222222222222222222222222222222222222222222222222222000044040000001400000014000000140000001400000014000000_TBasePassPSFCachedPointIndirectLightingPolicy8B95D470BB4BF92A5C22A48B60B9DA18A2BE42522144224222222222222222222222224222222222222222222222222222222222222222222424444444440222222222222222222222244442222222222222222222222222222221240222224222222222222222222222222222222222222222222222222222222222202004044001400000014000000140000001400000014000000_TBasePassVSFSelfShadowedTranslucencyPolicy8B18AAF8F9198748E9489BA6EBEFA581D907D7CD20742242222222222222222222222242222222222222222222222222222222222222222224244444444402222222222222222222222444422222222222222222222222222222212402222222222222222222222222222222222222222222222222222222222000044041400000014000000140000001400000014000000_TBasePassVSFNoLightMapPolicyAtmosphericFog8B18AAF8F9198748E9489BA6EBEFA581D907D7CD2094224222222222222222222222224222222222222222222222222222222222222222222424444444440222222222222222222222244442222222222222222222222222222221240222224222222222222222222222222222222222222222222222222222222000044040000001400000014000000140000001400000014000000_TBasePassPSFSelfShadowedTranslucencyPolicy8B95D470BB4BF92A5C22A48B60B9DA18A2BE425223242242222222222222222222222242222222222222222222222222222222222222222224244444444402222222222222222222222444422222222222222222222222222222212402222222222222222222222222222222222222222222222222222222222222222222222222222222222020040441400000014000000140000001400000014000000_TBasePassVSFSimpleDynamicLightingPolicy8B18AAF8F9198748E9489BA6EBEFA581D907D7CD2094224222222222222222222222224222222222222222222222222222222222222222222424444444440222222222222222222222244442222222222222222222222222222221240222224222222222222222222222222222222222222222222222222222222000044040000001400000014000000140000001400000014000000_TBasePassPSFSimpleDynamicLightingPolicy8B95D470BB4BF92A5C22A48B60B9DA18A2BE42522144224222222222222222222222224222222222222222222222222222222222222222222424444444440222222222222222222222244442222222222222222222222222222221240222224222222222222222222222222222222222222222222222222222222222202004044001400000014000000140000001400000014000000_TBasePassPSFNoLightMapPolicySkylight8B95D470BB4BF92A5C22A48B60B9DA18A2BE42522144224222222222222222222222224222222222222222222222222222222222222222222424444444440222222222222222222222244442222222222222222222222222222221240222224222222222222222222222222222222222222222222222222222222222202004044001400000014000000140000001400000014000000_TBasePassVSFNoLightMapPolicy8B18AAF8F9198748E9489BA6EBEFA581D907D7CD2094224222222222222222222222224222222222222222222222222222222222222222222424444444440222222222222222222222244442222222222222222222222222222221240222224222222222222222222222222222222222222222222222222222222000044040000001400000014000000140000001400000014000000_TBasePassPSFNoLightMapPolicy8B95D470BB4BF92A5C22A48B60B9DA18A2BE42522144224222222222222222222222224222222222222222222222222222222222222222222424444444440222222222222222222222244442222222222222222222222222222221240222224222222222222222222222222222222222222222222222222222222222202004044001400000014000000140000001400000014000000_FEvaluateSurfelMaterialCS6258113C2EBBF117ED7778A8D1717F7C4F99C7B816742242222222222222222222222242222222222222222222222222222222222222222224244444444402222222222222222222222444422222222222222222222222222222222222222222222222222220000440414000000140000001400000014000000_FConvertToUniformMeshVSE7DF727A12438F2D529D6604B0B1C022849CCFEB152422422222222222222222222222422222222222222222222222222222222222222222242444444444022222222222222222222224444222222222222222222222222222222124022020040441400000014000000140000001400000014000000_FConvertToUniformMeshGSE7DF727A12438F2D529D6604B0B1C022849CCFEB152422422222222222222222222222422222222222222222222222222222222222222222242444444444022222222222222222222224444222222222222222222222222222222124022020040441400000014000000140000001400000014000000_FHitProxyVS5C0034ED3664D7841C91925A723592E72A2B36DA152422422222222222222222222222422222222222222222222222222222222222222222242444444444022222222222222222222224444222222222222222222222222222222124022020040441400000014000000140000001400000014000000_FHitProxyPS4C4A0D45A86AB444F719FBBE7F5185DFF305E7E115542242222222222222222222222242222222222222222222222222222222222222222224244444444402222222222222222222222444422222222222222222222222222222212402222220000440400001400000014000000140000001400000014000000_FLocalVertexFactory5897CEF715AB93237703E35F9ABEBB43E8E477D34224200000000058000040404040404040404040434343444443434343404040404040404040404343434040404044040404040404040404040404343434444434343434040404040404040404043434340404016101010101000424244444444444444424141414341414141413131414141444341444044444444444444414141414141414141434143414141414141414141414131314444414241444444414101010004443414341414141444444434341434444444404444444444444444444444444444444444444444444444444444444444444444444444444404010101010101010101010101010101010101010101010101210443434343444144444444444444440101010101010101010101010101301434143424141414244414130331313141444444440000250000001000000010000000100000001000000010000000100000001000000010000000100000001000000010000000100000001000000010000000100000001000000010000000100000001000000010000000100000001000000010000000100000001000000025000000100000001000000010000000100000001000000010000000100000001000000010000000100000001000000010000000100000001000000010000000100000001000000010000000100000001000000010000000100000001000000010000000100000000800000008000000080000000800000008000000080000004900000010000000090000000800000010000000100000001000000026000000180000000900000009000000090000000900000009000000090000000900000009000000090000000900000009000000090000000900000009000000090000000900000009000000090000000800000008000000080000000800000008000000080000001C00000009000000090000000900000009000000090000000900000009000000080000000800000008000000080000000800000008000000080000000D000000080000009D42F93063E3B2056828859621189F45327E14190000000000000000000000000000000000000000, RunGuid=RunID1C79A73A414D7D2E6B3A949852008D6F
MaterialTransactionId04AE25EE4E751E9E8AA277B012337D32_18, CacheKey=MATSM_4F0644619F9C48FF91E0D494C95EB050_PCD3D_SM5_5__BC5N_DEV_SL_NoDBuf_EARLYZ3D4CEFCCD42732364F95184BF2A1BF774_Num_SM5__0_96872B424096FD7E643536BE214F7ABACAA34A9F4DF141F6D75401AA74CE51A5__TBasePassVSFSelfShadowedCachedPointIndirectLightingPolicyAtmosphericFog8B18AAF8F9198748E9489BA6EBEFA581D907D7CD20742242222222222222222222222242222222222222222222222222222222222222222224244444444402222222222222222222222444422222222222222222222222222222212402222222222222222222222222222222222222222222222222222222222000044041400000014000000140000001400000014000000_TTranslucencyShadowDepthVS$3cTranslucencyShadowDepth_PerspectiveCorrect$3eB2ED60FC848F36391CA491DD657E375A4A5BCC631614224222222222222222222222224222222222222222222222222222222222222222222424444444440222222222222222222222244442222222222222222222222222222221240222222222222000044040000001400000014000000140000001400000014000000_TTranslucencyShadowDepthPS$3cTranslucencyShadowDepth_PerspectiveCorrect$3eB2ED60FC848F36391CA491DD657E375A4A5BCC631664224222222222222222222222224222222222222222222222222222222222222222222424444444440222222222222222222222244442222222222222222222222222222221240222222222222222202004044001400000014000000140000001400000014000000_TBasePassPSFSelfShadowedCachedPointIndirectLightingPolicySkylight8B95D470BB4BF92A5C22A48B60B9DA18A2BE42522344224222222222222222222222224222222222222222222222222222222222222222222424444444440222222222222222222222244442222222222222222222222222222221240222224222222222222222222222222222222222222222222222222222222222222222222222222222222020040440000001400000014000000140000001400000014000000_TTranslucencyShadowDepthVS$3cTranslucencyShadowDepth_Standard$3eB2ED60FC848F36391CA491DD657E375A4A5BCC631614224222222222222222222222224222222222222222222222222222222222222222222424444444440222222222222222222222244442222222222222222222222222222221240222222222222000044040000001400000014000000140000001400000014000000_TTranslucencyShadowDepthPS$3cTranslucencyShadowDepth_Standard$3eB2ED60FC848F36391CA491DD657E375A4A5BCC631664224222222222222222222222224222222222222222222222222222222222222222222424444444440222222222222222222222244442222222222222222222222222222221240222222222222222202004044001400000014000000140000001400000014000000_TBasePassVSFCachedPointIndirectLightingPolicyAtmosphericFog8B18AAF8F9198748E9489BA6EBEFA581D907D7CD2094224222222222222222222222224222222222222222222222222222222222222222222424444444440222222222222222222222244442222222222222222222222222222221240222224222222222222222222222222222222222222222222222222222222000044040000001400000014000000140000001400000014000000_TBasePassVSFSelfShadowedCachedPointIndirectLightingPolicy8B18AAF8F9198748E9489BA6EBEFA581D907D7CD20742242222222222222222222222242222222222222222222222222222222222222222224244444444402222222222222222222222444422222222222222222222222222222212402222222222222222222222222222222222222222222222222222222222000044041400000014000000140000001400000014000000_TBasePassPSFSelfShadowedCachedPointIndirectLightingPolicy8B95D470BB4BF92A5C22A48B60B9DA18A2BE42522344224222222222222222222222224222222222222222222222222222222222222222222424444444440222222222222222222222244442222222222222222222222222222221240222224222222222222222222222222222222222222222222222222222222222222222222222222222222020040440000001400000014000000140000001400000014000000_TBasePassVSFSelfShadowedTranslucencyPolicyAtmosphericFog8B18AAF8F9198748E9489BA6EBEFA581D907D7CD20742242222222222222222222222242222222222222222222222222222222222222222224244444444402222222222222222222222444422222222222222222222222222222212402222222222222222222222222222222222222222222222222222222222000044041400000014000000140000001400000014000000_TBasePassVSFSimpleDynamicLightingPolicyAtmosphericFog8B18AAF8F9198748E9489BA6EBEFA581D907D7CD2094224222222222222222222222224222222222222222222222222222222222222222222424444444440222222222222222222222244442222222222222222222222222222221240222224222222222222222222222222222222222222222222222222222222000044040000001400000014000000140000001400000014000000_TBasePassPSFCachedPointIndirectLightingPolicySkylight8B95D470BB4BF92A5C22A48B60B9DA18A2BE42522144224222222222222222222222224222222222222222222222222222222222222222222424444444440222222222222222222222244442222222222222222222222222222221240222224222222222222222222222222222222222222222222222222222222222202004044001400000014000000140000001400000014000000_TBasePassPSFSelfShadowedTranslucencyPolicySkylight8B95D470BB4BF92A5C22A48B60B9DA18A2BE425223242242222222222222222222222242222222222222222222222222222222222222222224244444444402222222222222222222222444422222222222222222222222222222212402222222222222222222222222222222222222222222222222222222222222222222222222222222222020040441400000014000000140000001400000014000000_TDistortionMeshVS$3cFDistortMeshAccumulatePolicy$3e9CB0FF9E20B6CE097FCCB6E5962A01451FA7BF82152422422222222222222222222222422222222222222222222222222222222222222222242444444444022222222222222222222224444222222222222222222222222222222124022020040441400000014000000140000001400000014000000_TDistortionMeshPS$3cFDistortMeshAccumulatePolicy$3e62A552CB2488D622FE8D556CBC1643226F87BA8D15542242222222222222222222222242222222222222222222222222222222222222222224244444444402222222222222222222222444422222222222222222222222222222212402222220000440400001400000014000000140000001400000014000000_TBasePassPSFSimpleDynamicLightingPolicySkylight8B95D470BB4BF92A5C22A48B60B9DA18A2BE42522144224222222222222222222222224222222222222222222222222222222222222222222424444444440222222222222222222222244442222222222222222222222222222221240222224222222222222222222222222222222222222222222222222222222222202004044001400000014000000140000001400000014000000_TBasePassVSFCachedPointIndirectLightingPolicy8B18AAF8F9198748E9489BA6EBEFA581D907D7CD2094224222222222222222222222224222222222222222222222222222222222222222222424444444440222222222222222222222244442222222222222222222222222222221240222224222222222222222222222222222222222222222222222222222222000044040000001400000014000000140000001400000014000000_TBasePassPSFCachedPointIndirectLightingPolicy8B95D470BB4BF92A5C22A48B60B9DA18A2BE42522144224222222222222222222222224222222222222222222222222222222222222222222424444444440222222222222222222222244442222222222222222222222222222221240222224222222222222222222222222222222222222222222222222222222222202004044001400000014000000140000001400000014000000_TBasePassVSFSelfShadowedTranslucencyPolicy8B18AAF8F9198748E9489BA6EBEFA581D907D7CD20742242222222222222222222222242222222222222222222222222222222222222222224244444444402222222222222222222222444422222222222222222222222222222212402222222222222222222222222222222222222222222222222222222222000044041400000014000000140000001400000014000000_TBasePassVSFNoLightMapPolicyAtmosphericFog8B18AAF8F9198748E9489BA6EBEFA581D907D7CD2094224222222222222222222222224222222222222222222222222222222222222222222424444444440222222222222222222222244442222222222222222222222222222221240222224222222222222222222222222222222222222222222222222222222000044040000001400000014000000140000001400000014000000_TBasePassPSFSelfShadowedTranslucencyPolicy8B95D470BB4BF92A5C22A48B60B9DA18A2BE425223242242222222222222222222222242222222222222222222222222222222222222222224244444444402222222222222222222222444422222222222222222222222222222212402222222222222222222222222222222222222222222222222222222222222222222222222222222222020040441400000014000000140000001400000014000000_TBasePassVSFSimpleDynamicLightingPolicy8B18AAF8F9198748E9489BA6EBEFA581D907D7CD2094224222222222222222222222224222222222222222222222222222222222222222222424444444440222222222222222222222244442222222222222222222222222222221240222224222222222222222222222222222222222222222222222222222222000044040000001400000014000000140000001400000014000000_TBasePassPSFSimpleDynamicLightingPolicy8B95D470BB4BF92A5C22A48B60B9DA18A2BE42522144224222222222222222222222224222222222222222222222222222222222222222222424444444440222222222222222222222244442222222222222222222222222222221240222224222222222222222222222222222222222222222222222222222222222202004044001400000014000000140000001400000014000000_TBasePassPSFNoLightMapPolicySkylight8B95D470BB4BF92A5C22A48B60B9DA18A2BE42522144224222222222222222222222224222222222222222222222222222222222222222222424444444440222222222222222222222244442222222222222222222222222222221240222224222222222222222222222222222222222222222222222222222222222202004044001400000014000000140000001400000014000000_TBasePassVSFNoLightMapPolicy8B18AAF8F9198748E9489BA6EBEFA581D907D7CD2094224222222222222222222222224222222222222222222222222222222222222222222424444444440222222222222222222222244442222222222222222222222222222221240222224222222222222222222222222222222222222222222222222222222000044040000001400000014000000140000001400000014000000_TBasePassPSFNoLightMapPolicy8B95D470BB4BF92A5C22A48B60B9DA18A2BE42522144224222222222222222222222224222222222222222222222222222222222222222222424444444440222222222222222222222244442222222222222222222222222222221240222224222222222222222222222222222222222222222222222222222222222202004044001400000014000000140000001400000014000000_FEvaluateSurfelMaterialCS6258113C2EBBF117ED7778A8D1717F7C4F99C7B816742242222222222222222222222242222222222222222222222222222222222222222224244444444402222222222222222222222444422222222222222222222222222222222222222222222222222220000440414000000140000001400000014000000_FConvertToUniformMeshVSE7DF727A12438F2D529D6604B0B1C022849CCFEB152422422222222222222222222222422222222222222222222222222222222222222222242444444444022222222222222222222224444222222222222222222222222222222124022020040441400000014000000140000001400000014000000_FConvertToUniformMeshGSE7DF727A12438F2D529D6604B0B1C022849CCFEB152422422222222222222222222222422222222222222222222222222222222222222222242444444444022222222222222222222224444222222222222222222222222222222124022020040441400000014000000140000001400000014000000_FHitProxyVS5C0034ED3664D7841C91925A723592E72A2B36DA152422422222222222222222222222422222222222222222222222222222222222222222242444444444022222222222222222222224444222222222222222222222222222222124022020040441400000014000000140000001400000014000000_FHitProxyPS4C4A0D45A86AB444F719FBBE7F5185DFF305E7E115542242222222222222222222222242222222222222222222222222222222222222222224244444444402222222222222222222222444422222222222222222222222222222212402222220000440400001400000014000000140000001400000014000000_FLocalVertexFactory5897CEF715AB93237703E35F9ABEBB43E8E477D34224200000000058000040404040404040404040434343444443434343404040404040404040404343434040404044040404040404040404040404343434444434343434040404040404040404043434340404016101010101000424244444444444444424141414341414141413131414141444341444044444444444444414141414141414141434143414141414141414141414131314444414241444444414101010004443414341414141444444434341434444444404444444444444444444444444444444444444444444444444444444444444444444444444404010101010101010101010101010101010101010101010101210443434343444144444444444444440101010101010101010101010101301434143424141414244414130331313141444444440000250000001000000010000000100000001000000010000000100000001000000010000000100000001000000010000000100000001000000010000000100000001000000010000000100000001000000010000000100000001000000010000000100000001000000025000000100000001000000010000000100000001000000010000000100000001000000010000000100000001000000010000000100000001000000010000000100000001000000010000000100000001000000010000000100000001000000010000000100000000800000008000000080000000800000008000000080000004900000010000000090000000800000010000000100000001000000026000000180000000900000009000000090000000900000009000000090000000900000009000000090000000900000009000000090000000900000009000000090000000900000009000000090000000800000008000000080000000800000008000000080000001C00000009000000090000000900000009000000090000000900000009000000080000000800000008000000080000000800000008000000080000000D000000080000009D42F93063E3B2056828859621189F45327E14190000000000000000000000000000000000000000, ShaderCompilation=30147.755859, RunGuid=RunID1C79A73A414D7D2E6B3A949852008D6F
DDCTransactionId01384B1C4332ED10C04FE18EC6345BDC_800, PutCachedData=, CacheKey=MATSM_4F0644619F9C48FF91E0D494C95EB050_PCD3D_SM5_5__BC5N_DEV_SL_NoDBuf_EARLYZ3__1537FC252FB2731EF267502EE5D21B9B16CBCFCA, StartTime=2016.04.01-22.43.58, HierarchicalDDC=, DataSize=299113, Duration=18.663336, RunGuid=RunID1C79A73A414D7D2E6B3A949852008D6F
SavePackageTransactionIdE87FE6A84A7D0821D6E89BA899C87880_7, Filename=U:/GitHub/Portsmouth/Portsmouth/Content/Water/water.uasset, AutoPackageBackupDelegate=5.716577, FlushAsyncLoading=0.009291, FlushStreamingFunc=0.101201, BlockTillAllRequestsFinished=0.006355, ResetLoadersForSaveUnMarkAllObjects=0.139821, TagPackageExports=0.418976, BeginCacheForCookedPlatformData=0.001956, SerializeImports=1.236402, GatherLocalizableTextData=5.950757, MarkNames=0.046443, SerializeSummary=0.021022, SerializeNames=0.216581, SerializeGatherableTextData=0.330977, BuildExportMap=0.189688, SortExportsNonSeekfree=0.343688, SortExportsSeekfreeConstructor=0.015158, SortExportsSeekfreeInner=1.902755, SortExportsSeekfree=0.005864, BuildDependencyMap=0.044003, SerializeImportMap=0.048403, SerializeExportMap=0.020042, SerializeDependencyMap=0.006843, SerializeStringAssetReferenceMap=0.003424, SaveThumbNailsAssetRegistryDataWorldLevelInfo=12.095113, SerializeExports=6.769646, SerializeBulkData=0.017598, MoveFile=6.828800, UnaccountedTime=1.591824, RunGuid=RunID1C79A73A414D7D2E6B3A949852008D6F
MaterialTransactionId04AE25EE4E751E9E8AA277B012337D32_19, CacheKey=MATSM_4F0644619F9C48FF91E0D494C95EB050_PCD3D_SM5_5__BC5N_DEV_SL_NoDBuf_EARLYZ39A6A173F4BBCF849026B6D912A81EC98_Num_SM5__0_96872B424096FD7E643536BE214F7ABACAA34A9F4DF141F6D75401AA74CE51A5__TBasePassVSFSelfShadowedCachedPointIndirectLightingPolicyAtmosphericFog8B18AAF8F9198748E9489BA6EBEFA581D907D7CD20742242222222222222222222222242222222222222222222222222222222222222222224244444444402222222222222222222222444422222222222222222222222222222212402222222222222222222222222222222222222222222222222222222222000044041400000014000000140000001400000014000000_TTranslucencyShadowDepthVS$3cTranslucencyShadowDepth_PerspectiveCorrect$3eB2ED60FC848F36391CA491DD657E375A4A5BCC631614224222222222222222222222224222222222222222222222222222222222222222222424444444440222222222222222222222244442222222222222222222222222222221240222222222222000044040000001400000014000000140000001400000014000000_TTranslucencyShadowDepthPS$3cTranslucencyShadowDepth_PerspectiveCorrect$3eB2ED60FC848F36391CA491DD657E375A4A5BCC631664224222222222222222222222224222222222222222222222222222222222222222222424444444440222222222222222222222244442222222222222222222222222222221240222222222222222202004044001400000014000000140000001400000014000000_TBasePassPSFSelfShadowedCachedPointIndirectLightingPolicySkylight8B95D470BB4BF92A5C22A48B60B9DA18A2BE42522344224222222222222222222222224222222222222222222222222222222222222222222424444444440222222222222222222222244442222222222222222222222222222221240222224222222222222222222222222222222222222222222222222222222222222222222222222222222020040440000001400000014000000140000001400000014000000_TTranslucencyShadowDepthVS$3cTranslucencyShadowDepth_Standard$3eB2ED60FC848F36391CA491DD657E375A4A5BCC631614224222222222222222222222224222222222222222222222222222222222222222222424444444440222222222222222222222244442222222222222222222222222222221240222222222222000044040000001400000014000000140000001400000014000000_TTranslucencyShadowDepthPS$3cTranslucencyShadowDepth_Standard$3eB2ED60FC848F36391CA491DD657E375A4A5BCC631664224222222222222222222222224222222222222222222222222222222222222222222424444444440222222222222222222222244442222222222222222222222222222221240222222222222222202004044001400000014000000140000001400000014000000_TBasePassVSFCachedPointIndirectLightingPolicyAtmosphericFog8B18AAF8F9198748E9489BA6EBEFA581D907D7CD2094224222222222222222222222224222222222222222222222222222222222222222222424444444440222222222222222222222244442222222222222222222222222222221240222224222222222222222222222222222222222222222222222222222222000044040000001400000014000000140000001400000014000000_TBasePassVSFSelfShadowedCachedPointIndirectLightingPolicy8B18AAF8F9198748E9489BA6EBEFA581D907D7CD20742242222222222222222222222242222222222222222222222222222222222222222224244444444402222222222222222222222444422222222222222222222222222222212402222222222222222222222222222222222222222222222222222222222000044041400000014000000140000001400000014000000_TBasePassPSFSelfShadowedCachedPointIndirectLightingPolicy8B95D470BB4BF92A5C22A48B60B9DA18A2BE42522344224222222222222222222222224222222222222222222222222222222222222222222424444444440222222222222222222222244442222222222222222222222222222221240222224222222222222222222222222222222222222222222222222222222222222222222222222222222020040440000001400000014000000140000001400000014000000_TBasePassPSFCachedPointIndirectLightingPolicySkylight8B95D470BB4BF92A5C22A48B60B9DA18A2BE42522144224222222222222222222222224222222222222222222222222222222222222222222424444444440222222222222222222222244442222222222222222222222222222221240222224222222222222222222222222222222222222222222222222222222222202004044001400000014000000140000001400000014000000_TBasePassPSFSelfShadowedTranslucencyPolicySkylight8B95D470BB4BF92A5C22A48B60B9DA18A2BE425223242242222222222222222222222242222222222222222222222222222222222222222224244444444402222222222222222222222444422222222222222222222222222222212402222222222222222222222222222222222222222222222222222222222222222222222222222222222020040441400000014000000140000001400000014000000_TDistortionMeshVS$3cFDistortMeshAccumulatePolicy$3e9CB0FF9E20B6CE097FCCB6E5962A01451FA7BF82152422422222222222222222222222422222222222222222222222222222222222222222242444444444022222222222222222222224444222222222222222222222222222222124022020040441400000014000000140000001400000014000000_TDistortionMeshPS$3cFDistortMeshAccumulatePolicy$3e62A552CB2488D622FE8D556CBC1643226F87BA8D15542242222222222222222222222242222222222222222222222222222222222222222224244444444402222222222222222222222444422222222222222222222222222222212402222220000440400001400000014000000140000001400000014000000_TBasePassVSFCachedPointIndirectLightingPolicy8B18AAF8F9198748E9489BA6EBEFA581D907D7CD2094224222222222222222222222224222222222222222222222222222222222222222222424444444440222222222222222222222244442222222222222222222222222222221240222224222222222222222222222222222222222222222222222222222222000044040000001400000014000000140000001400000014000000_TBasePassPSFCachedPointIndirectLightingPolicy8B95D470BB4BF92A5C22A48B60B9DA18A2BE42522144224222222222222222222222224222222222222222222222222222222222222222222424444444440222222222222222222222244442222222222222222222222222222221240222224222222222222222222222222222222222222222222222222222222222202004044001400000014000000140000001400000014000000_TBasePassVSFNoLightMapPolicyAtmosphericFog8B18AAF8F9198748E9489BA6EBEFA581D907D7CD2094224222222222222222222222224222222222222222222222222222222222222222222424444444440222222222222222222222244442222222222222222222222222222221240222224222222222222222222222222222222222222222222222222222222000044040000001400000014000000140000001400000014000000_TBasePassPSFSelfShadowedTranslucencyPolicy8B95D470BB4BF92A5C22A48B60B9DA18A2BE425223242242222222222222222222222242222222222222222222222222222222222222222224244444444402222222222222222222222444422222222222222222222222222222212402222222222222222222222222222222222222222222222222222222222222222222222222222222222020040441400000014000000140000001400000014000000_TBasePassPSFNoLightMapPolicySkylight8B95D470BB4BF92A5C22A48B60B9DA18A2BE42522144224222222222222222222222224222222222222222222222222222222222222222222424444444440222222222222222222222244442222222222222222222222222222221240222224222222222222222222222222222222222222222222222222222222222202004044001400000014000000140000001400000014000000_TBasePassVSFNoLightMapPolicy8B18AAF8F9198748E9489BA6EBEFA581D907D7CD2094224222222222222222222222224222222222222222222222222222222222222222222424444444440222222222222222222222244442222222222222222222222222222221240222224222222222222222222222222222222222222222222222222222222000044040000001400000014000000140000001400000014000000_TBasePassPSFNoLightMapPolicy8B95D470BB4BF92A5C22A48B60B9DA18A2BE42522144224222222222222222222222224222222222222222222222222222222222222222222424444444440222222222222222222222244442222222222222222222222222222221240222224222222222222222222222222222222222222222222222222222222222202004044001400000014000000140000001400000014000000_FHitProxyVS5C0034ED3664D7841C91925A723592E72A2B36DA152422422222222222222222222222422222222222222222222222222222222222222222242444444444022222222222222222222224444222222222222222222222222222222124022020040441400000014000000140000001400000014000000_FHitProxyPS4C4A0D45A86AB444F719FBBE7F5185DFF305E7E115542242222222222222222222222242222222222222222222222222222222222222222224244444444402222222222222222222222444422222222222222222222222222222212402222220000440400001400000014000000140000001400000014000000_FLocalVertexFactory5897CEF715AB93237703E35F9ABEBB43E8E477D34224200000000058000040404040404040404040434343444443434343404040404040404040404343434040404044040404040404040404040404343434444434343434040404040404040404043434340404016101010101000424244444444444444424141414341414141413131414141444341444044444444444444414141414141414141434143414141414141414141414131314444414241444444414101010004443414341414141444444434341434444444404444444444444444444444444444444444444444444444444444444444444444444444444404010101010101010101010101010101010101010101010101210443434343444144444444444444440101010101010101010101010101301434143424141414244414130331313141444444440000250000001000000010000000100000001000000010000000100000001000000010000000100000001000000010000000100000001000000010000000100000001000000010000000100000001000000010000000100000001000000010000000100000001000000025000000100000001000000010000000100000001000000010000000100000001000000010000000100000001000000010000000100000001000000010000000100000001000000010000000100000001000000010000000100000001000000010000000100000000800000008000000080000000800000008000000080000004900000010000000090000000800000010000000100000001000000026000000180000000900000009000000090000000900000009000000090000000900000009000000090000000900000009000000090000000900000009000000090000000900000009000000090000000800000008000000080000000800000008000000080000001C00000009000000090000000900000009000000090000000900000009000000080000000800000008000000080000000800000008000000080000000D000000080000009D42F93063E3B2056828859621189F45327E14190000000000000000000000000000000000000000, ShaderCompilation=12033.013672, RunGuid=RunID1C79A73A414D7D2E6B3A949852008D6F
MaterialTransactionId04AE25EE4E751E9E8AA277B012337D32_20, CacheKey=MATSM_4F0644619F9C48FF91E0D494C95EB050_PCD3D_SM5_5__BC5N_DEV_SL_NoDBuf_EARLYZ385B0CAF44FFFAA205BDF3495DE545479_Num_SM5__0_96872B424096FD7E643536BE214F7ABACAA34A9F4DF141F6D75401AA74CE51A5__TBasePassVSFSelfShadowedCachedPointIndirectLightingPolicyAtmosphericFog8B18AAF8F9198748E9489BA6EBEFA581D907D7CD20742242222222222222222222222242222222222222222222222222222222222222222224244444444402222222222222222222222444422222222222222222222222222222212402222222222222222222222222222222222222222222222222222222222000044041400000014000000140000001400000014000000_TTranslucencyShadowDepthVS$3cTranslucencyShadowDepth_PerspectiveCorrect$3eB2ED60FC848F36391CA491DD657E375A4A5BCC631614224222222222222222222222224222222222222222222222222222222222222222222424444444440222222222222222222222244442222222222222222222222222222221240222222222222000044040000001400000014000000140000001400000014000000_TTranslucencyShadowDepthPS$3cTranslucencyShadowDepth_PerspectiveCorrect$3eB2ED60FC848F36391CA491DD657E375A4A5BCC631664224222222222222222222222224222222222222222222222222222222222222222222424444444440222222222222222222222244442222222222222222222222222222221240222222222222222202004044001400000014000000140000001400000014000000_TBasePassPSFSelfShadowedCachedPointIndirectLightingPolicySkylight8B95D470BB4BF92A5C22A48B60B9DA18A2BE42522344224222222222222222222222224222222222222222222222222222222222222222222424444444440222222222222222222222244442222222222222222222222222222221240222224222222222222222222222222222222222222222222222222222222222222222222222222222222020040440000001400000014000000140000001400000014000000_TTranslucencyShadowDepthVS$3cTranslucencyShadowDepth_Standard$3eB2ED60FC848F36391CA491DD657E375A4A5BCC631614224222222222222222222222224222222222222222222222222222222222222222222424444444440222222222222222222222244442222222222222222222222222222221240222222222222000044040000001400000014000000140000001400000014000000_TTranslucencyShadowDepthPS$3cTranslucencyShadowDepth_Standard$3eB2ED60FC848F36391CA491DD657E375A4A5BCC631664224222222222222222222222224222222222222222222222222222222222222222222424444444440222222222222222222222244442222222222222222222222222222221240222222222222222202004044001400000014000000140000001400000014000000_TBasePassVSFCachedPointIndirectLightingPolicyAtmosphericFog8B18AAF8F9198748E9489BA6EBEFA581D907D7CD2094224222222222222222222222224222222222222222222222222222222222222222222424444444440222222222222222222222244442222222222222222222222222222221240222224222222222222222222222222222222222222222222222222222222000044040000001400000014000000140000001400000014000000_TBasePassVSFSelfShadowedCachedPointIndirectLightingPolicy8B18AAF8F9198748E9489BA6EBEFA581D907D7CD20742242222222222222222222222242222222222222222222222222222222222222222224244444444402222222222222222222222444422222222222222222222222222222212402222222222222222222222222222222222222222222222222222222222000044041400000014000000140000001400000014000000_TBasePassPSFSelfShadowedCachedPointIndirectLightingPolicy8B95D470BB4BF92A5C22A48B60B9DA18A2BE42522344224222222222222222222222224222222222222222222222222222222222222222222424444444440222222222222222222222244442222222222222222222222222222221240222224222222222222222222222222222222222222222222222222222222222222222222222222222222020040440000001400000014000000140000001400000014000000_TBasePassPSFCachedPointIndirectLightingPolicySkylight8B95D470BB4BF92A5C22A48B60B9DA18A2BE42522144224222222222222222222222224222222222222222222222222222222222222222222424444444440222222222222222222222244442222222222222222222222222222221240222224222222222222222222222222222222222222222222222222222222222202004044001400000014000000140000001400000014000000_TBasePassPSFSelfShadowedTranslucencyPolicySkylight8B95D470BB4BF92A5C22A48B60B9DA18A2BE425223242242222222222222222222222242222222222222222222222222222222222222222224244444444402222222222222222222222444422222222222222222222222222222212402222222222222222222222222222222222222222222222222222222222222222222222222222222222020040441400000014000000140000001400000014000000_TDistortionMeshVS$3cFDistortMeshAccumulatePolicy$3e9CB0FF9E20B6CE097FCCB6E5962A01451FA7BF82152422422222222222222222222222422222222222222222222222222222222222222222242444444444022222222222222222222224444222222222222222222222222222222124022020040441400000014000000140000001400000014000000_TDistortionMeshPS$3cFDistortMeshAccumulatePolicy$3e62A552CB2488D622FE8D556CBC1643226F87BA8D15542242222222222222222222222242222222222222222222222222222222222222222224244444444402222222222222222222222444422222222222222222222222222222212402222220000440400001400000014000000140000001400000014000000_TBasePassVSFCachedPointIndirectLightingPolicy8B18AAF8F9198748E9489BA6EBEFA581D907D7CD2094224222222222222222222222224222222222222222222222222222222222222222222424444444440222222222222222222222244442222222222222222222222222222221240222224222222222222222222222222222222222222222222222222222222000044040000001400000014000000140000001400000014000000_TBasePassPSFCachedPointIndirectLightingPolicy8B95D470BB4BF92A5C22A48B60B9DA18A2BE42522144224222222222222222222222224222222222222222222222222222222222222222222424444444440222222222222222222222244442222222222222222222222222222221240222224222222222222222222222222222222222222222222222222222222222202004044001400000014000000140000001400000014000000_TBasePassVSFNoLightMapPolicyAtmosphericFog8B18AAF8F9198748E9489BA6EBEFA581D907D7CD2094224222222222222222222222224222222222222222222222222222222222222222222424444444440222222222222222222222244442222222222222222222222222222221240222224222222222222222222222222222222222222222222222222222222000044040000001400000014000000140000001400000014000000_TBasePassPSFSelfShadowedTranslucencyPolicy8B95D470BB4BF92A5C22A48B60B9DA18A2BE425223242242222222222222222222222242222222222222222222222222222222222222222224244444444402222222222222222222222444422222222222222222222222222222212402222222222222222222222222222222222222222222222222222222222222222222222222222222222020040441400000014000000140000001400000014000000_TBasePassPSFNoLightMapPolicySkylight8B95D470BB4BF92A5C22A48B60B9DA18A2BE42522144224222222222222222222222224222222222222222222222222222222222222222222424444444440222222222222222222222244442222222222222222222222222222221240222224222222222222222222222222222222222222222222222222222222222202004044001400000014000000140000001400000014000000_TBasePassVSFNoLightMapPolicy8B18AAF8F9198748E9489BA6EBEFA581D907D7CD2094224222222222222222222222224222222222222222222222222222222222222222222424444444440222222222222222222222244442222222222222222222222222222221240222224222222222222222222222222222222222222222222222222222222000044040000001400000014000000140000001400000014000000_TBasePassPSFNoLightMapPolicy8B95D470BB4BF92A5C22A48B60B9DA18A2BE42522144224222222222222222222222224222222222222222222222222222222222222222222424444444440222222222222222222222244442222222222222222222222222222221240222224222222222222222222222222222222222222222222222222222222222202004044001400000014000000140000001400000014000000_FHitProxyVS5C0034ED3664D7841C91925A723592E72A2B36DA152422422222222222222222222222422222222222222222222222222222222222222222242444444444022222222222222222222224444222222222222222222222222222222124022020040441400000014000000140000001400000014000000_FHitProxyPS4C4A0D45A86AB444F719FBBE7F5185DFF305E7E115542242222222222222222222222242222222222222222222222222222222222222222224244444444402222222222222222222222444422222222222222222222222222222212402222220000440400001400000014000000140000001400000014000000_FLocalVertexFactory5897CEF715AB93237703E35F9ABEBB43E8E477D34224200000000058000040404040404040404040434343444443434343404040404040404040404343434040404044040404040404040404040404343434444434343434040404040404040404043434340404016101010101000424244444444444444424141414341414141413131414141444341444044444444444444414141414141414141434143414141414141414141414131314444414241444444414101010004443414341414141444444434341434444444404444444444444444444444444444444444444444444444444444444444444444444444444404010101010101010101010101010101010101010101010101210443434343444144444444444444440101010101010101010101010101301434143424141414244414130331313141444444440000250000001000000010000000100000001000000010000000100000001000000010000000100000001000000010000000100000001000000010000000100000001000000010000000100000001000000010000000100000001000000010000000100000001000000025000000100000001000000010000000100000001000000010000000100000001000000010000000100000001000000010000000100000001000000010000000100000001000000010000000100000001000000010000000100000001000000010000000100000000800000008000000080000000800000008000000080000004900000010000000090000000800000010000000100000001000000026000000180000000900000009000000090000000900000009000000090000000900000009000000090000000900000009000000090000000900000009000000090000000900000009000000090000000800000008000000080000000800000008000000080000001C00000009000000090000000900000009000000090000000900000009000000080000000800000008000000080000000800000008000000080000000D000000080000009D42F93063E3B2056828859621189F45327E14190000000000000000000000000000000000000000, RunGuid=RunID1C79A73A414D7D2E6B3A949852008D6F
MaterialTransactionId04AE25EE4E751E9E8AA277B012337D32_21, CacheKey=MATSM_4F0644619F9C48FF91E0D494C95EB050_PCD3D_SM5_5__BC5N_DEV_SL_NoDBuf_EARLYZ3946081E640181112AA076AB7D84B72A3_Num_SM5__0_96872B424096FD7E643536BE214F7ABACAA34A9F4DF141F6D75401AA74CE51A5__TBasePassVSFSelfShadowedCachedPointIndirectLightingPolicyAtmosphericFog8B18AAF8F9198748E9489BA6EBEFA581D907D7CD20742242222222222222222222222242222222222222222222222222222222222222222224244444444402222222222222222222222444422222222222222222222222222222212402222222222222222222222222222222222222222222222222222222222000044041400000014000000140000001400000014000000_TTranslucencyShadowDepthVS$3cTranslucencyShadowDepth_PerspectiveCorrect$3eB2ED60FC848F36391CA491DD657E375A4A5BCC631614224222222222222222222222224222222222222222222222222222222222222222222424444444440222222222222222222222244442222222222222222222222222222221240222222222222000044040000001400000014000000140000001400000014000000_TTranslucencyShadowDepthPS$3cTranslucencyShadowDepth_PerspectiveCorrect$3eB2ED60FC848F36391CA491DD657E375A4A5BCC631664224222222222222222222222224222222222222222222222222222222222222222222424444444440222222222222222222222244442222222222222222222222222222221240222222222222222202004044001400000014000000140000001400000014000000_TBasePassPSFSelfShadowedCachedPointIndirectLightingPolicySkylight8B95D470BB4BF92A5C22A48B60B9DA18A2BE42522344224222222222222222222222224222222222222222222222222222222222222222222424444444440222222222222222222222244442222222222222222222222222222221240222224222222222222222222222222222222222222222222222222222222222222222222222222222222020040440000001400000014000000140000001400000014000000_TTranslucencyShadowDepthVS$3cTranslucencyShadowDepth_Standard$3eB2ED60FC848F36391CA491DD657E375A4A5BCC631614224222222222222222222222224222222222222222222222222222222222222222222424444444440222222222222222222222244442222222222222222222222222222221240222222222222000044040000001400000014000000140000001400000014000000_TTranslucencyShadowDepthPS$3cTranslucencyShadowDepth_Standard$3eB2ED60FC848F36391CA491DD657E375A4A5BCC631664224222222222222222222222224222222222222222222222222222222222222222222424444444440222222222222222222222244442222222222222222222222222222221240222222222222222202004044001400000014000000140000001400000014000000_TBasePassVSFCachedPointIndirectLightingPolicyAtmosphericFog8B18AAF8F9198748E9489BA6EBEFA581D907D7CD2094224222222222222222222222224222222222222222222222222222222222222222222424444444440222222222222222222222244442222222222222222222222222222221240222224222222222222222222222222222222222222222222222222222222000044040000001400000014000000140000001400000014000000_TBasePassVSFSelfShadowedCachedPointIndirectLightingPolicy8B18AAF8F9198748E9489BA6EBEFA581D907D7CD20742242222222222222222222222242222222222222222222222222222222222222222224244444444402222222222222222222222444422222222222222222222222222222212402222222222222222222222222222222222222222222222222222222222000044041400000014000000140000001400000014000000_TBasePassPSFSelfShadowedCachedPointIndirectLightingPolicy8B95D470BB4BF92A5C22A48B60B9DA18A2BE42522344224222222222222222222222224222222222222222222222222222222222222222222424444444440222222222222222222222244442222222222222222222222222222221240222224222222222222222222222222222222222222222222222222222222222222222222222222222222020040440000001400000014000000140000001400000014000000_TBasePassPSFCachedPointIndirectLightingPolicySkylight8B95D470BB4BF92A5C22A48B60B9DA18A2BE42522144224222222222222222222222224222222222222222222222222222222222222222222424444444440222222222222222222222244442222222222222222222222222222221240222224222222222222222222222222222222222222222222222222222222222202004044001400000014000000140000001400000014000000_TBasePassPSFSelfShadowedTranslucencyPolicySkylight8B95D470BB4BF92A5C22A48B60B9DA18A2BE425223242242222222222222222222222242222222222222222222222222222222222222222224244444444402222222222222222222222444422222222222222222222222222222212402222222222222222222222222222222222222222222222222222222222222222222222222222222222020040441400000014000000140000001400000014000000_TDistortionMeshVS$3cFDistortMeshAccumulatePolicy$3e9CB0FF9E20B6CE097FCCB6E5962A01451FA7BF82152422422222222222222222222222422222222222222222222222222222222222222222242444444444022222222222222222222224444222222222222222222222222222222124022020040441400000014000000140000001400000014000000_TDistortionMeshPS$3cFDistortMeshAccumulatePolicy$3e62A552CB2488D622FE8D556CBC1643226F87BA8D15542242222222222222222222222242222222222222222222222222222222222222222224244444444402222222222222222222222444422222222222222222222222222222212402222220000440400001400000014000000140000001400000014000000_TBasePassVSFCachedPointIndirectLightingPolicy8B18AAF8F9198748E9489BA6EBEFA581D907D7CD2094224222222222222222222222224222222222222222222222222222222222222222222424444444440222222222222222222222244442222222222222222222222222222221240222224222222222222222222222222222222222222222222222222222222000044040000001400000014000000140000001400000014000000_TBasePassPSFCachedPointIndirectLightingPolicy8B95D470BB4BF92A5C22A48B60B9DA18A2BE42522144224222222222222222222222224222222222222222222222222222222222222222222424444444440222222222222222222222244442222222222222222222222222222221240222224222222222222222222222222222222222222222222222222222222222202004044001400000014000000140000001400000014000000_TBasePassVSFNoLightMapPolicyAtmosphericFog8B18AAF8F9198748E9489BA6EBEFA581D907D7CD2094224222222222222222222222224222222222222222222222222222222222222222222424444444440222222222222222222222244442222222222222222222222222222221240222224222222222222222222222222222222222222222222222222222222000044040000001400000014000000140000001400000014000000_TBasePassPSFSelfShadowedTranslucencyPolicy8B95D470BB4BF92A5C22A48B60B9DA18A2BE425223242242222222222222222222222242222222222222222222222222222222222222222224244444444402222222222222222222222444422222222222222222222222222222212402222222222222222222222222222222222222222222222222222222222222222222222222222222222020040441400000014000000140000001400000014000000_TBasePassPSFNoLightMapPolicySkylight8B95D470BB4BF92A5C22A48B60B9DA18A2BE42522144224222222222222222222222224222222222222222222222222222222222222222222424444444440222222222222222222222244442222222222222222222222222222221240222224222222222222222222222222222222222222222222222222222222222202004044001400000014000000140000001400000014000000_TBasePassVSFNoLightMapPolicy8B18AAF8F9198748E9489BA6EBEFA581D907D7CD2094224222222222222222222222224222222222222222222222222222222222222222222424444444440222222222222222222222244442222222222222222222222222222221240222224222222222222222222222222222222222222222222222222222222000044040000001400000014000000140000001400000014000000_TBasePassPSFNoLightMapPolicy8B95D470BB4BF92A5C22A48B60B9DA18A2BE42522144224222222222222222222222224222222222222222222222222222222222222222222424444444440222222222222222222222244442222222222222222222222222222221240222224222222222222222222222222222222222222222222222222222222222202004044001400000014000000140000001400000014000000_FHitProxyVS5C0034ED3664D7841C91925A723592E72A2B36DA152422422222222222222222222222422222222222222222222222222222222222222222242444444444022222222222222222222224444222222222222222222222222222222124022020040441400000014000000140000001400000014000000_FHitProxyPS4C4A0D45A86AB444F719FBBE7F5185DFF305E7E115542242222222222222222222222242222222222222222222222222222222222222222224244444444402222222222222222222222444422222222222222222222222222222212402222220000440400001400000014000000140000001400000014000000_FLocalVertexFactory5897CEF715AB93237703E35F9ABEBB43E8E477D34224200000000058000040404040404040404040434343444443434343404040404040404040404343434040404044040404040404040404040404343434444434343434040404040404040404043434340404016101010101000424244444444444444424141414341414141413131414141444341444044444444444444414141414141414141434143414141414141414141414131314444414241444444414101010004443414341414141444444434341434444444404444444444444444444444444444444444444444444444444444444444444444444444444404010101010101010101010101010101010101010101010101210443434343444144444444444444440101010101010101010101010101301434143424141414244414130331313141444444440000250000001000000010000000100000001000000010000000100000001000000010000000100000001000000010000000100000001000000010000000100000001000000010000000100000001000000010000000100000001000000010000000100000001000000025000000100000001000000010000000100000001000000010000000100000001000000010000000100000001000000010000000100000001000000010000000100000001000000010000000100000001000000010000000100000001000000010000000100000000800000008000000080000000800000008000000080000004900000010000000090000000800000010000000100000001000000026000000180000000900000009000000090000000900000009000000090000000900000009000000090000000900000009000000090000000900000009000000090000000900000009000000090000000800000008000000080000000800000008000000080000001C00000009000000090000000900000009000000090000000900000009000000080000000800000008000000080000000800000008000000080000000D000000080000009D42F93063E3B2056828859621189F45327E14190000000000000000000000000000000000000000, ShaderCompilation=8673.777344, RunGuid=RunID1C79A73A414D7D2E6B3A949852008D6F
MaterialTransactionId04AE25EE4E751E9E8AA277B012337D32_22, CacheKey=MATSM_4F0644619F9C48FF91E0D494C95EB050_PCD3D_SM5_5__BC5N_DEV_SL_NoDBuf_EARLYZ3B47D537C470D933DC976649F329E4047_Num_SM5__0_96872B424096FD7E643536BE214F7ABACAA34A9F4DF141F6D75401AA74CE51A5__TBasePassVSFSelfShadowedCachedPointIndirectLightingPolicyAtmosphericFog8B18AAF8F9198748E9489BA6EBEFA581D907D7CD20742242222222222222222222222242222222222222222222222222222222222222222224244444444402222222222222222222222444422222222222222222222222222222212402222222222222222222222222222222222222222222222222222222222000044041400000014000000140000001400000014000000_TTranslucencyShadowDepthVS$3cTranslucencyShadowDepth_PerspectiveCorrect$3eB2ED60FC848F36391CA491DD657E375A4A5BCC631614224222222222222222222222224222222222222222222222222222222222222222222424444444440222222222222222222222244442222222222222222222222222222221240222222222222000044040000001400000014000000140000001400000014000000_TTranslucencyShadowDepthPS$3cTranslucencyShadowDepth_PerspectiveCorrect$3eB2ED60FC848F36391CA491DD657E375A4A5BCC631664224222222222222222222222224222222222222222222222222222222222222222222424444444440222222222222222222222244442222222222222222222222222222221240222222222222222202004044001400000014000000140000001400000014000000_TBasePassPSFSelfShadowedCachedPointIndirectLightingPolicySkylight8B95D470BB4BF92A5C22A48B60B9DA18A2BE42522344224222222222222222222222224222222222222222222222222222222222222222222424444444440222222222222222222222244442222222222222222222222222222221240222224222222222222222222222222222222222222222222222222222222222222222222222222222222020040440000001400000014000000140000001400000014000000_TTranslucencyShadowDepthVS$3cTranslucencyShadowDepth_Standard$3eB2ED60FC848F36391CA491DD657E375A4A5BCC631614224222222222222222222222224222222222222222222222222222222222222222222424444444440222222222222222222222244442222222222222222222222222222221240222222222222000044040000001400000014000000140000001400000014000000_TTranslucencyShadowDepthPS$3cTranslucencyShadowDepth_Standard$3eB2ED60FC848F36391CA491DD657E375A4A5BCC631664224222222222222222222222224222222222222222222222222222222222222222222424444444440222222222222222222222244442222222222222222222222222222221240222222222222222202004044001400000014000000140000001400000014000000_TBasePassVSFCachedPointIndirectLightingPolicyAtmosphericFog8B18AAF8F9198748E9489BA6EBEFA581D907D7CD2094224222222222222222222222224222222222222222222222222222222222222222222424444444440222222222222222222222244442222222222222222222222222222221240222224222222222222222222222222222222222222222222222222222222000044040000001400000014000000140000001400000014000000_TBasePassVSFSelfShadowedCachedPointIndirectLightingPolicy8B18AAF8F9198748E9489BA6EBEFA581D907D7CD20742242222222222222222222222242222222222222222222222222222222222222222224244444444402222222222222222222222444422222222222222222222222222222212402222222222222222222222222222222222222222222222222222222222000044041400000014000000140000001400000014000000_TBasePassPSFSelfShadowedCachedPointIndirectLightingPolicy8B95D470BB4BF92A5C22A48B60B9DA18A2BE42522344224222222222222222222222224222222222222222222222222222222222222222222424444444440222222222222222222222244442222222222222222222222222222221240222224222222222222222222222222222222222222222222222222222222222222222222222222222222020040440000001400000014000000140000001400000014000000_TBasePassPSFCachedPointIndirectLightingPolicySkylight8B95D470BB4BF92A5C22A48B60B9DA18A2BE42522144224222222222222222222222224222222222222222222222222222222222222222222424444444440222222222222222222222244442222222222222222222222222222221240222224222222222222222222222222222222222222222222222222222222222202004044001400000014000000140000001400000014000000_TBasePassPSFSelfShadowedTranslucencyPolicySkylight8B95D470BB4BF92A5C22A48B60B9DA18A2BE425223242242222222222222222222222242222222222222222222222222222222222222222224244444444402222222222222222222222444422222222222222222222222222222212402222222222222222222222222222222222222222222222222222222222222222222222222222222222020040441400000014000000140000001400000014000000_TDistortionMeshVS$3cFDistortMeshAccumulatePolicy$3e9CB0FF9E20B6CE097FCCB6E5962A01451FA7BF82152422422222222222222222222222422222222222222222222222222222222222222222242444444444022222222222222222222224444222222222222222222222222222222124022020040441400000014000000140000001400000014000000_TDistortionMeshPS$3cFDistortMeshAccumulatePolicy$3e62A552CB2488D622FE8D556CBC1643226F87BA8D15542242222222222222222222222242222222222222222222222222222222222222222224244444444402222222222222222222222444422222222222222222222222222222212402222220000440400001400000014000000140000001400000014000000_TBasePassVSFCachedPointIndirectLightingPolicy8B18AAF8F9198748E9489BA6EBEFA581D907D7CD2094224222222222222222222222224222222222222222222222222222222222222222222424444444440222222222222222222222244442222222222222222222222222222221240222224222222222222222222222222222222222222222222222222222222000044040000001400000014000000140000001400000014000000_TBasePassPSFCachedPointIndirectLightingPolicy8B95D470BB4BF92A5C22A48B60B9DA18A2BE42522144224222222222222222222222224222222222222222222222222222222222222222222424444444440222222222222222222222244442222222222222222222222222222221240222224222222222222222222222222222222222222222222222222222222222202004044001400000014000000140000001400000014000000_TBasePassVSFNoLightMapPolicyAtmosphericFog8B18AAF8F9198748E9489BA6EBEFA581D907D7CD2094224222222222222222222222224222222222222222222222222222222222222222222424444444440222222222222222222222244442222222222222222222222222222221240222224222222222222222222222222222222222222222222222222222222000044040000001400000014000000140000001400000014000000_TBasePassPSFSelfShadowedTranslucencyPolicy8B95D470BB4BF92A5C22A48B60B9DA18A2BE425223242242222222222222222222222242222222222222222222222222222222222222222224244444444402222222222222222222222444422222222222222222222222222222212402222222222222222222222222222222222222222222222222222222222222222222222222222222222020040441400000014000000140000001400000014000000_TBasePassPSFNoLightMapPolicySkylight8B95D470BB4BF92A5C22A48B60B9DA18A2BE42522144224222222222222222222222224222222222222222222222222222222222222222222424444444440222222222222222222222244442222222222222222222222222222221240222224222222222222222222222222222222222222222222222222222222222202004044001400000014000000140000001400000014000000_TBasePassVSFNoLightMapPolicy8B18AAF8F9198748E9489BA6EBEFA581D907D7CD2094224222222222222222222222224222222222222222222222222222222222222222222424444444440222222222222222222222244442222222222222222222222222222221240222224222222222222222222222222222222222222222222222222222222000044040000001400000014000000140000001400000014000000_TBasePassPSFNoLightMapPolicy8B95D470BB4BF92A5C22A48B60B9DA18A2BE42522144224222222222222222222222224222222222222222222222222222222222222222222424444444440222222222222222222222244442222222222222222222222222222221240222224222222222222222222222222222222222222222222222222222222222202004044001400000014000000140000001400000014000000_FHitProxyVS5C0034ED3664D7841C91925A723592E72A2B36DA152422422222222222222222222222422222222222222222222222222222222222222222242444444444022222222222222222222224444222222222222222222222222222222124022020040441400000014000000140000001400000014000000_FHitProxyPS4C4A0D45A86AB444F719FBBE7F5185DFF305E7E115542242222222222222222222222242222222222222222222222222222222222222222224244444444402222222222222222222222444422222222222222222222222222222212402222220000440400001400000014000000140000001400000014000000_FLocalVertexFactory5897CEF715AB93237703E35F9ABEBB43E8E477D34224200000000058000040404040404040404040434343444443434343404040404040404040404343434040404044040404040404040404040404343434444434343434040404040404040404043434340404016101010101000424244444444444444424141414341414141413131414141444341444044444444444444414141414141414141434143414141414141414141414131314444414241444444414101010004443414341414141444444434341434444444404444444444444444444444444444444444444444444444444444444444444444444444444404010101010101010101010101010101010101010101010101210443434343444144444444444444440101010101010101010101010101301434143424141414244414130331313141444444440000250000001000000010000000100000001000000010000000100000001000000010000000100000001000000010000000100000001000000010000000100000001000000010000000100000001000000010000000100000001000000010000000100000001000000025000000100000001000000010000000100000001000000010000000100000001000000010000000100000001000000010000000100000001000000010000000100000001000000010000000100000001000000010000000100000001000000010000000100000000800000008000000080000000800000008000000080000004900000010000000090000000800000010000000100000001000000026000000180000000900000009000000090000000900000009000000090000000900000009000000090000000900000009000000090000000900000009000000090000000900000009000000090000000800000008000000080000000800000008000000080000001C00000009000000090000000900000009000000090000000900000009000000080000000800000008000000080000000800000008000000080000000D000000080000009D42F93063E3B2056828859621189F45327E14190000000000000000000000000000000000000000, RunGuid=RunID1C79A73A414D7D2E6B3A949852008D6F
MaterialTransactionId04AE25EE4E751E9E8AA277B012337D32_23, CacheKey=MATSM_4F0644619F9C48FF91E0D494C95EB050_PCD3D_SM5_5__BC5N_DEV_SL_NoDBuf_EARLYZ34E706D91413890A1ECFDA797D1A87DC9_Num_SM5__0___TBasePassVSFNoLightMapPolicyAtmosphericFog8B18AAF8F9198748E9489BA6EBEFA581D907D7CD2094224222222222222222222222224222222222222222222222222222222222222222222424444444440222222222222222222222244442222222222222222222222222222221240222224222222222222222222222222222222222222222222222222222222000044040000001400000014000000140000001400000014000000_TBasePassVSFNoLightMapPolicy8B18AAF8F9198748E9489BA6EBEFA581D907D7CD2094224222222222222222222222224222222222222222222222222222222222222222222424444444440222222222222222222222244442222222222222222222222222222221240222224222222222222222222222222222222222222222222222222222222000044040000001400000014000000140000001400000014000000_TBasePassPSFNoLightMapPolicy8B95D470BB4BF92A5C22A48B60B9DA18A2BE42522144224222222222222222222222224222222222222222222222222222222222222222222424444444440222222222222222222222244442222222222222222222222222222221240222224222222222222222222222222222222222222222222222222222222222202004044001400000014000000140000001400000014000000_FLocalVertexFactory5897CEF715AB93237703E35F9ABEBB43E8E477D34224200000000058000040404040404040404040434343444443434343404040404040404040404343434040404044040404040404040404040404343434444434343434040404040404040404043434340404016101010101000424244444444444444424141414341414141413131414141444341444044444444444444414141414141414141434143414141414141414141414131314444414241444444414101010004443414341414141444444434341434444444404444444444444444444444444444444444444444444444444444444444444444444444444404010101010101010101010101010101010101010101010101210443434343444144444444444444440101010101010101010101010101301434143424141414244414130331313141444444440000250000001000000010000000100000001000000010000000100000001000000010000000100000001000000010000000100000001000000010000000100000001000000010000000100000001000000010000000100000001000000010000000100000001000000025000000100000001000000010000000100000001000000010000000100000001000000010000000100000001000000010000000100000001000000010000000100000001000000010000000100000001000000010000000100000001000000010000000100000000800000008000000080000000800000008000000080000004900000010000000090000000800000010000000100000001000000026000000180000000900000009000000090000000900000009000000090000000900000009000000090000000900000009000000090000000900000009000000090000000900000009000000090000000800000008000000080000000800000008000000080000001C00000009000000090000000900000009000000090000000900000009000000080000000800000008000000080000000800000008000000080000000D000000080000009D42F93063E3B2056828859621189F45327E14190000000000000000000000000000000000000000, RunGuid=RunID1C79A73A414D7D2E6B3A949852008D6F
MaterialTransactionId04AE25EE4E751E9E8AA277B012337D32_24, CacheKey=MATSM_4F0644619F9C48FF91E0D494C95EB050_PCD3D_SM5_5__BC5N_DEV_SL_NoDBuf_EARLYZ3BACE55024476B8CB08A3578ED82F90F0_Num_SM5__0_96872B424096FD7E643536BE214F7ABACAA34A9F4DF141F6D75401AA74CE51A5__TBasePassVSFSelfShadowedCachedPointIndirectLightingPolicyAtmosphericFog8B18AAF8F9198748E9489BA6EBEFA581D907D7CD20742242222222222222222222222242222222222222222222222222222222222222222224244444444402222222222222222222222444422222222222222222222222222222212402222222222222222222222222222222222222222222222222222222222000044041400000014000000140000001400000014000000_TTranslucencyShadowDepthVS$3cTranslucencyShadowDepth_PerspectiveCorrect$3eB2ED60FC848F36391CA491DD657E375A4A5BCC631614224222222222222222222222224222222222222222222222222222222222222222222424444444440222222222222222222222244442222222222222222222222222222221240222222222222000044040000001400000014000000140000001400000014000000_TTranslucencyShadowDepthPS$3cTranslucencyShadowDepth_PerspectiveCorrect$3eB2ED60FC848F36391CA491DD657E375A4A5BCC631664224222222222222222222222224222222222222222222222222222222222222222222424444444440222222222222222222222244442222222222222222222222222222221240222222222222222202004044001400000014000000140000001400000014000000_TBasePassPSFSelfShadowedCachedPointIndirectLightingPolicySkylight8B95D470BB4BF92A5C22A48B60B9DA18A2BE42522344224222222222222222222222224222222222222222222222222222222222222222222424444444440222222222222222222222244442222222222222222222222222222221240222224222222222222222222222222222222222222222222222222222222222222222222222222222222020040440000001400000014000000140000001400000014000000_TTranslucencyShadowDepthVS$3cTranslucencyShadowDepth_Standard$3eB2ED60FC848F36391CA491DD657E375A4A5BCC631614224222222222222222222222224222222222222222222222222222222222222222222424444444440222222222222222222222244442222222222222222222222222222221240222222222222000044040000001400000014000000140000001400000014000000_TTranslucencyShadowDepthPS$3cTranslucencyShadowDepth_Standard$3eB2ED60FC848F36391CA491DD657E375A4A5BCC631664224222222222222222222222224222222222222222222222222222222222222222222424444444440222222222222222222222244442222222222222222222222222222221240222222222222222202004044001400000014000000140000001400000014000000_TBasePassVSFCachedPointIndirectLightingPolicyAtmosphericFog8B18AAF8F9198748E9489BA6EBEFA581D907D7CD2094224222222222222222222222224222222222222222222222222222222222222222222424444444440222222222222222222222244442222222222222222222222222222221240222224222222222222222222222222222222222222222222222222222222000044040000001400000014000000140000001400000014000000_TBasePassVSFSelfShadowedCachedPointIndirectLightingPolicy8B18AAF8F9198748E9489BA6EBEFA581D907D7CD20742242222222222222222222222242222222222222222222222222222222222222222224244444444402222222222222222222222444422222222222222222222222222222212402222222222222222222222222222222222222222222222222222222222000044041400000014000000140000001400000014000000_TBasePassPSFSelfShadowedCachedPointIndirectLightingPolicy8B95D470BB4BF92A5C22A48B60B9DA18A2BE42522344224222222222222222222222224222222222222222222222222222222222222222222424444444440222222222222222222222244442222222222222222222222222222221240222224222222222222222222222222222222222222222222222222222222222222222222222222222222020040440000001400000014000000140000001400000014000000_TBasePassPSFCachedPointIndirectLightingPolicySkylight8B95D470BB4BF92A5C22A48B60B9DA18A2BE42522144224222222222222222222222224222222222222222222222222222222222222222222424444444440222222222222222222222244442222222222222222222222222222221240222224222222222222222222222222222222222222222222222222222222222202004044001400000014000000140000001400000014000000_TBasePassPSFSelfShadowedTranslucencyPolicySkylight8B95D470BB4BF92A5C22A48B60B9DA18A2BE425223242242222222222222222222222242222222222222222222222222222222222222222224244444444402222222222222222222222444422222222222222222222222222222212402222222222222222222222222222222222222222222222222222222222222222222222222222222222020040441400000014000000140000001400000014000000_TDistortionMeshVS$3cFDistortMeshAccumulatePolicy$3e9CB0FF9E20B6CE097FCCB6E5962A01451FA7BF82152422422222222222222222222222422222222222222222222222222222222222222222242444444444022222222222222222222224444222222222222222222222222222222124022020040441400000014000000140000001400000014000000_TDistortionMeshPS$3cFDistortMeshAccumulatePolicy$3e62A552CB2488D622FE8D556CBC1643226F87BA8D15542242222222222222222222222242222222222222222222222222222222222222222224244444444402222222222222222222222444422222222222222222222222222222212402222220000440400001400000014000000140000001400000014000000_TBasePassVSFCachedPointIndirectLightingPolicy8B18AAF8F9198748E9489BA6EBEFA581D907D7CD2094224222222222222222222222224222222222222222222222222222222222222222222424444444440222222222222222222222244442222222222222222222222222222221240222224222222222222222222222222222222222222222222222222222222000044040000001400000014000000140000001400000014000000_TBasePassPSFCachedPointIndirectLightingPolicy8B95D470BB4BF92A5C22A48B60B9DA18A2BE42522144224222222222222222222222224222222222222222222222222222222222222222222424444444440222222222222222222222244442222222222222222222222222222221240222224222222222222222222222222222222222222222222222222222222222202004044001400000014000000140000001400000014000000_TBasePassVSFNoLightMapPolicyAtmosphericFog8B18AAF8F9198748E9489BA6EBEFA581D907D7CD2094224222222222222222222222224222222222222222222222222222222222222222222424444444440222222222222222222222244442222222222222222222222222222221240222224222222222222222222222222222222222222222222222222222222000044040000001400000014000000140000001400000014000000_TBasePassPSFSelfShadowedTranslucencyPolicy8B95D470BB4BF92A5C22A48B60B9DA18A2BE425223242242222222222222222222222242222222222222222222222222222222222222222224244444444402222222222222222222222444422222222222222222222222222222212402222222222222222222222222222222222222222222222222222222222222222222222222222222222020040441400000014000000140000001400000014000000_TBasePassPSFNoLightMapPolicySkylight8B95D470BB4BF92A5C22A48B60B9DA18A2BE42522144224222222222222222222222224222222222222222222222222222222222222222222424444444440222222222222222222222244442222222222222222222222222222221240222224222222222222222222222222222222222222222222222222222222222202004044001400000014000000140000001400000014000000_TBasePassVSFNoLightMapPolicy8B18AAF8F9198748E9489BA6EBEFA581D907D7CD2094224222222222222222222222224222222222222222222222222222222222222222222424444444440222222222222222222222244442222222222222222222222222222221240222224222222222222222222222222222222222222222222222222222222000044040000001400000014000000140000001400000014000000_TBasePassPSFNoLightMapPolicy8B95D470BB4BF92A5C22A48B60B9DA18A2BE42522144224222222222222222222222224222222222222222222222222222222222222222222424444444440222222222222222222222244442222222222222222222222222222221240222224222222222222222222222222222222222222222222222222222222222202004044001400000014000000140000001400000014000000_FHitProxyVS5C0034ED3664D7841C91925A723592E72A2B36DA152422422222222222222222222222422222222222222222222222222222222222222222242444444444022222222222222222222224444222222222222222222222222222222124022020040441400000014000000140000001400000014000000_FHitProxyPS4C4A0D45A86AB444F719FBBE7F5185DFF305E7E115542242222222222222222222222242222222222222222222222222222222222222222224244444444402222222222222222222222444422222222222222222222222222222212402222220000440400001400000014000000140000001400000014000000_FLocalVertexFactory5897CEF715AB93237703E35F9ABEBB43E8E477D34224200000000058000040404040404040404040434343444443434343404040404040404040404343434040404044040404040404040404040404343434444434343434040404040404040404043434340404016101010101000424244444444444444424141414341414141413131414141444341444044444444444444414141414141414141434143414141414141414141414131314444414241444444414101010004443414341414141444444434341434444444404444444444444444444444444444444444444444444444444444444444444444444444444404010101010101010101010101010101010101010101010101210443434343444144444444444444440101010101010101010101010101301434143424141414244414130331313141444444440000250000001000000010000000100000001000000010000000100000001000000010000000100000001000000010000000100000001000000010000000100000001000000010000000100000001000000010000000100000001000000010000000100000001000000025000000100000001000000010000000100000001000000010000000100000001000000010000000100000001000000010000000100000001000000010000000100000001000000010000000100000001000000010000000100000001000000010000000100000000800000008000000080000000800000008000000080000004900000010000000090000000800000010000000100000001000000026000000180000000900000009000000090000000900000009000000090000000900000009000000090000000900000009000000090000000900000009000000090000000900000009000000090000000800000008000000080000000800000008000000080000001C00000009000000090000000900000009000000090000000900000009000000080000000800000008000000080000000800000008000000080000000D000000080000009D42F93063E3B2056828859621189F45327E14190000000000000000000000000000000000000000, ShaderCompilation=11861.061523, RunGuid=RunID1C79A73A414D7D2E6B3A949852008D6F
MaterialTransactionId04AE25EE4E751E9E8AA277B012337D32_25, CacheKey=MATSM_4F0644619F9C48FF91E0D494C95EB050_PCD3D_SM5_5__BC5N_DEV_SL_NoDBuf_EARLYZ399A57C3C4D553D20911EB480D2C6CB8D_Num_SM5__0___TBasePassVSFNoLightMapPolicyAtmosphericFog8B18AAF8F9198748E9489BA6EBEFA581D907D7CD2094224222222222222222222222224222222222222222222222222222222222222222222424444444440222222222222222222222244442222222222222222222222222222221240222224222222222222222222222222222222222222222222222222222222000044040000001400000014000000140000001400000014000000_TBasePassVSFNoLightMapPolicy8B18AAF8F9198748E9489BA6EBEFA581D907D7CD2094224222222222222222222222224222222222222222222222222222222222222222222424444444440222222222222222222222244442222222222222222222222222222221240222224222222222222222222222222222222222222222222222222222222000044040000001400000014000000140000001400000014000000_TBasePassPSFNoLightMapPolicy8B95D470BB4BF92A5C22A48B60B9DA18A2BE42522144224222222222222222222222224222222222222222222222222222222222222222222424444444440222222222222222222222244442222222222222222222222222222221240222224222222222222222222222222222222222222222222222222222222222202004044001400000014000000140000001400000014000000_FLocalVertexFactory5897CEF715AB93237703E35F9ABEBB43E8E477D34224200000000058000040404040404040404040434343444443434343404040404040404040404343434040404044040404040404040404040404343434444434343434040404040404040404043434340404016101010101000424244444444444444424141414341414141413131414141444341444044444444444444414141414141414141434143414141414141414141414131314444414241444444414101010004443414341414141444444434341434444444404444444444444444444444444444444444444444444444444444444444444444444444444404010101010101010101010101010101010101010101010101210443434343444144444444444444440101010101010101010101010101301434143424141414244414130331313141444444440000250000001000000010000000100000001000000010000000100000001000000010000000100000001000000010000000100000001000000010000000100000001000000010000000100000001000000010000000100000001000000010000000100000001000000025000000100000001000000010000000100000001000000010000000100000001000000010000000100000001000000010000000100000001000000010000000100000001000000010000000100000001000000010000000100000001000000010000000100000000800000008000000080000000800000008000000080000004900000010000000090000000800000010000000100000001000000026000000180000000900000009000000090000000900000009000000090000000900000009000000090000000900000009000000090000000900000009000000090000000900000009000000090000000800000008000000080000000800000008000000080000001C00000009000000090000000900000009000000090000000900000009000000080000000800000008000000080000000800000008000000080000000D000000080000009D42F93063E3B2056828859621189F45327E14190000000000000000000000000000000000000000, RunGuid=RunID1C79A73A414D7D2E6B3A949852008D6F
MaterialTransactionId04AE25EE4E751E9E8AA277B012337D32_26, CacheKey=MATSM_4F0644619F9C48FF91E0D494C95EB050_PCD3D_SM5_5__BC5N_DEV_SL_NoDBuf_EARLYZ39478246A4593433809E4FDACCC28BA4F_Num_SM5__0_96872B424096FD7E643536BE214F7ABACAA34A9F4DF141F6D75401AA74CE51A5__TBasePassVSFSelfShadowedCachedPointIndirectLightingPolicyAtmosphericFog8B18AAF8F9198748E9489BA6EBEFA581D907D7CD20742242222222222222222222222242222222222222222222222222222222222222222224244444444402222222222222222222222444422222222222222222222222222222212402222222222222222222222222222222222222222222222222222222222000044041400000014000000140000001400000014000000_TTranslucencyShadowDepthVS$3cTranslucencyShadowDepth_PerspectiveCorrect$3eB2ED60FC848F36391CA491DD657E375A4A5BCC631614224222222222222222222222224222222222222222222222222222222222222222222424444444440222222222222222222222244442222222222222222222222222222221240222222222222000044040000001400000014000000140000001400000014000000_TTranslucencyShadowDepthPS$3cTranslucencyShadowDepth_PerspectiveCorrect$3eB2ED60FC848F36391CA491DD657E375A4A5BCC631664224222222222222222222222224222222222222222222222222222222222222222222424444444440222222222222222222222244442222222222222222222222222222221240222222222222222202004044001400000014000000140000001400000014000000_TBasePassPSFSelfShadowedCachedPointIndirectLightingPolicySkylight8B95D470BB4BF92A5C22A48B60B9DA18A2BE42522344224222222222222222222222224222222222222222222222222222222222222222222424444444440222222222222222222222244442222222222222222222222222222221240222224222222222222222222222222222222222222222222222222222222222222222222222222222222020040440000001400000014000000140000001400000014000000_TTranslucencyShadowDepthVS$3cTranslucencyShadowDepth_Standard$3eB2ED60FC848F36391CA491DD657E375A4A5BCC631614224222222222222222222222224222222222222222222222222222222222222222222424444444440222222222222222222222244442222222222222222222222222222221240222222222222000044040000001400000014000000140000001400000014000000_TTranslucencyShadowDepthPS$3cTranslucencyShadowDepth_Standard$3eB2ED60FC848F36391CA491DD657E375A4A5BCC631664224222222222222222222222224222222222222222222222222222222222222222222424444444440222222222222222222222244442222222222222222222222222222221240222222222222222202004044001400000014000000140000001400000014000000_TBasePassVSFCachedPointIndirectLightingPolicyAtmosphericFog8B18AAF8F9198748E9489BA6EBEFA581D907D7CD2094224222222222222222222222224222222222222222222222222222222222222222222424444444440222222222222222222222244442222222222222222222222222222221240222224222222222222222222222222222222222222222222222222222222000044040000001400000014000000140000001400000014000000_TBasePassVSFSelfShadowedCachedPointIndirectLightingPolicy8B18AAF8F9198748E9489BA6EBEFA581D907D7CD20742242222222222222222222222242222222222222222222222222222222222222222224244444444402222222222222222222222444422222222222222222222222222222212402222222222222222222222222222222222222222222222222222222222000044041400000014000000140000001400000014000000_TBasePassPSFSelfShadowedCachedPointIndirectLightingPolicy8B95D470BB4BF92A5C22A48B60B9DA18A2BE42522344224222222222222222222222224222222222222222222222222222222222222222222424444444440222222222222222222222244442222222222222222222222222222221240222224222222222222222222222222222222222222222222222222222222222222222222222222222222020040440000001400000014000000140000001400000014000000_TBasePassPSFCachedPointIndirectLightingPolicySkylight8B95D470BB4BF92A5C22A48B60B9DA18A2BE42522144224222222222222222222222224222222222222222222222222222222222222222222424444444440222222222222222222222244442222222222222222222222222222221240222224222222222222222222222222222222222222222222222222222222222202004044001400000014000000140000001400000014000000_TBasePassPSFSelfShadowedTranslucencyPolicySkylight8B95D470BB4BF92A5C22A48B60B9DA18A2BE425223242242222222222222222222222242222222222222222222222222222222222222222224244444444402222222222222222222222444422222222222222222222222222222212402222222222222222222222222222222222222222222222222222222222222222222222222222222222020040441400000014000000140000001400000014000000_TDistortionMeshVS$3cFDistortMeshAccumulatePolicy$3e9CB0FF9E20B6CE097FCCB6E5962A01451FA7BF82152422422222222222222222222222422222222222222222222222222222222222222222242444444444022222222222222222222224444222222222222222222222222222222124022020040441400000014000000140000001400000014000000_TDistortionMeshPS$3cFDistortMeshAccumulatePolicy$3e62A552CB2488D622FE8D556CBC1643226F87BA8D15542242222222222222222222222242222222222222222222222222222222222222222224244444444402222222222222222222222444422222222222222222222222222222212402222220000440400001400000014000000140000001400000014000000_TBasePassVSFCachedPointIndirectLightingPolicy8B18AAF8F9198748E9489BA6EBEFA581D907D7CD2094224222222222222222222222224222222222222222222222222222222222222222222424444444440222222222222222222222244442222222222222222222222222222221240222224222222222222222222222222222222222222222222222222222222000044040000001400000014000000140000001400000014000000_TBasePassPSFCachedPointIndirectLightingPolicy8B95D470BB4BF92A5C22A48B60B9DA18A2BE42522144224222222222222222222222224222222222222222222222222222222222222222222424444444440222222222222222222222244442222222222222222222222222222221240222224222222222222222222222222222222222222222222222222222222222202004044001400000014000000140000001400000014000000_TBasePassVSFNoLightMapPolicyAtmosphericFog8B18AAF8F9198748E9489BA6EBEFA581D907D7CD2094224222222222222222222222224222222222222222222222222222222222222222222424444444440222222222222222222222244442222222222222222222222222222221240222224222222222222222222222222222222222222222222222222222222000044040000001400000014000000140000001400000014000000_TBasePassPSFSelfShadowedTranslucencyPolicy8B95D470BB4BF92A5C22A48B60B9DA18A2BE425223242242222222222222222222222242222222222222222222222222222222222222222224244444444402222222222222222222222444422222222222222222222222222222212402222222222222222222222222222222222222222222222222222222222222222222222222222222222020040441400000014000000140000001400000014000000_TBasePassPSFNoLightMapPolicySkylight8B95D470BB4BF92A5C22A48B60B9DA18A2BE42522144224222222222222222222222224222222222222222222222222222222222222222222424444444440222222222222222222222244442222222222222222222222222222221240222224222222222222222222222222222222222222222222222222222222222202004044001400000014000000140000001400000014000000_TBasePassVSFNoLightMapPolicy8B18AAF8F9198748E9489BA6EBEFA581D907D7CD2094224222222222222222222222224222222222222222222222222222222222222222222424444444440222222222222222222222244442222222222222222222222222222221240222224222222222222222222222222222222222222222222222222222222000044040000001400000014000000140000001400000014000000_TBasePassPSFNoLightMapPolicy8B95D470BB4BF92A5C22A48B60B9DA18A2BE42522144224222222222222222222222224222222222222222222222222222222222222222222424444444440222222222222222222222244442222222222222222222222222222221240222224222222222222222222222222222222222222222222222222222222222202004044001400000014000000140000001400000014000000_FHitProxyVS5C0034ED3664D7841C91925A723592E72A2B36DA152422422222222222222222222222422222222222222222222222222222222222222222242444444444022222222222222222222224444222222222222222222222222222222124022020040441400000014000000140000001400000014000000_FHitProxyPS4C4A0D45A86AB444F719FBBE7F5185DFF305E7E115542242222222222222222222222242222222222222222222222222222222222222222224244444444402222222222222222222222444422222222222222222222222222222212402222220000440400001400000014000000140000001400000014000000_FLocalVertexFactory5897CEF715AB93237703E35F9ABEBB43E8E477D34224200000000058000040404040404040404040434343444443434343404040404040404040404343434040404044040404040404040404040404343434444434343434040404040404040404043434340404016101010101000424244444444444444424141414341414141413131414141444341444044444444444444414141414141414141434143414141414141414141414131314444414241444444414101010004443414341414141444444434341434444444404444444444444444444444444444444444444444444444444444444444444444444444444404010101010101010101010101010101010101010101010101210443434343444144444444444444440101010101010101010101010101301434143424141414244414130331313141444444440000250000001000000010000000100000001000000010000000100000001000000010000000100000001000000010000000100000001000000010000000100000001000000010000000100000001000000010000000100000001000000010000000100000001000000025000000100000001000000010000000100000001000000010000000100000001000000010000000100000001000000010000000100000001000000010000000100000001000000010000000100000001000000010000000100000001000000010000000100000000800000008000000080000000800000008000000080000004900000010000000090000000800000010000000100000001000000026000000180000000900000009000000090000000900000009000000090000000900000009000000090000000900000009000000090000000900000009000000090000000900000009000000090000000800000008000000080000000800000008000000080000001C00000009000000090000000900000009000000090000000900000009000000080000000800000008000000080000000800000008000000080000000D000000080000009D42F93063E3B2056828859621189F45327E14190000000000000000000000000000000000000000, ShaderCompilation=4845.845703, RunGuid=RunID1C79A73A414D7D2E6B3A949852008D6F
MaterialTransactionId04AE25EE4E751E9E8AA277B012337D32_27, CacheKey=MATSM_4F0644619F9C48FF91E0D494C95EB050_PCD3D_SM5_5__BC5N_DEV_SL_NoDBuf_EARLYZ31D258B104B559350BE6A688FA53FA3FF_Num_SM5__0___TBasePassVSFNoLightMapPolicyAtmosphericFog8B18AAF8F9198748E9489BA6EBEFA581D907D7CD2094224222222222222222222222224222222222222222222222222222222222222222222424444444440222222222222222222222244442222222222222222222222222222221240222224222222222222222222222222222222222222222222222222222222000044040000001400000014000000140000001400000014000000_TBasePassVSFNoLightMapPolicy8B18AAF8F9198748E9489BA6EBEFA581D907D7CD2094224222222222222222222222224222222222222222222222222222222222222222222424444444440222222222222222222222244442222222222222222222222222222221240222224222222222222222222222222222222222222222222222222222222000044040000001400000014000000140000001400000014000000_TBasePassPSFNoLightMapPolicy8B95D470BB4BF92A5C22A48B60B9DA18A2BE42522144224222222222222222222222224222222222222222222222222222222222222222222424444444440222222222222222222222244442222222222222222222222222222221240222224222222222222222222222222222222222222222222222222222222222202004044001400000014000000140000001400000014000000_FLocalVertexFactory5897CEF715AB93237703E35F9ABEBB43E8E477D34224200000000058000040404040404040404040434343444443434343404040404040404040404343434040404044040404040404040404040404343434444434343434040404040404040404043434340404016101010101000424244444444444444424141414341414141413131414141444341444044444444444444414141414141414141434143414141414141414141414131314444414241444444414101010004443414341414141444444434341434444444404444444444444444444444444444444444444444444444444444444444444444444444444404010101010101010101010101010101010101010101010101210443434343444144444444444444440101010101010101010101010101301434143424141414244414130331313141444444440000250000001000000010000000100000001000000010000000100000001000000010000000100000001000000010000000100000001000000010000000100000001000000010000000100000001000000010000000100000001000000010000000100000001000000025000000100000001000000010000000100000001000000010000000100000001000000010000000100000001000000010000000100000001000000010000000100000001000000010000000100000001000000010000000100000001000000010000000100000000800000008000000080000000800000008000000080000004900000010000000090000000800000010000000100000001000000026000000180000000900000009000000090000000900000009000000090000000900000009000000090000000900000009000000090000000900000009000000090000000900000009000000090000000800000008000000080000000800000008000000080000001C00000009000000090000000900000009000000090000000900000009000000080000000800000008000000080000000800000008000000080000000D000000080000009D42F93063E3B2056828859621189F45327E14190000000000000000000000000000000000000000, ShaderCompilation=5302.414551, RunGuid=RunID1C79A73A414D7D2E6B3A949852008D6F
MaterialTransactionId04AE25EE4E751E9E8AA277B012337D32_28, CacheKey=MATSM_4F0644619F9C48FF91E0D494C95EB050_PCD3D_SM5_5__BC5N_DEV_SL_NoDBuf_EARLYZ3FE8682D04AB4141C4F0C69B95F187920_Num_SM5__0_96872B424096FD7E643536BE214F7ABACAA34A9F4DF141F6D75401AA74CE51A5__TBasePassVSFSelfShadowedCachedPointIndirectLightingPolicyAtmosphericFog8B18AAF8F9198748E9489BA6EBEFA581D907D7CD20742242222222222222222222222242222222222222222222222222222222222222222224244444444402222222222222222222222444422222222222222222222222222222212402222222222222222222222222222222222222222222222222222222222000044041400000014000000140000001400000014000000_TTranslucencyShadowDepthVS$3cTranslucencyShadowDepth_PerspectiveCorrect$3eB2ED60FC848F36391CA491DD657E375A4A5BCC631614224222222222222222222222224222222222222222222222222222222222222222222424444444440222222222222222222222244442222222222222222222222222222221240222222222222000044040000001400000014000000140000001400000014000000_TTranslucencyShadowDepthPS$3cTranslucencyShadowDepth_PerspectiveCorrect$3eB2ED60FC848F36391CA491DD657E375A4A5BCC631664224222222222222222222222224222222222222222222222222222222222222222222424444444440222222222222222222222244442222222222222222222222222222221240222222222222222202004044001400000014000000140000001400000014000000_TBasePassPSFSelfShadowedCachedPointIndirectLightingPolicySkylight8B95D470BB4BF92A5C22A48B60B9DA18A2BE42522344224222222222222222222222224222222222222222222222222222222222222222222424444444440222222222222222222222244442222222222222222222222222222221240222224222222222222222222222222222222222222222222222222222222222222222222222222222222020040440000001400000014000000140000001400000014000000_TTranslucencyShadowDepthVS$3cTranslucencyShadowDepth_Standard$3eB2ED60FC848F36391CA491DD657E375A4A5BCC631614224222222222222222222222224222222222222222222222222222222222222222222424444444440222222222222222222222244442222222222222222222222222222221240222222222222000044040000001400000014000000140000001400000014000000_TTranslucencyShadowDepthPS$3cTranslucencyShadowDepth_Standard$3eB2ED60FC848F36391CA491DD657E375A4A5BCC631664224222222222222222222222224222222222222222222222222222222222222222222424444444440222222222222222222222244442222222222222222222222222222221240222222222222222202004044001400000014000000140000001400000014000000_TBasePassVSFCachedPointIndirectLightingPolicyAtmosphericFog8B18AAF8F9198748E9489BA6EBEFA581D907D7CD2094224222222222222222222222224222222222222222222222222222222222222222222424444444440222222222222222222222244442222222222222222222222222222221240222224222222222222222222222222222222222222222222222222222222000044040000001400000014000000140000001400000014000000_TBasePassVSFSelfShadowedCachedPointIndirectLightingPolicy8B18AAF8F9198748E9489BA6EBEFA581D907D7CD20742242222222222222222222222242222222222222222222222222222222222222222224244444444402222222222222222222222444422222222222222222222222222222212402222222222222222222222222222222222222222222222222222222222000044041400000014000000140000001400000014000000_TBasePassPSFSelfShadowedCachedPointIndirectLightingPolicy8B95D470BB4BF92A5C22A48B60B9DA18A2BE42522344224222222222222222222222224222222222222222222222222222222222222222222424444444440222222222222222222222244442222222222222222222222222222221240222224222222222222222222222222222222222222222222222222222222222222222222222222222222020040440000001400000014000000140000001400000014000000_TBasePassPSFCachedPointIndirectLightingPolicySkylight8B95D470BB4BF92A5C22A48B60B9DA18A2BE42522144224222222222222222222222224222222222222222222222222222222222222222222424444444440222222222222222222222244442222222222222222222222222222221240222224222222222222222222222222222222222222222222222222222222222202004044001400000014000000140000001400000014000000_TBasePassPSFSelfShadowedTranslucencyPolicySkylight8B95D470BB4BF92A5C22A48B60B9DA18A2BE425223242242222222222222222222222242222222222222222222222222222222222222222224244444444402222222222222222222222444422222222222222222222222222222212402222222222222222222222222222222222222222222222222222222222222222222222222222222222020040441400000014000000140000001400000014000000_TDistortionMeshVS$3cFDistortMeshAccumulatePolicy$3e9CB0FF9E20B6CE097FCCB6E5962A01451FA7BF82152422422222222222222222222222422222222222222222222222222222222222222222242444444444022222222222222222222224444222222222222222222222222222222124022020040441400000014000000140000001400000014000000_TDistortionMeshPS$3cFDistortMeshAccumulatePolicy$3e62A552CB2488D622FE8D556CBC1643226F87BA8D15542242222222222222222222222242222222222222222222222222222222222222222224244444444402222222222222222222222444422222222222222222222222222222212402222220000440400001400000014000000140000001400000014000000_TBasePassVSFCachedPointIndirectLightingPolicy8B18AAF8F9198748E9489BA6EBEFA581D907D7CD2094224222222222222222222222224222222222222222222222222222222222222222222424444444440222222222222222222222244442222222222222222222222222222221240222224222222222222222222222222222222222222222222222222222222000044040000001400000014000000140000001400000014000000_TBasePassPSFCachedPointIndirectLightingPolicy8B95D470BB4BF92A5C22A48B60B9DA18A2BE42522144224222222222222222222222224222222222222222222222222222222222222222222424444444440222222222222222222222244442222222222222222222222222222221240222224222222222222222222222222222222222222222222222222222222222202004044001400000014000000140000001400000014000000_TBasePassVSFNoLightMapPolicyAtmosphericFog8B18AAF8F9198748E9489BA6EBEFA581D907D7CD2094224222222222222222222222224222222222222222222222222222222222222222222424444444440222222222222222222222244442222222222222222222222222222221240222224222222222222222222222222222222222222222222222222222222000044040000001400000014000000140000001400000014000000_TBasePassPSFSelfShadowedTranslucencyPolicy8B95D470BB4BF92A5C22A48B60B9DA18A2BE425223242242222222222222222222222242222222222222222222222222222222222222222224244444444402222222222222222222222444422222222222222222222222222222212402222222222222222222222222222222222222222222222222222222222222222222222222222222222020040441400000014000000140000001400000014000000_TBasePassPSFNoLightMapPolicySkylight8B95D470BB4BF92A5C22A48B60B9DA18A2BE42522144224222222222222222222222224222222222222222222222222222222222222222222424444444440222222222222222222222244442222222222222222222222222222221240222224222222222222222222222222222222222222222222222222222222222202004044001400000014000000140000001400000014000000_TBasePassVSFNoLightMapPolicy8B18AAF8F9198748E9489BA6EBEFA581D907D7CD2094224222222222222222222222224222222222222222222222222222222222222222222424444444440222222222222222222222244442222222222222222222222222222221240222224222222222222222222222222222222222222222222222222222222000044040000001400000014000000140000001400000014000000_TBasePassPSFNoLightMapPolicy8B95D470BB4BF92A5C22A48B60B9DA18A2BE42522144224222222222222222222222224222222222222222222222222222222222222222222424444444440222222222222222222222244442222222222222222222222222222221240222224222222222222222222222222222222222222222222222222222222222202004044001400000014000000140000001400000014000000_FHitProxyVS5C0034ED3664D7841C91925A723592E72A2B36DA152422422222222222222222222222422222222222222222222222222222222222222222242444444444022222222222222222222224444222222222222222222222222222222124022020040441400000014000000140000001400000014000000_FHitProxyPS4C4A0D45A86AB444F719FBBE7F5185DFF305E7E115542242222222222222222222222242222222222222222222222222222222222222222224244444444402222222222222222222222444422222222222222222222222222222212402222220000440400001400000014000000140000001400000014000000_FLocalVertexFactory5897CEF715AB93237703E35F9ABEBB43E8E477D34224200000000058000040404040404040404040434343444443434343404040404040404040404343434040404044040404040404040404040404343434444434343434040404040404040404043434340404016101010101000424244444444444444424141414341414141413131414141444341444044444444444444414141414141414141434143414141414141414141414131314444414241444444414101010004443414341414141444444434341434444444404444444444444444444444444444444444444444444444444444444444444444444444444404010101010101010101010101010101010101010101010101210443434343444144444444444444440101010101010101010101010101301434143424141414244414130331313141444444440000250000001000000010000000100000001000000010000000100000001000000010000000100000001000000010000000100000001000000010000000100000001000000010000000100000001000000010000000100000001000000010000000100000001000000025000000100000001000000010000000100000001000000010000000100000001000000010000000100000001000000010000000100000001000000010000000100000001000000010000000100000001000000010000000100000001000000010000000100000000800000008000000080000000800000008000000080000004900000010000000090000000800000010000000100000001000000026000000180000000900000009000000090000000900000009000000090000000900000009000000090000000900000009000000090000000900000009000000090000000900000009000000090000000800000008000000080000000800000008000000080000001C00000009000000090000000900000009000000090000000900000009000000080000000800000008000000080000000800000008000000080000000D000000080000009D42F93063E3B2056828859621189F45327E14190000000000000000000000000000000000000000, ShaderCompilation=2188.395508, RunGuid=RunID1C79A73A414D7D2E6B3A949852008D6F
MaterialTransactionId04AE25EE4E751E9E8AA277B012337D32_29, CacheKey=MATSM_4F0644619F9C48FF91E0D494C95EB050_PCD3D_SM5_5__BC5N_DEV_SL_NoDBuf_EARLYZ381135C804C40DE6C6758E19D95A289F8_Num_SM5__0_96872B424096FD7E643536BE214F7ABACAA34A9F4DF141F6D75401AA74CE51A5__TBasePassVSFSelfShadowedCachedPointIndirectLightingPolicyAtmosphericFog8B18AAF8F9198748E9489BA6EBEFA581D907D7CD20742242222222222222222222222242222222222222222222222222222222222222222224244444444402222222222222222222222444422222222222222222222222222222212402222222222222222222222222222222222222222222222222222222222000044041400000014000000140000001400000014000000_TTranslucencyShadowDepthVS$3cTranslucencyShadowDepth_PerspectiveCorrect$3eB2ED60FC848F36391CA491DD657E375A4A5BCC631614224222222222222222222222224222222222222222222222222222222222222222222424444444440222222222222222222222244442222222222222222222222222222221240222222222222000044040000001400000014000000140000001400000014000000_TTranslucencyShadowDepthPS$3cTranslucencyShadowDepth_PerspectiveCorrect$3eB2ED60FC848F36391CA491DD657E375A4A5BCC631664224222222222222222222222224222222222222222222222222222222222222222222424444444440222222222222222222222244442222222222222222222222222222221240222222222222222202004044001400000014000000140000001400000014000000_TBasePassPSFSelfShadowedCachedPointIndirectLightingPolicySkylight8B95D470BB4BF92A5C22A48B60B9DA18A2BE42522344224222222222222222222222224222222222222222222222222222222222222222222424444444440222222222222222222222244442222222222222222222222222222221240222224222222222222222222222222222222222222222222222222222222222222222222222222222222020040440000001400000014000000140000001400000014000000_TTranslucencyShadowDepthVS$3cTranslucencyShadowDepth_Standard$3eB2ED60FC848F36391CA491DD657E375A4A5BCC631614224222222222222222222222224222222222222222222222222222222222222222222424444444440222222222222222222222244442222222222222222222222222222221240222222222222000044040000001400000014000000140000001400000014000000_TTranslucencyShadowDepthPS$3cTranslucencyShadowDepth_Standard$3eB2ED60FC848F36391CA491DD657E375A4A5BCC631664224222222222222222222222224222222222222222222222222222222222222222222424444444440222222222222222222222244442222222222222222222222222222221240222222222222222202004044001400000014000000140000001400000014000000_TBasePassVSFCachedPointIndirectLightingPolicyAtmosphericFog8B18AAF8F9198748E9489BA6EBEFA581D907D7CD2094224222222222222222222222224222222222222222222222222222222222222222222424444444440222222222222222222222244442222222222222222222222222222221240222224222222222222222222222222222222222222222222222222222222000044040000001400000014000000140000001400000014000000_TBasePassVSFSelfShadowedCachedPointIndirectLightingPolicy8B18AAF8F9198748E9489BA6EBEFA581D907D7CD20742242222222222222222222222242222222222222222222222222222222222222222224244444444402222222222222222222222444422222222222222222222222222222212402222222222222222222222222222222222222222222222222222222222000044041400000014000000140000001400000014000000_TBasePassPSFSelfShadowedCachedPointIndirectLightingPolicy8B95D470BB4BF92A5C22A48B60B9DA18A2BE42522344224222222222222222222222224222222222222222222222222222222222222222222424444444440222222222222222222222244442222222222222222222222222222221240222224222222222222222222222222222222222222222222222222222222222222222222222222222222020040440000001400000014000000140000001400000014000000_TBasePassPSFCachedPointIndirectLightingPolicySkylight8B95D470BB4BF92A5C22A48B60B9DA18A2BE42522144224222222222222222222222224222222222222222222222222222222222222222222424444444440222222222222222222222244442222222222222222222222222222221240222224222222222222222222222222222222222222222222222222222222222202004044001400000014000000140000001400000014000000_TBasePassPSFSelfShadowedTranslucencyPolicySkylight8B95D470BB4BF92A5C22A48B60B9DA18A2BE425223242242222222222222222222222242222222222222222222222222222222222222222224244444444402222222222222222222222444422222222222222222222222222222212402222222222222222222222222222222222222222222222222222222222222222222222222222222222020040441400000014000000140000001400000014000000_TDistortionMeshVS$3cFDistortMeshAccumulatePolicy$3e9CB0FF9E20B6CE097FCCB6E5962A01451FA7BF82152422422222222222222222222222422222222222222222222222222222222222222222242444444444022222222222222222222224444222222222222222222222222222222124022020040441400000014000000140000001400000014000000_TDistortionMeshPS$3cFDistortMeshAccumulatePolicy$3e62A552CB2488D622FE8D556CBC1643226F87BA8D15542242222222222222222222222242222222222222222222222222222222222222222224244444444402222222222222222222222444422222222222222222222222222222212402222220000440400001400000014000000140000001400000014000000_TBasePassVSFCachedPointIndirectLightingPolicy8B18AAF8F9198748E9489BA6EBEFA581D907D7CD2094224222222222222222222222224222222222222222222222222222222222222222222424444444440222222222222222222222244442222222222222222222222222222221240222224222222222222222222222222222222222222222222222222222222000044040000001400000014000000140000001400000014000000_TBasePassPSFCachedPointIndirectLightingPolicy8B95D470BB4BF92A5C22A48B60B9DA18A2BE42522144224222222222222222222222224222222222222222222222222222222222222222222424444444440222222222222222222222244442222222222222222222222222222221240222224222222222222222222222222222222222222222222222222222222222202004044001400000014000000140000001400000014000000_TBasePassVSFNoLightMapPolicyAtmosphericFog8B18AAF8F9198748E9489BA6EBEFA581D907D7CD2094224222222222222222222222224222222222222222222222222222222222222222222424444444440222222222222222222222244442222222222222222222222222222221240222224222222222222222222222222222222222222222222222222222222000044040000001400000014000000140000001400000014000000_TBasePassPSFSelfShadowedTranslucencyPolicy8B95D470BB4BF92A5C22A48B60B9DA18A2BE425223242242222222222222222222222242222222222222222222222222222222222222222224244444444402222222222222222222222444422222222222222222222222222222212402222222222222222222222222222222222222222222222222222222222222222222222222222222222020040441400000014000000140000001400000014000000_TBasePassPSFNoLightMapPolicySkylight8B95D470BB4BF92A5C22A48B60B9DA18A2BE42522144224222222222222222222222224222222222222222222222222222222222222222222424444444440222222222222222222222244442222222222222222222222222222221240222224222222222222222222222222222222222222222222222222222222222202004044001400000014000000140000001400000014000000_TBasePassVSFNoLightMapPolicy8B18AAF8F9198748E9489BA6EBEFA581D907D7CD2094224222222222222222222222224222222222222222222222222222222222222222222424444444440222222222222222222222244442222222222222222222222222222221240222224222222222222222222222222222222222222222222222222222222000044040000001400000014000000140000001400000014000000_TBasePassPSFNoLightMapPolicy8B95D470BB4BF92A5C22A48B60B9DA18A2BE42522144224222222222222222222222224222222222222222222222222222222222222222222424444444440222222222222222222222244442222222222222222222222222222221240222224222222222222222222222222222222222222222222222222222222222202004044001400000014000000140000001400000014000000_FHitProxyVS5C0034ED3664D7841C91925A723592E72A2B36DA152422422222222222222222222222422222222222222222222222222222222222222222242444444444022222222222222222222224444222222222222222222222222222222124022020040441400000014000000140000001400000014000000_FHitProxyPS4C4A0D45A86AB444F719FBBE7F5185DFF305E7E115542242222222222222222222222242222222222222222222222222222222222222222224244444444402222222222222222222222444422222222222222222222222222222212402222220000440400001400000014000000140000001400000014000000_FLocalVertexFactory5897CEF715AB93237703E35F9ABEBB43E8E477D34224200000000058000040404040404040404040434343444443434343404040404040404040404343434040404044040404040404040404040404343434444434343434040404040404040404043434340404016101010101000424244444444444444424141414341414141413131414141444341444044444444444444414141414141414141434143414141414141414141414131314444414241444444414101010004443414341414141444444434341434444444404444444444444444444444444444444444444444444444444444444444444444444444444404010101010101010101010101010101010101010101010101210443434343444144444444444444440101010101010101010101010101301434143424141414244414130331313141444444440000250000001000000010000000100000001000000010000000100000001000000010000000100000001000000010000000100000001000000010000000100000001000000010000000100000001000000010000000100000001000000010000000100000001000000025000000100000001000000010000000100000001000000010000000100000001000000010000000100000001000000010000000100000001000000010000000100000001000000010000000100000001000000010000000100000001000000010000000100000000800000008000000080000000800000008000000080000004900000010000000090000000800000010000000100000001000000026000000180000000900000009000000090000000900000009000000090000000900000009000000090000000900000009000000090000000900000009000000090000000900000009000000090000000800000008000000080000000800000008000000080000001C00000009000000090000000900000009000000090000000900000009000000080000000800000008000000080000000800000008000000080000000D000000080000009D42F93063E3B2056828859621189F45327E14190000000000000000000000000000000000000000, ShaderCompilation=3413.525391, RunGuid=RunID1C79A73A414D7D2E6B3A949852008D6F
MaterialTransactionId04AE25EE4E751E9E8AA277B012337D32_30, CacheKey=MATSM_4F0644619F9C48FF91E0D494C95EB050_PCD3D_SM5_5__BC5N_DEV_SL_NoDBuf_EARLYZ30B0029224A73B54BB58865AB4DF5D009_Num_SM5__0_96872B424096FD7E643536BE214F7ABACAA34A9F4DF141F6D75401AA74CE51A5__TBasePassVSFSelfShadowedCachedPointIndirectLightingPolicyAtmosphericFog8B18AAF8F9198748E9489BA6EBEFA581D907D7CD20742242222222222222222222222242222222222222222222222222222222222222222224244444444402222222222222222222222444422222222222222222222222222222212402222222222222222222222222222222222222222222222222222222222000044041400000014000000140000001400000014000000_TTranslucencyShadowDepthVS$3cTranslucencyShadowDepth_PerspectiveCorrect$3eB2ED60FC848F36391CA491DD657E375A4A5BCC631614224222222222222222222222224222222222222222222222222222222222222222222424444444440222222222222222222222244442222222222222222222222222222221240222222222222000044040000001400000014000000140000001400000014000000_TTranslucencyShadowDepthPS$3cTranslucencyShadowDepth_PerspectiveCorrect$3eB2ED60FC848F36391CA491DD657E375A4A5BCC631664224222222222222222222222224222222222222222222222222222222222222222222424444444440222222222222222222222244442222222222222222222222222222221240222222222222222202004044001400000014000000140000001400000014000000_TBasePassPSFSelfShadowedCachedPointIndirectLightingPolicySkylight8B95D470BB4BF92A5C22A48B60B9DA18A2BE42522344224222222222222222222222224222222222222222222222222222222222222222222424444444440222222222222222222222244442222222222222222222222222222221240222224222222222222222222222222222222222222222222222222222222222222222222222222222222020040440000001400000014000000140000001400000014000000_TTranslucencyShadowDepthVS$3cTranslucencyShadowDepth_Standard$3eB2ED60FC848F36391CA491DD657E375A4A5BCC631614224222222222222222222222224222222222222222222222222222222222222222222424444444440222222222222222222222244442222222222222222222222222222221240222222222222000044040000001400000014000000140000001400000014000000_TTranslucencyShadowDepthPS$3cTranslucencyShadowDepth_Standard$3eB2ED60FC848F36391CA491DD657E375A4A5BCC631664224222222222222222222222224222222222222222222222222222222222222222222424444444440222222222222222222222244442222222222222222222222222222221240222222222222222202004044001400000014000000140000001400000014000000_TBasePassVSFCachedPointIndirectLightingPolicyAtmosphericFog8B18AAF8F9198748E9489BA6EBEFA581D907D7CD2094224222222222222222222222224222222222222222222222222222222222222222222424444444440222222222222222222222244442222222222222222222222222222221240222224222222222222222222222222222222222222222222222222222222000044040000001400000014000000140000001400000014000000_TBasePassVSFSelfShadowedCachedPointIndirectLightingPolicy8B18AAF8F9198748E9489BA6EBEFA581D907D7CD20742242222222222222222222222242222222222222222222222222222222222222222224244444444402222222222222222222222444422222222222222222222222222222212402222222222222222222222222222222222222222222222222222222222000044041400000014000000140000001400000014000000_TBasePassPSFSelfShadowedCachedPointIndirectLightingPolicy8B95D470BB4BF92A5C22A48B60B9DA18A2BE42522344224222222222222222222222224222222222222222222222222222222222222222222424444444440222222222222222222222244442222222222222222222222222222221240222224222222222222222222222222222222222222222222222222222222222222222222222222222222020040440000001400000014000000140000001400000014000000_TBasePassPSFCachedPointIndirectLightingPolicySkylight8B95D470BB4BF92A5C22A48B60B9DA18A2BE42522144224222222222222222222222224222222222222222222222222222222222222222222424444444440222222222222222222222244442222222222222222222222222222221240222224222222222222222222222222222222222222222222222222222222222202004044001400000014000000140000001400000014000000_TBasePassPSFSelfShadowedTranslucencyPolicySkylight8B95D470BB4BF92A5C22A48B60B9DA18A2BE425223242242222222222222222222222242222222222222222222222222222222222222222224244444444402222222222222222222222444422222222222222222222222222222212402222222222222222222222222222222222222222222222222222222222222222222222222222222222020040441400000014000000140000001400000014000000_TDistortionMeshVS$3cFDistortMeshAccumulatePolicy$3e9CB0FF9E20B6CE097FCCB6E5962A01451FA7BF82152422422222222222222222222222422222222222222222222222222222222222222222242444444444022222222222222222222224444222222222222222222222222222222124022020040441400000014000000140000001400000014000000_TDistortionMeshPS$3cFDistortMeshAccumulatePolicy$3e62A552CB2488D622FE8D556CBC1643226F87BA8D15542242222222222222222222222242222222222222222222222222222222222222222224244444444402222222222222222222222444422222222222222222222222222222212402222220000440400001400000014000000140000001400000014000000_TBasePassVSFCachedPointIndirectLightingPolicy8B18AAF8F9198748E9489BA6EBEFA581D907D7CD2094224222222222222222222222224222222222222222222222222222222222222222222424444444440222222222222222222222244442222222222222222222222222222221240222224222222222222222222222222222222222222222222222222222222000044040000001400000014000000140000001400000014000000_TBasePassPSFCachedPointIndirectLightingPolicy8B95D470BB4BF92A5C22A48B60B9DA18A2BE42522144224222222222222222222222224222222222222222222222222222222222222222222424444444440222222222222222222222244442222222222222222222222222222221240222224222222222222222222222222222222222222222222222222222222222202004044001400000014000000140000001400000014000000_TBasePassVSFNoLightMapPolicyAtmosphericFog8B18AAF8F9198748E9489BA6EBEFA581D907D7CD2094224222222222222222222222224222222222222222222222222222222222222222222424444444440222222222222222222222244442222222222222222222222222222221240222224222222222222222222222222222222222222222222222222222222000044040000001400000014000000140000001400000014000000_TBasePassPSFSelfShadowedTranslucencyPolicy8B95D470BB4BF92A5C22A48B60B9DA18A2BE425223242242222222222222222222222242222222222222222222222222222222222222222224244444444402222222222222222222222444422222222222222222222222222222212402222222222222222222222222222222222222222222222222222222222222222222222222222222222020040441400000014000000140000001400000014000000_TBasePassPSFNoLightMapPolicySkylight8B95D470BB4BF92A5C22A48B60B9DA18A2BE42522144224222222222222222222222224222222222222222222222222222222222222222222424444444440222222222222222222222244442222222222222222222222222222221240222224222222222222222222222222222222222222222222222222222222222202004044001400000014000000140000001400000014000000_TBasePassVSFNoLightMapPolicy8B18AAF8F9198748E9489BA6EBEFA581D907D7CD2094224222222222222222222222224222222222222222222222222222222222222222222424444444440222222222222222222222244442222222222222222222222222222221240222224222222222222222222222222222222222222222222222222222222000044040000001400000014000000140000001400000014000000_TBasePassPSFNoLightMapPolicy8B95D470BB4BF92A5C22A48B60B9DA18A2BE42522144224222222222222222222222224222222222222222222222222222222222222222222424444444440222222222222222222222244442222222222222222222222222222221240222224222222222222222222222222222222222222222222222222222222222202004044001400000014000000140000001400000014000000_FHitProxyVS5C0034ED3664D7841C91925A723592E72A2B36DA152422422222222222222222222222422222222222222222222222222222222222222222242444444444022222222222222222222224444222222222222222222222222222222124022020040441400000014000000140000001400000014000000_FHitProxyPS4C4A0D45A86AB444F719FBBE7F5185DFF305E7E115542242222222222222222222222242222222222222222222222222222222222222222224244444444402222222222222222222222444422222222222222222222222222222212402222220000440400001400000014000000140000001400000014000000_FLocalVertexFactory5897CEF715AB93237703E35F9ABEBB43E8E477D34224200000000058000040404040404040404040434343444443434343404040404040404040404343434040404044040404040404040404040404343434444434343434040404040404040404043434340404016101010101000424244444444444444424141414341414141413131414141444341444044444444444444414141414141414141434143414141414141414141414131314444414241444444414101010004443414341414141444444434341434444444404444444444444444444444444444444444444444444444444444444444444444444444444404010101010101010101010101010101010101010101010101210443434343444144444444444444440101010101010101010101010101301434143424141414244414130331313141444444440000250000001000000010000000100000001000000010000000100000001000000010000000100000001000000010000000100000001000000010000000100000001000000010000000100000001000000010000000100000001000000010000000100000001000000025000000100000001000000010000000100000001000000010000000100000001000000010000000100000001000000010000000100000001000000010000000100000001000000010000000100000001000000010000000100000001000000010000000100000000800000008000000080000000800000008000000080000004900000010000000090000000800000010000000100000001000000026000000180000000900000009000000090000000900000009000000090000000900000009000000090000000900000009000000090000000900000009000000090000000900000009000000090000000800000008000000080000000800000008000000080000001C00000009000000090000000900000009000000090000000900000009000000080000000800000008000000080000000800000008000000080000000D000000080000009D42F93063E3B2056828859621189F45327E14190000000000000000000000000000000000000000, ShaderCompilation=1981.972900, RunGuid=RunID1C79A73A414D7D2E6B3A949852008D6F
MaterialTransactionId04AE25EE4E751E9E8AA277B012337D32_31, CacheKey=MATSM_4F0644619F9C48FF91E0D494C95EB050_PCD3D_SM5_5__BC5N_DEV_SL_NoDBuf_EARLYZ331874112485B3ACD35EDEEAF04E47678_Num_SM5__0_96872B424096FD7E643536BE214F7ABACAA34A9F4DF141F6D75401AA74CE51A5__TBasePassVSFSelfShadowedCachedPointIndirectLightingPolicyAtmosphericFog8B18AAF8F9198748E9489BA6EBEFA581D907D7CD20742242222222222222222222222242222222222222222222222222222222222222222224244444444402222222222222222222222444422222222222222222222222222222212402222222222222222222222222222222222222222222222222222222222000044041400000014000000140000001400000014000000_TTranslucencyShadowDepthVS$3cTranslucencyShadowDepth_PerspectiveCorrect$3eB2ED60FC848F36391CA491DD657E375A4A5BCC631614224222222222222222222222224222222222222222222222222222222222222222222424444444440222222222222222222222244442222222222222222222222222222221240222222222222000044040000001400000014000000140000001400000014000000_TTranslucencyShadowDepthPS$3cTranslucencyShadowDepth_PerspectiveCorrect$3eB2ED60FC848F36391CA491DD657E375A4A5BCC631664224222222222222222222222224222222222222222222222222222222222222222222424444444440222222222222222222222244442222222222222222222222222222221240222222222222222202004044001400000014000000140000001400000014000000_TBasePassPSFSelfShadowedCachedPointIndirectLightingPolicySkylight8B95D470BB4BF92A5C22A48B60B9DA18A2BE42522344224222222222222222222222224222222222222222222222222222222222222222222424444444440222222222222222222222244442222222222222222222222222222221240222224222222222222222222222222222222222222222222222222222222222222222222222222222222020040440000001400000014000000140000001400000014000000_TTranslucencyShadowDepthVS$3cTranslucencyShadowDepth_Standard$3eB2ED60FC848F36391CA491DD657E375A4A5BCC631614224222222222222222222222224222222222222222222222222222222222222222222424444444440222222222222222222222244442222222222222222222222222222221240222222222222000044040000001400000014000000140000001400000014000000_TTranslucencyShadowDepthPS$3cTranslucencyShadowDepth_Standard$3eB2ED60FC848F36391CA491DD657E375A4A5BCC631664224222222222222222222222224222222222222222222222222222222222222222222424444444440222222222222222222222244442222222222222222222222222222221240222222222222222202004044001400000014000000140000001400000014000000_TBasePassVSFCachedPointIndirectLightingPolicyAtmosphericFog8B18AAF8F9198748E9489BA6EBEFA581D907D7CD2094224222222222222222222222224222222222222222222222222222222222222222222424444444440222222222222222222222244442222222222222222222222222222221240222224222222222222222222222222222222222222222222222222222222000044040000001400000014000000140000001400000014000000_TBasePassVSFSelfShadowedCachedPointIndirectLightingPolicy8B18AAF8F9198748E9489BA6EBEFA581D907D7CD20742242222222222222222222222242222222222222222222222222222222222222222224244444444402222222222222222222222444422222222222222222222222222222212402222222222222222222222222222222222222222222222222222222222000044041400000014000000140000001400000014000000_TBasePassPSFSelfShadowedCachedPointIndirectLightingPolicy8B95D470BB4BF92A5C22A48B60B9DA18A2BE42522344224222222222222222222222224222222222222222222222222222222222222222222424444444440222222222222222222222244442222222222222222222222222222221240222224222222222222222222222222222222222222222222222222222222222222222222222222222222020040440000001400000014000000140000001400000014000000_TBasePassPSFCachedPointIndirectLightingPolicySkylight8B95D470BB4BF92A5C22A48B60B9DA18A2BE42522144224222222222222222222222224222222222222222222222222222222222222222222424444444440222222222222222222222244442222222222222222222222222222221240222224222222222222222222222222222222222222222222222222222222222202004044001400000014000000140000001400000014000000_TBasePassPSFSelfShadowedTranslucencyPolicySkylight8B95D470BB4BF92A5C22A48B60B9DA18A2BE425223242242222222222222222222222242222222222222222222222222222222222222222224244444444402222222222222222222222444422222222222222222222222222222212402222222222222222222222222222222222222222222222222222222222222222222222222222222222020040441400000014000000140000001400000014000000_TDistortionMeshVS$3cFDistortMeshAccumulatePolicy$3e9CB0FF9E20B6CE097FCCB6E5962A01451FA7BF82152422422222222222222222222222422222222222222222222222222222222222222222242444444444022222222222222222222224444222222222222222222222222222222124022020040441400000014000000140000001400000014000000_TDistortionMeshPS$3cFDistortMeshAccumulatePolicy$3e62A552CB2488D622FE8D556CBC1643226F87BA8D15542242222222222222222222222242222222222222222222222222222222222222222224244444444402222222222222222222222444422222222222222222222222222222212402222220000440400001400000014000000140000001400000014000000_TBasePassVSFCachedPointIndirectLightingPolicy8B18AAF8F9198748E9489BA6EBEFA581D907D7CD2094224222222222222222222222224222222222222222222222222222222222222222222424444444440222222222222222222222244442222222222222222222222222222221240222224222222222222222222222222222222222222222222222222222222000044040000001400000014000000140000001400000014000000_TBasePassPSFCachedPointIndirectLightingPolicy8B95D470BB4BF92A5C22A48B60B9DA18A2BE42522144224222222222222222222222224222222222222222222222222222222222222222222424444444440222222222222222222222244442222222222222222222222222222221240222224222222222222222222222222222222222222222222222222222222222202004044001400000014000000140000001400000014000000_TBasePassVSFNoLightMapPolicyAtmosphericFog8B18AAF8F9198748E9489BA6EBEFA581D907D7CD2094224222222222222222222222224222222222222222222222222222222222222222222424444444440222222222222222222222244442222222222222222222222222222221240222224222222222222222222222222222222222222222222222222222222000044040000001400000014000000140000001400000014000000_TBasePassPSFSelfShadowedTranslucencyPolicy8B95D470BB4BF92A5C22A48B60B9DA18A2BE425223242242222222222222222222222242222222222222222222222222222222222222222224244444444402222222222222222222222444422222222222222222222222222222212402222222222222222222222222222222222222222222222222222222222222222222222222222222222020040441400000014000000140000001400000014000000_TBasePassPSFNoLightMapPolicySkylight8B95D470BB4BF92A5C22A48B60B9DA18A2BE42522144224222222222222222222222224222222222222222222222222222222222222222222424444444440222222222222222222222244442222222222222222222222222222221240222224222222222222222222222222222222222222222222222222222222222202004044001400000014000000140000001400000014000000_TBasePassVSFNoLightMapPolicy8B18AAF8F9198748E9489BA6EBEFA581D907D7CD2094224222222222222222222222224222222222222222222222222222222222222222222424444444440222222222222222222222244442222222222222222222222222222221240222224222222222222222222222222222222222222222222222222222222000044040000001400000014000000140000001400000014000000_TBasePassPSFNoLightMapPolicy8B95D470BB4BF92A5C22A48B60B9DA18A2BE42522144224222222222222222222222224222222222222222222222222222222222222222222424444444440222222222222222222222244442222222222222222222222222222221240222224222222222222222222222222222222222222222222222222222222222202004044001400000014000000140000001400000014000000_FHitProxyVS5C0034ED3664D7841C91925A723592E72A2B36DA152422422222222222222222222222422222222222222222222222222222222222222222242444444444022222222222222222222224444222222222222222222222222222222124022020040441400000014000000140000001400000014000000_FHitProxyPS4C4A0D45A86AB444F719FBBE7F5185DFF305E7E115542242222222222222222222222242222222222222222222222222222222222222222224244444444402222222222222222222222444422222222222222222222222222222212402222220000440400001400000014000000140000001400000014000000_FLocalVertexFactory5897CEF715AB93237703E35F9ABEBB43E8E477D34224200000000058000040404040404040404040434343444443434343404040404040404040404343434040404044040404040404040404040404343434444434343434040404040404040404043434340404016101010101000424244444444444444424141414341414141413131414141444341444044444444444444414141414141414141434143414141414141414141414131314444414241444444414101010004443414341414141444444434341434444444404444444444444444444444444444444444444444444444444444444444444444444444444404010101010101010101010101010101010101010101010101210443434343444144444444444444440101010101010101010101010101301434143424141414244414130331313141444444440000250000001000000010000000100000001000000010000000100000001000000010000000100000001000000010000000100000001000000010000000100000001000000010000000100000001000000010000000100000001000000010000000100000001000000025000000100000001000000010000000100000001000000010000000100000001000000010000000100000001000000010000000100000001000000010000000100000001000000010000000100000001000000010000000100000001000000010000000100000000800000008000000080000000800000008000000080000004900000010000000090000000800000010000000100000001000000026000000180000000900000009000000090000000900000009000000090000000900000009000000090000000900000009000000090000000900000009000000090000000900000009000000090000000800000008000000080000000800000008000000080000001C00000009000000090000000900000009000000090000000900000009000000080000000800000008000000080000000800000008000000080000000D000000080000009D42F93063E3B2056828859621189F45327E14190000000000000000000000000000000000000000, ShaderCompilation=22258.244141, RunGuid=RunID1C79A73A414D7D2E6B3A949852008D6F
MaterialTransactionId04AE25EE4E751E9E8AA277B012337D32_32, CacheKey=MATSM_4F0644619F9C48FF91E0D494C95EB050_PCD3D_SM5_5__BC5N_DEV_SL_NoDBuf_EARLYZ3CFD28CCF498D4946A754A9896B708741_Num_SM5__0_96872B424096FD7E643536BE214F7ABACAA34A9F4DF141F6D75401AA74CE51A5__TBasePassVSFSelfShadowedCachedPointIndirectLightingPolicyAtmosphericFog8B18AAF8F9198748E9489BA6EBEFA581D907D7CD20742242222222222222222222222242222222222222222222222222222222222222222224244444444402222222222222222222222444422222222222222222222222222222212402222222222222222222222222222222222222222222222222222222222000044041400000014000000140000001400000014000000_TTranslucencyShadowDepthVS$3cTranslucencyShadowDepth_PerspectiveCorrect$3eB2ED60FC848F36391CA491DD657E375A4A5BCC631614224222222222222222222222224222222222222222222222222222222222222222222424444444440222222222222222222222244442222222222222222222222222222221240222222222222000044040000001400000014000000140000001400000014000000_TTranslucencyShadowDepthPS$3cTranslucencyShadowDepth_PerspectiveCorrect$3eB2ED60FC848F36391CA491DD657E375A4A5BCC631664224222222222222222222222224222222222222222222222222222222222222222222424444444440222222222222222222222244442222222222222222222222222222221240222222222222222202004044001400000014000000140000001400000014000000_TBasePassPSFSelfShadowedCachedPointIndirectLightingPolicySkylight8B95D470BB4BF92A5C22A48B60B9DA18A2BE42522344224222222222222222222222224222222222222222222222222222222222222222222424444444440222222222222222222222244442222222222222222222222222222221240222224222222222222222222222222222222222222222222222222222222222222222222222222222222020040440000001400000014000000140000001400000014000000_TTranslucencyShadowDepthVS$3cTranslucencyShadowDepth_Standard$3eB2ED60FC848F36391CA491DD657E375A4A5BCC631614224222222222222222222222224222222222222222222222222222222222222222222424444444440222222222222222222222244442222222222222222222222222222221240222222222222000044040000001400000014000000140000001400000014000000_TTranslucencyShadowDepthPS$3cTranslucencyShadowDepth_Standard$3eB2ED60FC848F36391CA491DD657E375A4A5BCC631664224222222222222222222222224222222222222222222222222222222222222222222424444444440222222222222222222222244442222222222222222222222222222221240222222222222222202004044001400000014000000140000001400000014000000_TBasePassVSFCachedPointIndirectLightingPolicyAtmosphericFog8B18AAF8F9198748E9489BA6EBEFA581D907D7CD2094224222222222222222222222224222222222222222222222222222222222222222222424444444440222222222222222222222244442222222222222222222222222222221240222224222222222222222222222222222222222222222222222222222222000044040000001400000014000000140000001400000014000000_TBasePassVSFSelfShadowedCachedPointIndirectLightingPolicy8B18AAF8F9198748E9489BA6EBEFA581D907D7CD20742242222222222222222222222242222222222222222222222222222222222222222224244444444402222222222222222222222444422222222222222222222222222222212402222222222222222222222222222222222222222222222222222222222000044041400000014000000140000001400000014000000_TBasePassPSFSelfShadowedCachedPointIndirectLightingPolicy8B95D470BB4BF92A5C22A48B60B9DA18A2BE42522344224222222222222222222222224222222222222222222222222222222222222222222424444444440222222222222222222222244442222222222222222222222222222221240222224222222222222222222222222222222222222222222222222222222222222222222222222222222020040440000001400000014000000140000001400000014000000_TBasePassPSFCachedPointIndirectLightingPolicySkylight8B95D470BB4BF92A5C22A48B60B9DA18A2BE42522144224222222222222222222222224222222222222222222222222222222222222222222424444444440222222222222222222222244442222222222222222222222222222221240222224222222222222222222222222222222222222222222222222222222222202004044001400000014000000140000001400000014000000_TBasePassPSFSelfShadowedTranslucencyPolicySkylight8B95D470BB4BF92A5C22A48B60B9DA18A2BE425223242242222222222222222222222242222222222222222222222222222222222222222224244444444402222222222222222222222444422222222222222222222222222222212402222222222222222222222222222222222222222222222222222222222222222222222222222222222020040441400000014000000140000001400000014000000_TDistortionMeshVS$3cFDistortMeshAccumulatePolicy$3e9CB0FF9E20B6CE097FCCB6E5962A01451FA7BF82152422422222222222222222222222422222222222222222222222222222222222222222242444444444022222222222222222222224444222222222222222222222222222222124022020040441400000014000000140000001400000014000000_TDistortionMeshPS$3cFDistortMeshAccumulatePolicy$3e62A552CB2488D622FE8D556CBC1643226F87BA8D15542242222222222222222222222242222222222222222222222222222222222222222224244444444402222222222222222222222444422222222222222222222222222222212402222220000440400001400000014000000140000001400000014000000_TBasePassVSFCachedPointIndirectLightingPolicy8B18AAF8F9198748E9489BA6EBEFA581D907D7CD2094224222222222222222222222224222222222222222222222222222222222222222222424444444440222222222222222222222244442222222222222222222222222222221240222224222222222222222222222222222222222222222222222222222222000044040000001400000014000000140000001400000014000000_TBasePassPSFCachedPointIndirectLightingPolicy8B95D470BB4BF92A5C22A48B60B9DA18A2BE42522144224222222222222222222222224222222222222222222222222222222222222222222424444444440222222222222222222222244442222222222222222222222222222221240222224222222222222222222222222222222222222222222222222222222222202004044001400000014000000140000001400000014000000_TBasePassVSFNoLightMapPolicyAtmosphericFog8B18AAF8F9198748E9489BA6EBEFA581D907D7CD2094224222222222222222222222224222222222222222222222222222222222222222222424444444440222222222222222222222244442222222222222222222222222222221240222224222222222222222222222222222222222222222222222222222222000044040000001400000014000000140000001400000014000000_TBasePassPSFSelfShadowedTranslucencyPolicy8B95D470BB4BF92A5C22A48B60B9DA18A2BE425223242242222222222222222222222242222222222222222222222222222222222222222224244444444402222222222222222222222444422222222222222222222222222222212402222222222222222222222222222222222222222222222222222222222222222222222222222222222020040441400000014000000140000001400000014000000_TBasePassPSFNoLightMapPolicySkylight8B95D470BB4BF92A5C22A48B60B9DA18A2BE42522144224222222222222222222222224222222222222222222222222222222222222222222424444444440222222222222222222222244442222222222222222222222222222221240222224222222222222222222222222222222222222222222222222222222222202004044001400000014000000140000001400000014000000_TBasePassVSFNoLightMapPolicy8B18AAF8F9198748E9489BA6EBEFA581D907D7CD2094224222222222222222222222224222222222222222222222222222222222222222222424444444440222222222222222222222244442222222222222222222222222222221240222224222222222222222222222222222222222222222222222222222222000044040000001400000014000000140000001400000014000000_TBasePassPSFNoLightMapPolicy8B95D470BB4BF92A5C22A48B60B9DA18A2BE42522144224222222222222222222222224222222222222222222222222222222222222222222424444444440222222222222222222222244442222222222222222222222222222221240222224222222222222222222222222222222222222222222222222222222222202004044001400000014000000140000001400000014000000_FHitProxyVS5C0034ED3664D7841C91925A723592E72A2B36DA152422422222222222222222222222422222222222222222222222222222222222222222242444444444022222222222222222222224444222222222222222222222222222222124022020040441400000014000000140000001400000014000000_FHitProxyPS4C4A0D45A86AB444F719FBBE7F5185DFF305E7E115542242222222222222222222222242222222222222222222222222222222222222222224244444444402222222222222222222222444422222222222222222222222222222212402222220000440400001400000014000000140000001400000014000000_FLocalVertexFactory5897CEF715AB93237703E35F9ABEBB43E8E477D34224200000000058000040404040404040404040434343444443434343404040404040404040404343434040404044040404040404040404040404343434444434343434040404040404040404043434340404016101010101000424244444444444444424141414341414141413131414141444341444044444444444444414141414141414141434143414141414141414141414131314444414241444444414101010004443414341414141444444434341434444444404444444444444444444444444444444444444444444444444444444444444444444444444404010101010101010101010101010101010101010101010101210443434343444144444444444444440101010101010101010101010101301434143424141414244414130331313141444444440000250000001000000010000000100000001000000010000000100000001000000010000000100000001000000010000000100000001000000010000000100000001000000010000000100000001000000010000000100000001000000010000000100000001000000025000000100000001000000010000000100000001000000010000000100000001000000010000000100000001000000010000000100000001000000010000000100000001000000010000000100000001000000010000000100000001000000010000000100000000800000008000000080000000800000008000000080000004900000010000000090000000800000010000000100000001000000026000000180000000900000009000000090000000900000009000000090000000900000009000000090000000900000009000000090000000900000009000000090000000900000009000000090000000800000008000000080000000800000008000000080000001C00000009000000090000000900000009000000090000000900000009000000080000000800000008000000080000000800000008000000080000000D000000080000009D42F93063E3B2056828859621189F45327E14190000000000000000000000000000000000000000, ShaderCompilation=20134.632813, RunGuid=RunID1C79A73A414D7D2E6B3A949852008D6F
MaterialTransactionId04AE25EE4E751E9E8AA277B012337D32_33, CacheKey=MATSM_4F0644619F9C48FF91E0D494C95EB050_PCD3D_SM5_5__BC5N_DEV_SL_NoDBuf_EARLYZ3962F859948BBAA52559F1D8B98B6ED13_Num_SM5__0_96872B424096FD7E643536BE214F7ABACAA34A9F4DF141F6D75401AA74CE51A5__TBasePassVSFSelfShadowedCachedPointIndirectLightingPolicyAtmosphericFog8B18AAF8F9198748E9489BA6EBEFA581D907D7CD20742242222222222222222222222242222222222222222222222222222222222222222224244444444402222222222222222222222444422222222222222222222222222222212402222222222222222222222222222222222222222222222222222222222000044041400000014000000140000001400000014000000_TTranslucencyShadowDepthVS$3cTranslucencyShadowDepth_PerspectiveCorrect$3eB2ED60FC848F36391CA491DD657E375A4A5BCC631614224222222222222222222222224222222222222222222222222222222222222222222424444444440222222222222222222222244442222222222222222222222222222221240222222222222000044040000001400000014000000140000001400000014000000_TTranslucencyShadowDepthPS$3cTranslucencyShadowDepth_PerspectiveCorrect$3eB2ED60FC848F36391CA491DD657E375A4A5BCC631664224222222222222222222222224222222222222222222222222222222222222222222424444444440222222222222222222222244442222222222222222222222222222221240222222222222222202004044001400000014000000140000001400000014000000_TBasePassPSFSelfShadowedCachedPointIndirectLightingPolicySkylight8B95D470BB4BF92A5C22A48B60B9DA18A2BE42522344224222222222222222222222224222222222222222222222222222222222222222222424444444440222222222222222222222244442222222222222222222222222222221240222224222222222222222222222222222222222222222222222222222222222222222222222222222222020040440000001400000014000000140000001400000014000000_TTranslucencyShadowDepthVS$3cTranslucencyShadowDepth_Standard$3eB2ED60FC848F36391CA491DD657E375A4A5BCC631614224222222222222222222222224222222222222222222222222222222222222222222424444444440222222222222222222222244442222222222222222222222222222221240222222222222000044040000001400000014000000140000001400000014000000_TTranslucencyShadowDepthPS$3cTranslucencyShadowDepth_Standard$3eB2ED60FC848F36391CA491DD657E375A4A5BCC631664224222222222222222222222224222222222222222222222222222222222222222222424444444440222222222222222222222244442222222222222222222222222222221240222222222222222202004044001400000014000000140000001400000014000000_TBasePassVSFCachedPointIndirectLightingPolicyAtmosphericFog8B18AAF8F9198748E9489BA6EBEFA581D907D7CD2094224222222222222222222222224222222222222222222222222222222222222222222424444444440222222222222222222222244442222222222222222222222222222221240222224222222222222222222222222222222222222222222222222222222000044040000001400000014000000140000001400000014000000_TBasePassVSFSelfShadowedCachedPointIndirectLightingPolicy8B18AAF8F9198748E9489BA6EBEFA581D907D7CD20742242222222222222222222222242222222222222222222222222222222222222222224244444444402222222222222222222222444422222222222222222222222222222212402222222222222222222222222222222222222222222222222222222222000044041400000014000000140000001400000014000000_TBasePassPSFSelfShadowedCachedPointIndirectLightingPolicy8B95D470BB4BF92A5C22A48B60B9DA18A2BE42522344224222222222222222222222224222222222222222222222222222222222222222222424444444440222222222222222222222244442222222222222222222222222222221240222224222222222222222222222222222222222222222222222222222222222222222222222222222222020040440000001400000014000000140000001400000014000000_TBasePassVSFSelfShadowedTranslucencyPolicyAtmosphericFog8B18AAF8F9198748E9489BA6EBEFA581D907D7CD20742242222222222222222222222242222222222222222222222222222222222222222224244444444402222222222222222222222444422222222222222222222222222222212402222222222222222222222222222222222222222222222222222222222000044041400000014000000140000001400000014000000_TBasePassVSFSimpleDynamicLightingPolicyAtmosphericFog8B18AAF8F9198748E9489BA6EBEFA581D907D7CD2094224222222222222222222222224222222222222222222222222222222222222222222424444444440222222222222222222222244442222222222222222222222222222221240222224222222222222222222222222222222222222222222222222222222000044040000001400000014000000140000001400000014000000_TBasePassPSFCachedPointIndirectLightingPolicySkylight8B95D470BB4BF92A5C22A48B60B9DA18A2BE42522144224222222222222222222222224222222222222222222222222222222222222222222424444444440222222222222222222222244442222222222222222222222222222221240222224222222222222222222222222222222222222222222222222222222222202004044001400000014000000140000001400000014000000_TBasePassPSFSelfShadowedTranslucencyPolicySkylight8B95D470BB4BF92A5C22A48B60B9DA18A2BE425223242242222222222222222222222242222222222222222222222222222222222222222224244444444402222222222222222222222444422222222222222222222222222222212402222222222222222222222222222222222222222222222222222222222222222222222222222222222020040441400000014000000140000001400000014000000_TDistortionMeshVS$3cFDistortMeshAccumulatePolicy$3e9CB0FF9E20B6CE097FCCB6E5962A01451FA7BF82152422422222222222222222222222422222222222222222222222222222222222222222242444444444022222222222222222222224444222222222222222222222222222222124022020040441400000014000000140000001400000014000000_TDistortionMeshPS$3cFDistortMeshAccumulatePolicy$3e62A552CB2488D622FE8D556CBC1643226F87BA8D15542242222222222222222222222242222222222222222222222222222222222222222224244444444402222222222222222222222444422222222222222222222222222222212402222220000440400001400000014000000140000001400000014000000_TBasePassPSFSimpleDynamicLightingPolicySkylight8B95D470BB4BF92A5C22A48B60B9DA18A2BE42522144224222222222222222222222224222222222222222222222222222222222222222222424444444440222222222222222222222244442222222222222222222222222222221240222224222222222222222222222222222222222222222222222222222222222202004044001400000014000000140000001400000014000000_TBasePassVSFCachedPointIndirectLightingPolicy8B18AAF8F9198748E9489BA6EBEFA581D907D7CD2094224222222222222222222222224222222222222222222222222222222222222222222424444444440222222222222222222222244442222222222222222222222222222221240222224222222222222222222222222222222222222222222222222222222000044040000001400000014000000140000001400000014000000_TBasePassPSFCachedPointIndirectLightingPolicy8B95D470BB4BF92A5C22A48B60B9DA18A2BE42522144224222222222222222222222224222222222222222222222222222222222222222222424444444440222222222222222222222244442222222222222222222222222222221240222224222222222222222222222222222222222222222222222222222222222202004044001400000014000000140000001400000014000000_TBasePassVSFSelfShadowedTranslucencyPolicy8B18AAF8F9198748E9489BA6EBEFA581D907D7CD20742242222222222222222222222242222222222222222222222222222222222222222224244444444402222222222222222222222444422222222222222222222222222222212402222222222222222222222222222222222222222222222222222222222000044041400000014000000140000001400000014000000_TBasePassVSFNoLightMapPolicyAtmosphericFog8B18AAF8F9198748E9489BA6EBEFA581D907D7CD2094224222222222222222222222224222222222222222222222222222222222222222222424444444440222222222222222222222244442222222222222222222222222222221240222224222222222222222222222222222222222222222222222222222222000044040000001400000014000000140000001400000014000000_TBasePassPSFSelfShadowedTranslucencyPolicy8B95D470BB4BF92A5C22A48B60B9DA18A2BE425223242242222222222222222222222242222222222222222222222222222222222222222224244444444402222222222222222222222444422222222222222222222222222222212402222222222222222222222222222222222222222222222222222222222222222222222222222222222020040441400000014000000140000001400000014000000_TBasePassVSFSimpleDynamicLightingPolicy8B18AAF8F9198748E9489BA6EBEFA581D907D7CD2094224222222222222222222222224222222222222222222222222222222222222222222424444444440222222222222222222222244442222222222222222222222222222221240222224222222222222222222222222222222222222222222222222222222000044040000001400000014000000140000001400000014000000_TBasePassPSFSimpleDynamicLightingPolicy8B95D470BB4BF92A5C22A48B60B9DA18A2BE42522144224222222222222222222222224222222222222222222222222222222222222222222424444444440222222222222222222222244442222222222222222222222222222221240222224222222222222222222222222222222222222222222222222222222222202004044001400000014000000140000001400000014000000_TBasePassPSFNoLightMapPolicySkylight8B95D470BB4BF92A5C22A48B60B9DA18A2BE42522144224222222222222222222222224222222222222222222222222222222222222222222424444444440222222222222222222222244442222222222222222222222222222221240222224222222222222222222222222222222222222222222222222222222222202004044001400000014000000140000001400000014000000_TBasePassVSFNoLightMapPolicy8B18AAF8F9198748E9489BA6EBEFA581D907D7CD2094224222222222222222222222224222222222222222222222222222222222222222222424444444440222222222222222222222244442222222222222222222222222222221240222224222222222222222222222222222222222222222222222222222222000044040000001400000014000000140000001400000014000000_TBasePassPSFNoLightMapPolicy8B95D470BB4BF92A5C22A48B60B9DA18A2BE42522144224222222222222222222222224222222222222222222222222222222222222222222424444444440222222222222222222222244442222222222222222222222222222221240222224222222222222222222222222222222222222222222222222222222222202004044001400000014000000140000001400000014000000_FEvaluateSurfelMaterialCS6258113C2EBBF117ED7778A8D1717F7C4F99C7B816742242222222222222222222222242222222222222222222222222222222222222222224244444444402222222222222222222222444422222222222222222222222222222222222222222222222222220000440414000000140000001400000014000000_FConvertToUniformMeshVSE7DF727A12438F2D529D6604B0B1C022849CCFEB152422422222222222222222222222422222222222222222222222222222222222222222242444444444022222222222222222222224444222222222222222222222222222222124022020040441400000014000000140000001400000014000000_FConvertToUniformMeshGSE7DF727A12438F2D529D6604B0B1C022849CCFEB152422422222222222222222222222422222222222222222222222222222222222222222242444444444022222222222222222222224444222222222222222222222222222222124022020040441400000014000000140000001400000014000000_FHitProxyVS5C0034ED3664D7841C91925A723592E72A2B36DA152422422222222222222222222222422222222222222222222222222222222222222222242444444444022222222222222222222224444222222222222222222222222222222124022020040441400000014000000140000001400000014000000_FHitProxyPS4C4A0D45A86AB444F719FBBE7F5185DFF305E7E115542242222222222222222222222242222222222222222222222222222222222222222224244444444402222222222222222222222444422222222222222222222222222222212402222220000440400001400000014000000140000001400000014000000_FLocalVertexFactory5897CEF715AB93237703E35F9ABEBB43E8E477D34224200000000058000040404040404040404040434343444443434343404040404040404040404343434040404044040404040404040404040404343434444434343434040404040404040404043434340404016101010101000424244444444444444424141414341414141413131414141444341444044444444444444414141414141414141434143414141414141414141414131314444414241444444414101010004443414341414141444444434341434444444404444444444444444444444444444444444444444444444444444444444444444444444444404010101010101010101010101010101010101010101010101210443434343444144444444444444440101010101010101010101010101301434143424141414244414130331313141444444440000250000001000000010000000100000001000000010000000100000001000000010000000100000001000000010000000100000001000000010000000100000001000000010000000100000001000000010000000100000001000000010000000100000001000000025000000100000001000000010000000100000001000000010000000100000001000000010000000100000001000000010000000100000001000000010000000100000001000000010000000100000001000000010000000100000001000000010000000100000000800000008000000080000000800000008000000080000004900000010000000090000000800000010000000100000001000000026000000180000000900000009000000090000000900000009000000090000000900000009000000090000000900000009000000090000000900000009000000090000000900000009000000090000000800000008000000080000000800000008000000080000001C00000009000000090000000900000009000000090000000900000009000000080000000800000008000000080000000800000008000000080000000D000000080000009D42F93063E3B2056828859621189F45327E14190000000000000000000000000000000000000000, RunGuid=RunID1C79A73A414D7D2E6B3A949852008D6F
MaterialTransactionId04AE25EE4E751E9E8AA277B012337D32_34, CacheKey=MATSM_4F0644619F9C48FF91E0D494C95EB050_PCD3D_SM5_5__BC5N_DEV_SL_NoDBuf_EARLYZ31B189D2342AED6EDF9CF478109D7ACF7_Num_SM5__0_96872B424096FD7E643536BE214F7ABACAA34A9F4DF141F6D75401AA74CE51A5__TBasePassVSFSelfShadowedCachedPointIndirectLightingPolicyAtmosphericFog8B18AAF8F9198748E9489BA6EBEFA581D907D7CD20742242222222222222222222222242222222222222222222222222222222222222222224244444444402222222222222222222222444422222222222222222222222222222212402222222222222222222222222222222222222222222222222222222222000044041400000014000000140000001400000014000000_TTranslucencyShadowDepthVS$3cTranslucencyShadowDepth_PerspectiveCorrect$3eB2ED60FC848F36391CA491DD657E375A4A5BCC631614224222222222222222222222224222222222222222222222222222222222222222222424444444440222222222222222222222244442222222222222222222222222222221240222222222222000044040000001400000014000000140000001400000014000000_TTranslucencyShadowDepthPS$3cTranslucencyShadowDepth_PerspectiveCorrect$3eB2ED60FC848F36391CA491DD657E375A4A5BCC631664224222222222222222222222224222222222222222222222222222222222222222222424444444440222222222222222222222244442222222222222222222222222222221240222222222222222202004044001400000014000000140000001400000014000000_TBasePassPSFSelfShadowedCachedPointIndirectLightingPolicySkylight8B95D470BB4BF92A5C22A48B60B9DA18A2BE42522344224222222222222222222222224222222222222222222222222222222222222222222424444444440222222222222222222222244442222222222222222222222222222221240222224222222222222222222222222222222222222222222222222222222222222222222222222222222020040440000001400000014000000140000001400000014000000_TTranslucencyShadowDepthVS$3cTranslucencyShadowDepth_Standard$3eB2ED60FC848F36391CA491DD657E375A4A5BCC631614224222222222222222222222224222222222222222222222222222222222222222222424444444440222222222222222222222244442222222222222222222222222222221240222222222222000044040000001400000014000000140000001400000014000000_TTranslucencyShadowDepthPS$3cTranslucencyShadowDepth_Standard$3eB2ED60FC848F36391CA491DD657E375A4A5BCC631664224222222222222222222222224222222222222222222222222222222222222222222424444444440222222222222222222222244442222222222222222222222222222221240222222222222222202004044001400000014000000140000001400000014000000_TBasePassVSFCachedPointIndirectLightingPolicyAtmosphericFog8B18AAF8F9198748E9489BA6EBEFA581D907D7CD2094224222222222222222222222224222222222222222222222222222222222222222222424444444440222222222222222222222244442222222222222222222222222222221240222224222222222222222222222222222222222222222222222222222222000044040000001400000014000000140000001400000014000000_TBasePassVSFSelfShadowedCachedPointIndirectLightingPolicy8B18AAF8F9198748E9489BA6EBEFA581D907D7CD20742242222222222222222222222242222222222222222222222222222222222222222224244444444402222222222222222222222444422222222222222222222222222222212402222222222222222222222222222222222222222222222222222222222000044041400000014000000140000001400000014000000_TBasePassPSFSelfShadowedCachedPointIndirectLightingPolicy8B95D470BB4BF92A5C22A48B60B9DA18A2BE42522344224222222222222222222222224222222222222222222222222222222222222222222424444444440222222222222222222222244442222222222222222222222222222221240222224222222222222222222222222222222222222222222222222222222222222222222222222222222020040440000001400000014000000140000001400000014000000_TBasePassVSFSelfShadowedTranslucencyPolicyAtmosphericFog8B18AAF8F9198748E9489BA6EBEFA581D907D7CD20742242222222222222222222222242222222222222222222222222222222222222222224244444444402222222222222222222222444422222222222222222222222222222212402222222222222222222222222222222222222222222222222222222222000044041400000014000000140000001400000014000000_TBasePassVSFSimpleDynamicLightingPolicyAtmosphericFog8B18AAF8F9198748E9489BA6EBEFA581D907D7CD2094224222222222222222222222224222222222222222222222222222222222222222222424444444440222222222222222222222244442222222222222222222222222222221240222224222222222222222222222222222222222222222222222222222222000044040000001400000014000000140000001400000014000000_TBasePassPSFCachedPointIndirectLightingPolicySkylight8B95D470BB4BF92A5C22A48B60B9DA18A2BE42522144224222222222222222222222224222222222222222222222222222222222222222222424444444440222222222222222222222244442222222222222222222222222222221240222224222222222222222222222222222222222222222222222222222222222202004044001400000014000000140000001400000014000000_TBasePassPSFSelfShadowedTranslucencyPolicySkylight8B95D470BB4BF92A5C22A48B60B9DA18A2BE425223242242222222222222222222222242222222222222222222222222222222222222222224244444444402222222222222222222222444422222222222222222222222222222212402222222222222222222222222222222222222222222222222222222222222222222222222222222222020040441400000014000000140000001400000014000000_TDistortionMeshVS$3cFDistortMeshAccumulatePolicy$3e9CB0FF9E20B6CE097FCCB6E5962A01451FA7BF82152422422222222222222222222222422222222222222222222222222222222222222222242444444444022222222222222222222224444222222222222222222222222222222124022020040441400000014000000140000001400000014000000_TDistortionMeshPS$3cFDistortMeshAccumulatePolicy$3e62A552CB2488D622FE8D556CBC1643226F87BA8D15542242222222222222222222222242222222222222222222222222222222222222222224244444444402222222222222222222222444422222222222222222222222222222212402222220000440400001400000014000000140000001400000014000000_TBasePassPSFSimpleDynamicLightingPolicySkylight8B95D470BB4BF92A5C22A48B60B9DA18A2BE42522144224222222222222222222222224222222222222222222222222222222222222222222424444444440222222222222222222222244442222222222222222222222222222221240222224222222222222222222222222222222222222222222222222222222222202004044001400000014000000140000001400000014000000_TBasePassVSFCachedPointIndirectLightingPolicy8B18AAF8F9198748E9489BA6EBEFA581D907D7CD2094224222222222222222222222224222222222222222222222222222222222222222222424444444440222222222222222222222244442222222222222222222222222222221240222224222222222222222222222222222222222222222222222222222222000044040000001400000014000000140000001400000014000000_TBasePassPSFCachedPointIndirectLightingPolicy8B95D470BB4BF92A5C22A48B60B9DA18A2BE42522144224222222222222222222222224222222222222222222222222222222222222222222424444444440222222222222222222222244442222222222222222222222222222221240222224222222222222222222222222222222222222222222222222222222222202004044001400000014000000140000001400000014000000_TBasePassVSFSelfShadowedTranslucencyPolicy8B18AAF8F9198748E9489BA6EBEFA581D907D7CD20742242222222222222222222222242222222222222222222222222222222222222222224244444444402222222222222222222222444422222222222222222222222222222212402222222222222222222222222222222222222222222222222222222222000044041400000014000000140000001400000014000000_TBasePassVSFNoLightMapPolicyAtmosphericFog8B18AAF8F9198748E9489BA6EBEFA581D907D7CD2094224222222222222222222222224222222222222222222222222222222222222222222424444444440222222222222222222222244442222222222222222222222222222221240222224222222222222222222222222222222222222222222222222222222000044040000001400000014000000140000001400000014000000_TBasePassPSFSelfShadowedTranslucencyPolicy8B95D470BB4BF92A5C22A48B60B9DA18A2BE425223242242222222222222222222222242222222222222222222222222222222222222222224244444444402222222222222222222222444422222222222222222222222222222212402222222222222222222222222222222222222222222222222222222222222222222222222222222222020040441400000014000000140000001400000014000000_TBasePassVSFSimpleDynamicLightingPolicy8B18AAF8F9198748E9489BA6EBEFA581D907D7CD2094224222222222222222222222224222222222222222222222222222222222222222222424444444440222222222222222222222244442222222222222222222222222222221240222224222222222222222222222222222222222222222222222222222222000044040000001400000014000000140000001400000014000000_TBasePassPSFSimpleDynamicLightingPolicy8B95D470BB4BF92A5C22A48B60B9DA18A2BE42522144224222222222222222222222224222222222222222222222222222222222222222222424444444440222222222222222222222244442222222222222222222222222222221240222224222222222222222222222222222222222222222222222222222222222202004044001400000014000000140000001400000014000000_TBasePassPSFNoLightMapPolicySkylight8B95D470BB4BF92A5C22A48B60B9DA18A2BE42522144224222222222222222222222224222222222222222222222222222222222222222222424444444440222222222222222222222244442222222222222222222222222222221240222224222222222222222222222222222222222222222222222222222222222202004044001400000014000000140000001400000014000000_TBasePassVSFNoLightMapPolicy8B18AAF8F9198748E9489BA6EBEFA581D907D7CD2094224222222222222222222222224222222222222222222222222222222222222222222424444444440222222222222222222222244442222222222222222222222222222221240222224222222222222222222222222222222222222222222222222222222000044040000001400000014000000140000001400000014000000_TBasePassPSFNoLightMapPolicy8B95D470BB4BF92A5C22A48B60B9DA18A2BE42522144224222222222222222222222224222222222222222222222222222222222222222222424444444440222222222222222222222244442222222222222222222222222222221240222224222222222222222222222222222222222222222222222222222222222202004044001400000014000000140000001400000014000000_FEvaluateSurfelMaterialCS6258113C2EBBF117ED7778A8D1717F7C4F99C7B816742242222222222222222222222242222222222222222222222222222222222222222224244444444402222222222222222222222444422222222222222222222222222222222222222222222222222220000440414000000140000001400000014000000_FConvertToUniformMeshVSE7DF727A12438F2D529D6604B0B1C022849CCFEB152422422222222222222222222222422222222222222222222222222222222222222222242444444444022222222222222222222224444222222222222222222222222222222124022020040441400000014000000140000001400000014000000_FConvertToUniformMeshGSE7DF727A12438F2D529D6604B0B1C022849CCFEB152422422222222222222222222222422222222222222222222222222222222222222222242444444444022222222222222222222224444222222222222222222222222222222124022020040441400000014000000140000001400000014000000_FHitProxyVS5C0034ED3664D7841C91925A723592E72A2B36DA152422422222222222222222222222422222222222222222222222222222222222222222242444444444022222222222222222222224444222222222222222222222222222222124022020040441400000014000000140000001400000014000000_FHitProxyPS4C4A0D45A86AB444F719FBBE7F5185DFF305E7E115542242222222222222222222222242222222222222222222222222222222222222222224244444444402222222222222222222222444422222222222222222222222222222212402222220000440400001400000014000000140000001400000014000000_FLocalVertexFactory5897CEF715AB93237703E35F9ABEBB43E8E477D34224200000000058000040404040404040404040434343444443434343404040404040404040404343434040404044040404040404040404040404343434444434343434040404040404040404043434340404016101010101000424244444444444444424141414341414141413131414141444341444044444444444444414141414141414141434143414141414141414141414131314444414241444444414101010004443414341414141444444434341434444444404444444444444444444444444444444444444444444444444444444444444444444444444404010101010101010101010101010101010101010101010101210443434343444144444444444444440101010101010101010101010101301434143424141414244414130331313141444444440000250000001000000010000000100000001000000010000000100000001000000010000000100000001000000010000000100000001000000010000000100000001000000010000000100000001000000010000000100000001000000010000000100000001000000025000000100000001000000010000000100000001000000010000000100000001000000010000000100000001000000010000000100000001000000010000000100000001000000010000000100000001000000010000000100000001000000010000000100000000800000008000000080000000800000008000000080000004900000010000000090000000800000010000000100000001000000026000000180000000900000009000000090000000900000009000000090000000900000009000000090000000900000009000000090000000900000009000000090000000900000009000000090000000800000008000000080000000800000008000000080000001C00000009000000090000000900000009000000090000000900000009000000080000000800000008000000080000000800000008000000080000000D000000080000009D42F93063E3B2056828859621189F45327E14190000000000000000000000000000000000000000, ShaderCompilation=19999.871094, RunGuid=RunID1C79A73A414D7D2E6B3A949852008D6F
DDCTransactionId01384B1C4332ED10C04FE18EC6345BDC_801, PutCachedData=, CacheKey=MATSM_4F0644619F9C48FF91E0D494C95EB050_PCD3D_SM5_5__BC5N_DEV_SL_NoDBuf_EARLYZ3__9FA734161E0A04331487685153C3087B44FD4280, StartTime=2016.04.01-22.45.45, HierarchicalDDC=, DataSize=295681, Duration=6.948091, RunGuid=RunID1C79A73A414D7D2E6B3A949852008D6F
SavePackageTransactionIdE87FE6A84A7D0821D6E89BA899C87880_8, Filename=U:/GitHub/Portsmouth/Portsmouth/Content/Water/water.uasset, AutoPackageBackupDelegate=1.060400, FlushAsyncLoading=0.006355, FlushStreamingFunc=0.104621, BlockTillAllRequestsFinished=0.012223, ResetLoadersForSaveUnMarkAllObjects=0.122711, TagPackageExports=0.404797, BeginCacheForCookedPlatformData=0.002448, SerializeImports=0.933290, GatherLocalizableTextData=6.060753, MarkNames=0.035200, SerializeSummary=0.015646, SerializeNames=0.132978, SerializeGatherableTextData=0.253245, BuildExportMap=0.130042, SortExportsNonSeekfree=0.209734, SortExportsSeekfreeConstructor=0.012223, SortExportsSeekfreeInner=2.022535, SortExportsSeekfree=0.006355, BuildDependencyMap=0.054266, SerializeImportMap=0.012711, SerializeExportMap=0.021510, SerializeDependencyMap=0.020042, SerializeStringAssetReferenceMap=0.004891, SaveThumbNailsAssetRegistryDataWorldLevelInfo=12.201689, SerializeExports=6.372668, SerializeBulkData=0.016622, MoveFile=6.180048, UnaccountedTime=1.702800, RunGuid=RunID1C79A73A414D7D2E6B3A949852008D6F
SavePackageTransactionIdE87FE6A84A7D0821D6E89BA899C87880_9, Filename=U:/GitHub/Portsmouth/Portsmouth/Content/Maps/portsmouth_test.umap, AutoPackageBackupDelegate=41.559471, FlushAsyncLoading=0.014666, FlushStreamingFunc=0.165246, BlockTillAllRequestsFinished=0.016131, ResetLoadersForSaveUnMarkAllObjects=0.215601, TagPackageExports=17.048534, BeginCacheForCookedPlatformData=0.007335, SerializeImports=22.060137, GatherLocalizableTextData=198.322693, MarkNames=1.573242, SerializeSummary=0.038624, SerializeNames=567.869934, SerializeGatherableTextData=1.039378, BuildExportMap=0.836976, SortExportsNonSeekfree=18.458981, SortExportsSeekfreeConstructor=0.101689, SortExportsSeekfreeInner=83.790192, SortExportsSeekfree=0.012219, BuildDependencyMap=1.155246, SerializeImportMap=0.068933, SerializeExportMap=0.394046, SerializeDependencyMap=0.089955, SerializeStringAssetReferenceMap=0.004400, SaveThumbNailsAssetRegistryDataWorldLevelInfo=7.199869, SerializeExports=114.673790, SerializeBulkData=1110.485840, MoveFile=10.057911, UnaccountedTime=0.581291, RunGuid=RunID1C79A73A414D7D2E6B3A949852008D6F
DDCTransactionIdFC1C83824942CA647BFFB5A59F97735F_777, PutCachedData=, CacheKey=PhysXPC_FULL_5DF9E1AAB7CC4DCCB2965BA1A78DFE8_029911AC559AC9863184D2A84473B516, StartTime=2016.04.01-22.47.00, HierarchicalDDC=, DataSize=64618, Duration=0.223424, RunGuid=RunID1C79A73A414D7D2E6B3A949852008D6F
DDCTransactionId01384B1C4332ED10C04FE18EC6345BDC_802, PutCachedData=, CacheKey=PhysXPC_VIS_5DF9E1AAB7CC4DCCB2965BA1A78DFE8_9516F6A34DB15B214388B89E9BA5BDE1, StartTime=2016.04.01-22.47.00, HierarchicalDDC=, DataSize=64618, Duration=0.193600, RunGuid=RunID1C79A73A414D7D2E6B3A949852008D6F
DDCTransactionIdFC1C83824942CA647BFFB5A59F97735F_778, PutCachedData=, CacheKey=PhysXPC_FULL_5DF9E1AAB7CC4DCCB2965BA1A78DFE8_9C8D0A8544F19C40224BF0AF3384DE72, StartTime=2016.04.01-22.47.00, HierarchicalDDC=, DataSize=64618, Duration=0.173558, RunGuid=RunID1C79A73A414D7D2E6B3A949852008D6F
DDCTransactionId01384B1C4332ED10C04FE18EC6345BDC_803, PutCachedData=, CacheKey=PhysXPC_VIS_5DF9E1AAB7CC4DCCB2965BA1A78DFE8_A91E9474430C30EE2FEE49893BB2FEFC, StartTime=2016.04.01-22.47.00, HierarchicalDDC=, DataSize=64618, Duration=0.125155, RunGuid=RunID1C79A73A414D7D2E6B3A949852008D6F
DDCTransactionIdFC1C83824942CA647BFFB5A59F97735F_779, PutCachedData=, CacheKey=PhysXPC_FULL_5DF9E1AAB7CC4DCCB2965BA1A78DFE8_C679BE5AED7F585F23DC5A2B31A25D2D, StartTime=2016.04.01-22.47.00, HierarchicalDDC=, DataSize=64618, Duration=0.141289, RunGuid=RunID1C79A73A414D7D2E6B3A949852008D6F
DDCTransactionId01384B1C4332ED10C04FE18EC6345BDC_804, PutCachedData=, CacheKey=PhysXPC_VIS_5DF9E1AAB7CC4DCCB2965BA1A78DFE8_BB0C7D3B4B7721E7600AA381BE7C6856, StartTime=2016.04.01-22.47.00, HierarchicalDDC=, DataSize=64618, Duration=0.138357, RunGuid=RunID1C79A73A414D7D2E6B3A949852008D6F
DDCTransactionIdFC1C83824942CA647BFFB5A59F97735F_780, PutCachedData=, CacheKey=PhysXPC_FULL_5DF9E1AAB7CC4DCCB2965BA1A78DFE8_02E6AA65C9D3621EFFE0EEDB616BDBE6, StartTime=2016.04.01-22.47.00, HierarchicalDDC=, DataSize=64618, Duration=0.127111, RunGuid=RunID1C79A73A414D7D2E6B3A949852008D6F
DDCTransactionId01384B1C4332ED10C04FE18EC6345BDC_805, PutCachedData=, CacheKey=PhysXPC_VIS_5DF9E1AAB7CC4DCCB2965BA1A78DFE8_2E262307411A5AC79F6D1A92B1445837, StartTime=2016.04.01-22.47.00, HierarchicalDDC=, DataSize=64618, Duration=0.150088, RunGuid=RunID1C79A73A414D7D2E6B3A949852008D6F
DDCTransactionIdFC1C83824942CA647BFFB5A59F97735F_781, PutCachedData=, CacheKey=PhysXPC_FULL_5DF9E1AAB7CC4DCCB2965BA1A78DFE8_39778E8A7AA8B8924B680E4AB107F9D8, StartTime=2016.04.01-22.47.00, HierarchicalDDC=, DataSize=64618, Duration=0.121731, RunGuid=RunID1C79A73A414D7D2E6B3A949852008D6F
DDCTransactionId01384B1C4332ED10C04FE18EC6345BDC_806, PutCachedData=, CacheKey=PhysXPC_VIS_5DF9E1AAB7CC4DCCB2965BA1A78DFE8_28DF58294B13131FF034248FF5641F1F, StartTime=2016.04.01-22.47.00, HierarchicalDDC=, DataSize=64618, Duration=0.145689, RunGuid=RunID1C79A73A414D7D2E6B3A949852008D6F
DDCTransactionIdFC1C83824942CA647BFFB5A59F97735F_782, PutCachedData=, CacheKey=PhysXPC_FULL_5DF9E1AAB7CC4DCCB2965BA1A78DFE8_A9B07FCA844A32AD4862B33489726B61, StartTime=2016.04.01-22.47.00, HierarchicalDDC=, DataSize=64618, Duration=0.111468, RunGuid=RunID1C79A73A414D7D2E6B3A949852008D6F
DDCTransactionId01384B1C4332ED10C04FE18EC6345BDC_807, PutCachedData=, CacheKey=PhysXPC_VIS_5DF9E1AAB7CC4DCCB2965BA1A78DFE8_146AE911460F4D866F584AA7A6B41336, StartTime=2016.04.01-22.47.00, HierarchicalDDC=, DataSize=64618, Duration=0.148132, RunGuid=RunID1C79A73A414D7D2E6B3A949852008D6F
DDCTransactionIdFC1C83824942CA647BFFB5A59F97735F_783, PutCachedData=, CacheKey=PhysXPC_FULL_5DF9E1AAB7CC4DCCB2965BA1A78DFE8_0B5BA0F236962C850A2C2E9AC99FD4D2, StartTime=2016.04.01-22.47.00, HierarchicalDDC=, DataSize=64618, Duration=0.144221, RunGuid=RunID1C79A73A414D7D2E6B3A949852008D6F
DDCTransactionId01384B1C4332ED10C04FE18EC6345BDC_808, PutCachedData=, CacheKey=PhysXPC_VIS_5DF9E1AAB7CC4DCCB2965BA1A78DFE8_9411C8A54D221020525A3185153903AE, StartTime=2016.04.01-22.47.00, HierarchicalDDC=, DataSize=64618, Duration=0.161335, RunGuid=RunID1C79A73A414D7D2E6B3A949852008D6F
DDCTransactionIdFC1C83824942CA647BFFB5A59F97735F_784, PutCachedData=, CacheKey=PhysXPC_FULL_5DF9E1AAB7CC4DCCB2965BA1A78DFE8_65BC3626A2B893B4CC09D56110005D13, StartTime=2016.04.01-22.47.00, HierarchicalDDC=, DataSize=64618, Duration=0.128090, RunGuid=RunID1C79A73A414D7D2E6B3A949852008D6F
DDCTransactionIdFC1C83824942CA647BFFB5A59F97735F_785, PutCachedData=, CacheKey=PhysXPC_VIS_5DF9E1AAB7CC4DCCB2965BA1A78DFE8_2FB2991548CF3EEE8CB703BADB20F6B8, StartTime=2016.04.01-22.47.00, HierarchicalDDC=, DataSize=64618, Duration=0.128575, RunGuid=RunID1C79A73A414D7D2E6B3A949852008D6F
DDCTransactionId01384B1C4332ED10C04FE18EC6345BDC_809, PutCachedData=, CacheKey=PhysXPC_FULL_5DF9E1AAB7CC4DCCB2965BA1A78DFE8_DEB72C345CCA779CC48812BB92026FC4, StartTime=2016.04.01-22.47.00, HierarchicalDDC=, DataSize=64618, Duration=0.154488, RunGuid=RunID1C79A73A414D7D2E6B3A949852008D6F
DDCTransactionIdFC1C83824942CA647BFFB5A59F97735F_786, PutCachedData=, CacheKey=PhysXPC_VIS_5DF9E1AAB7CC4DCCB2965BA1A78DFE8_2363DA7B42C82A09C876A19DB7E10854, StartTime=2016.04.01-22.47.00, HierarchicalDDC=, DataSize=64618, Duration=0.116844, RunGuid=RunID1C79A73A414D7D2E6B3A949852008D6F
DDCTransactionId01384B1C4332ED10C04FE18EC6345BDC_810, PutCachedData=, CacheKey=PhysXPC_FULL_5DF9E1AAB7CC4DCCB2965BA1A78DFE8_54AC5697D51BF3FAAD3E0A78B191114D, StartTime=2016.04.01-22.47.00, HierarchicalDDC=, DataSize=64618, Duration=0.146665, RunGuid=RunID1C79A73A414D7D2E6B3A949852008D6F
DDCTransactionIdFC1C83824942CA647BFFB5A59F97735F_787, PutCachedData=, CacheKey=PhysXPC_VIS_5DF9E1AAB7CC4DCCB2965BA1A78DFE8_5DFA1BBC44E03C70A7A9EABCE06579E6, StartTime=2016.04.01-22.47.00, HierarchicalDDC=, DataSize=64618, Duration=0.116356, RunGuid=RunID1C79A73A414D7D2E6B3A949852008D6F
DDCTransactionId01384B1C4332ED10C04FE18EC6345BDC_811, PutCachedData=, CacheKey=PhysXPC_FULL_5DF9E1AAB7CC4DCCB2965BA1A78DFE8_FF128C01A60F59948FB94F749DFD1E0E, StartTime=2016.04.01-22.47.00, HierarchicalDDC=, DataSize=64618, Duration=0.156932, RunGuid=RunID1C79A73A414D7D2E6B3A949852008D6F
DDCTransactionIdFC1C83824942CA647BFFB5A59F97735F_788, PutCachedData=, CacheKey=PhysXPC_VIS_5DF9E1AAB7CC4DCCB2965BA1A78DFE8_E0A2BB2141A9BECA987CF2965F2E898D, StartTime=2016.04.01-22.47.00, HierarchicalDDC=, DataSize=64618, Duration=0.134934, RunGuid=RunID1C79A73A414D7D2E6B3A949852008D6F
DDCTransactionId01384B1C4332ED10C04FE18EC6345BDC_812, PutCachedData=, CacheKey=PhysXPC_FULL_5DF9E1AAB7CC4DCCB2965BA1A78DFE8_9314DD627AF238D4810A69CE0ECFCCD2, StartTime=2016.04.01-22.47.00, HierarchicalDDC=, DataSize=64618, Duration=0.155468, RunGuid=RunID1C79A73A414D7D2E6B3A949852008D6F
DDCTransactionIdFC1C83824942CA647BFFB5A59F97735F_789, PutCachedData=, CacheKey=PhysXPC_VIS_5DF9E1AAB7CC4DCCB2965BA1A78DFE8_778B2FB149287F27ECF2B2A529693BE3, StartTime=2016.04.01-22.47.00, HierarchicalDDC=, DataSize=64618, Duration=0.126135, RunGuid=RunID1C79A73A414D7D2E6B3A949852008D6F
DDCTransactionId01384B1C4332ED10C04FE18EC6345BDC_813, PutCachedData=, CacheKey=PhysXPC_FULL_5DF9E1AAB7CC4DCCB2965BA1A78DFE8_39166B28A2C6A47EFBE447B0364F1E89, StartTime=2016.04.01-22.47.00, HierarchicalDDC=, DataSize=64618, Duration=0.165246, RunGuid=RunID1C79A73A414D7D2E6B3A949852008D6F
DDCTransactionIdFC1C83824942CA647BFFB5A59F97735F_790, PutCachedData=, CacheKey=PhysXPC_VIS_5DF9E1AAB7CC4DCCB2965BA1A78DFE8_0628C3374F6A0EEC56A56D8FA51312BA, StartTime=2016.04.01-22.47.00, HierarchicalDDC=, DataSize=64618, Duration=0.127111, RunGuid=RunID1C79A73A414D7D2E6B3A949852008D6F
DDCTransactionIdFC1C83824942CA647BFFB5A59F97735F_791, PutCachedData=, CacheKey=PhysXPC_FULL_5DF9E1AAB7CC4DCCB2965BA1A78DFE8_78F3B15540F35AB6B3F16855F9C2ACEB, StartTime=2016.04.01-22.47.00, HierarchicalDDC=, DataSize=64618, Duration=0.120755, RunGuid=RunID1C79A73A414D7D2E6B3A949852008D6F
DDCTransactionId01384B1C4332ED10C04FE18EC6345BDC_814, PutCachedData=, CacheKey=PhysXPC_VIS_5DF9E1AAB7CC4DCCB2965BA1A78DFE8_87C7B5AD437E11EA0822C190383E1A91, StartTime=2016.04.01-22.47.00, HierarchicalDDC=, DataSize=64618, Duration=0.159867, RunGuid=RunID1C79A73A414D7D2E6B3A949852008D6F
DDCTransactionIdFC1C83824942CA647BFFB5A59F97735F_792, PutCachedData=, CacheKey=PhysXPC_FULL_5DF9E1AAB7CC4DCCB2965BA1A78DFE8_E30E8EDBAA8CE665A925841A5C70B4D3, StartTime=2016.04.01-22.47.00, HierarchicalDDC=, DataSize=64618, Duration=0.211202, RunGuid=RunID1C79A73A414D7D2E6B3A949852008D6F
DDCTransactionId01384B1C4332ED10C04FE18EC6345BDC_815, PutCachedData=, CacheKey=PhysXPC_VIS_5DF9E1AAB7CC4DCCB2965BA1A78DFE8_DF22358B4383626516D9A1ADB65333C9, StartTime=2016.04.01-22.47.00, HierarchicalDDC=, DataSize=64618, Duration=0.153024, RunGuid=RunID1C79A73A414D7D2E6B3A949852008D6F
DDCTransactionId01384B1C4332ED10C04FE18EC6345BDC_816, PutCachedData=, CacheKey=PhysXPC_FULL_5DF9E1AAB7CC4DCCB2965BA1A78DFE8_B94EFD10E5C250E3B71347A9442C02E4, StartTime=2016.04.01-22.47.00, HierarchicalDDC=, DataSize=64618, Duration=0.156447, RunGuid=RunID1C79A73A414D7D2E6B3A949852008D6F
DDCTransactionIdFC1C83824942CA647BFFB5A59F97735F_793, PutCachedData=, CacheKey=PhysXPC_VIS_5DF9E1AAB7CC4DCCB2965BA1A78DFE8_64DF1C21492690468A259E99275FC411, StartTime=2016.04.01-22.47.00, HierarchicalDDC=, DataSize=64618, Duration=0.129066, RunGuid=RunID1C79A73A414D7D2E6B3A949852008D6F
DDCTransactionId01384B1C4332ED10C04FE18EC6345BDC_817, PutCachedData=, CacheKey=PhysXPC_FULL_5DF9E1AAB7CC4DCCB2965BA1A78DFE8_9A752A812FD26532479C7DFC27F71340, StartTime=2016.04.01-22.47.00, HierarchicalDDC=, DataSize=64618, Duration=0.132978, RunGuid=RunID1C79A73A414D7D2E6B3A949852008D6F
DDCTransactionIdFC1C83824942CA647BFFB5A59F97735F_794, PutCachedData=, CacheKey=PhysXPC_VIS_5DF9E1AAB7CC4DCCB2965BA1A78DFE8_C06E037C49687CD674595E8C52A8D44A, StartTime=2016.04.01-22.47.00, HierarchicalDDC=, DataSize=64618, Duration=0.134934, RunGuid=RunID1C79A73A414D7D2E6B3A949852008D6F
DDCTransactionId01384B1C4332ED10C04FE18EC6345BDC_818, PutCachedData=, CacheKey=PhysXPC_FULL_5DF9E1AAB7CC4DCCB2965BA1A78DFE8_E95F088D1B43CA603267F72349DB1B1E, StartTime=2016.04.01-22.47.00, HierarchicalDDC=, DataSize=64618, Duration=0.120755, RunGuid=RunID1C79A73A414D7D2E6B3A949852008D6F
DDCTransactionIdFC1C83824942CA647BFFB5A59F97735F_795, PutCachedData=, CacheKey=PhysXPC_VIS_5DF9E1AAB7CC4DCCB2965BA1A78DFE8_887FC0744D37F564F14F9BAB5C93DB63, StartTime=2016.04.01-22.47.00, HierarchicalDDC=, DataSize=64618, Duration=0.126135, RunGuid=RunID1C79A73A414D7D2E6B3A949852008D6F
DDCTransactionId01384B1C4332ED10C04FE18EC6345BDC_819, PutCachedData=, CacheKey=PhysXPC_FULL_5DF9E1AAB7CC4DCCB2965BA1A78DFE8_E39563A89094BCF42FA60EB45C629CC7, StartTime=2016.04.01-22.47.00, HierarchicalDDC=, DataSize=64618, Duration=0.124179, RunGuid=RunID1C79A73A414D7D2E6B3A949852008D6F
DDCTransactionIdFC1C83824942CA647BFFB5A59F97735F_796, PutCachedData=, CacheKey=PhysXPC_VIS_5DF9E1AAB7CC4DCCB2965BA1A78DFE8_C273A1654368FCE42BF088B681944CC1, StartTime=2016.04.01-22.47.00, HierarchicalDDC=, DataSize=64618, Duration=0.145197, RunGuid=RunID1C79A73A414D7D2E6B3A949852008D6F
DDCTransactionId01384B1C4332ED10C04FE18EC6345BDC_820, PutCachedData=, CacheKey=PhysXPC_FULL_5DF9E1AAB7CC4DCCB2965BA1A78DFE8_B432573DECDF045380693DDF6F2F99A3, StartTime=2016.04.01-22.47.00, HierarchicalDDC=, DataSize=64618, Duration=0.128087, RunGuid=RunID1C79A73A414D7D2E6B3A949852008D6F
DDCTransactionIdFC1C83824942CA647BFFB5A59F97735F_797, PutCachedData=, CacheKey=PhysXPC_VIS_5DF9E1AAB7CC4DCCB2965BA1A78DFE8_17B4ADCD47ADF67AB1A62595C3769F8B, StartTime=2016.04.01-22.47.00, HierarchicalDDC=, DataSize=64618, Duration=0.148132, RunGuid=RunID1C79A73A414D7D2E6B3A949852008D6F
DDCTransactionId01384B1C4332ED10C04FE18EC6345BDC_821, PutCachedData=, CacheKey=PhysXPC_FULL_5DF9E1AAB7CC4DCCB2965BA1A78DFE8_30E9738DA2370533C6AF5490B469340E, StartTime=2016.04.01-22.47.00, HierarchicalDDC=, DataSize=64618, Duration=0.119288, RunGuid=RunID1C79A73A414D7D2E6B3A949852008D6F
DDCTransactionIdFC1C83824942CA647BFFB5A59F97735F_798, PutCachedData=, CacheKey=PhysXPC_VIS_5DF9E1AAB7CC4DCCB2965BA1A78DFE8_60EB72B3442A02CF319D47A6DFF9BC3B, StartTime=2016.04.01-22.47.00, HierarchicalDDC=, DataSize=64618, Duration=0.134934, RunGuid=RunID1C79A73A414D7D2E6B3A949852008D6F
DDCTransactionId01384B1C4332ED10C04FE18EC6345BDC_822, PutCachedData=, CacheKey=PhysXPC_FULL_5DF9E1AAB7CC4DCCB2965BA1A78DFE8_B7100610AE358BAF02D35E45BB275DA6, StartTime=2016.04.01-22.47.00, HierarchicalDDC=, DataSize=64618, Duration=0.155468, RunGuid=RunID1C79A73A414D7D2E6B3A949852008D6F
DDCTransactionIdFC1C83824942CA647BFFB5A59F97735F_799, PutCachedData=, CacheKey=PhysXPC_VIS_5DF9E1AAB7CC4DCCB2965BA1A78DFE8_6F843AAD47AACAA8A0D29BB8DA51B397, StartTime=2016.04.01-22.47.00, HierarchicalDDC=, DataSize=64618, Duration=0.130534, RunGuid=RunID1C79A73A414D7D2E6B3A949852008D6F
DDCTransactionId01384B1C4332ED10C04FE18EC6345BDC_823, PutCachedData=, CacheKey=PhysXPC_FULL_5DF9E1AAB7CC4DCCB2965BA1A78DFE8_5E631D6DE2B880394ED5FAC854921949, StartTime=2016.04.01-22.47.00, HierarchicalDDC=, DataSize=64618, Duration=0.143733, RunGuid=RunID1C79A73A414D7D2E6B3A949852008D6F
DDCTransactionIdFC1C83824942CA647BFFB5A59F97735F_800, PutCachedData=, CacheKey=PhysXPC_VIS_5DF9E1AAB7CC4DCCB2965BA1A78DFE8_BF1A7C6A4E3A17C1B01A7BB0477FE420, StartTime=2016.04.01-22.47.00, HierarchicalDDC=, DataSize=64618, Duration=0.130046, RunGuid=RunID1C79A73A414D7D2E6B3A949852008D6F
DDCTransactionId01384B1C4332ED10C04FE18EC6345BDC_824, PutCachedData=, CacheKey=PhysXPC_FULL_5DF9E1AAB7CC4DCCB2965BA1A78DFE8_13699F0A6FE6884106BD9490D342F021, StartTime=2016.04.01-22.47.00, HierarchicalDDC=, DataSize=64618, Duration=0.118311, RunGuid=RunID1C79A73A414D7D2E6B3A949852008D6F
DDCTransactionIdFC1C83824942CA647BFFB5A59F97735F_801, PutCachedData=, CacheKey=PhysXPC_VIS_5DF9E1AAB7CC4DCCB2965BA1A78DFE8_8ADCDE9D4388F09EE83C8BA27B229F53, StartTime=2016.04.01-22.47.00, HierarchicalDDC=, DataSize=64618, Duration=0.152536, RunGuid=RunID1C79A73A414D7D2E6B3A949852008D6F
DDCTransactionId01384B1C4332ED10C04FE18EC6345BDC_825, PutCachedData=, CacheKey=PhysXPC_FULL_5DF9E1AAB7CC4DCCB2965BA1A78DFE8_E9FA26E856D8CE68466C38431A7AE897, StartTime=2016.04.01-22.47.00, HierarchicalDDC=, DataSize=64618, Duration=0.118800, RunGuid=RunID1C79A73A414D7D2E6B3A949852008D6F
DDCTransactionId01384B1C4332ED10C04FE18EC6345BDC_826, PutCachedData=, CacheKey=PhysXPC_VIS_5DF9E1AAB7CC4DCCB2965BA1A78DFE8_E608979C481AF53ED005ECBB41960F43, StartTime=2016.04.01-22.47.00, HierarchicalDDC=, DataSize=64618, Duration=0.122223, RunGuid=RunID1C79A73A414D7D2E6B3A949852008D6F
DDCTransactionIdFC1C83824942CA647BFFB5A59F97735F_802, PutCachedData=, CacheKey=PhysXPC_FULL_5DF9E1AAB7CC4DCCB2965BA1A78DFE8_62A66DF2E83F4FA4CBD56849983F36BE, StartTime=2016.04.01-22.47.00, HierarchicalDDC=, DataSize=64618, Duration=0.129066, RunGuid=RunID1C79A73A414D7D2E6B3A949852008D6F
DDCTransactionId01384B1C4332ED10C04FE18EC6345BDC_827, PutCachedData=, CacheKey=PhysXPC_VIS_5DF9E1AAB7CC4DCCB2965BA1A78DFE8_592B7CD94ADF4F7FC02557984B2C2C8B, StartTime=2016.04.01-22.47.00, HierarchicalDDC=, DataSize=64618, Duration=0.117332, RunGuid=RunID1C79A73A414D7D2E6B3A949852008D6F
DDCTransactionIdFC1C83824942CA647BFFB5A59F97735F_803, PutCachedData=, CacheKey=PhysXPC_FULL_5DF9E1AAB7CC4DCCB2965BA1A78DFE8_B43E0F5718BD37078AE4C108C0D2ADC4, StartTime=2016.04.01-22.47.00, HierarchicalDDC=, DataSize=64618, Duration=0.213645, RunGuid=RunID1C79A73A414D7D2E6B3A949852008D6F
DDCTransactionId01384B1C4332ED10C04FE18EC6345BDC_828, PutCachedData=, CacheKey=PhysXPC_VIS_5DF9E1AAB7CC4DCCB2965BA1A78DFE8_979936B34F7124D21D91A0837E882313, StartTime=2016.04.01-22.47.00, HierarchicalDDC=, DataSize=64618, Duration=0.141289, RunGuid=RunID1C79A73A414D7D2E6B3A949852008D6F
DDCTransactionId01384B1C4332ED10C04FE18EC6345BDC_829, PutCachedData=, CacheKey=PhysXPC_FULL_5DF9E1AAB7CC4DCCB2965BA1A78DFE8_92307ECA82A3486EB4097DF748F8529C, StartTime=2016.04.01-22.47.00, HierarchicalDDC=, DataSize=64618, Duration=0.149600, RunGuid=RunID1C79A73A414D7D2E6B3A949852008D6F
DDCTransactionIdFC1C83824942CA647BFFB5A59F97735F_804, PutCachedData=, CacheKey=PhysXPC_VIS_5DF9E1AAB7CC4DCCB2965BA1A78DFE8_7E54FFF745B4BC1C0FC809B34F0A3441, StartTime=2016.04.01-22.47.00, HierarchicalDDC=, DataSize=64618, Duration=0.216577, RunGuid=RunID1C79A73A414D7D2E6B3A949852008D6F
DDCTransactionId01384B1C4332ED10C04FE18EC6345BDC_830, PutCachedData=, CacheKey=PhysXPC_FULL_5DF9E1AAB7CC4DCCB2965BA1A78DFE8_592E14B5DB1721B6D19237D40565D8EB, StartTime=2016.04.01-22.47.00, HierarchicalDDC=, DataSize=64618, Duration=0.158399, RunGuid=RunID1C79A73A414D7D2E6B3A949852008D6F
DDCTransactionIdFC1C83824942CA647BFFB5A59F97735F_805, PutCachedData=, CacheKey=PhysXPC_VIS_5DF9E1AAB7CC4DCCB2965BA1A78DFE8_48CEF72846156D15DC94788CD45F2963, StartTime=2016.04.01-22.47.00, HierarchicalDDC=, DataSize=64618, Duration=0.148620, RunGuid=RunID1C79A73A414D7D2E6B3A949852008D6F
DDCTransactionId01384B1C4332ED10C04FE18EC6345BDC_831, PutCachedData=, CacheKey=PhysXPC_FULL_5DF9E1AAB7CC4DCCB2965BA1A78DFE8_078BA58E989537084B280029107218A9, StartTime=2016.04.01-22.47.00, HierarchicalDDC=, DataSize=64618, Duration=0.161331, RunGuid=RunID1C79A73A414D7D2E6B3A949852008D6F
DDCTransactionIdFC1C83824942CA647BFFB5A59F97735F_806, PutCachedData=, CacheKey=PhysXPC_VIS_5DF9E1AAB7CC4DCCB2965BA1A78DFE8_1AA1E492446878404BB61A96D0DA13B2, StartTime=2016.04.01-22.47.00, HierarchicalDDC=, DataSize=64618, Duration=0.174534, RunGuid=RunID1C79A73A414D7D2E6B3A949852008D6F
DDCTransactionId01384B1C4332ED10C04FE18EC6345BDC_832, PutCachedData=, CacheKey=PhysXPC_FULL_5DF9E1AAB7CC4DCCB2965BA1A78DFE8_7A3FCC408A3929C31763407129F4AFBD, StartTime=2016.04.01-22.47.00, HierarchicalDDC=, DataSize=64618, Duration=0.162315, RunGuid=RunID1C79A73A414D7D2E6B3A949852008D6F
DDCTransactionIdFC1C83824942CA647BFFB5A59F97735F_807, PutCachedData=, CacheKey=PhysXPC_VIS_5DF9E1AAB7CC4DCCB2965BA1A78DFE8_15719D9F4CDB9E845D19ED8CA56F126F, StartTime=2016.04.01-22.47.00, HierarchicalDDC=, DataSize=64618, Duration=0.173066, RunGuid=RunID1C79A73A414D7D2E6B3A949852008D6F
DDCTransactionId01384B1C4332ED10C04FE18EC6345BDC_833, PutCachedData=, CacheKey=PhysXPC_FULL_5DF9E1AAB7CC4DCCB2965BA1A78DFE8_87B888C9D37D3A90A930F158494A5B9C, StartTime=2016.04.01-22.47.00, HierarchicalDDC=, DataSize=64618, Duration=0.164267, RunGuid=RunID1C79A73A414D7D2E6B3A949852008D6F
DDCTransactionIdFC1C83824942CA647BFFB5A59F97735F_808, PutCachedData=, CacheKey=PhysXPC_VIS_5DF9E1AAB7CC4DCCB2965BA1A78DFE8_0EDE3293447E97D114161F8D1D1B6AC3, StartTime=2016.04.01-22.47.00, HierarchicalDDC=, DataSize=64618, Duration=0.164755, RunGuid=RunID1C79A73A414D7D2E6B3A949852008D6F
DDCTransactionId01384B1C4332ED10C04FE18EC6345BDC_834, PutCachedData=, CacheKey=PhysXPC_FULL_5DF9E1AAB7CC4DCCB2965BA1A78DFE8_A086BACAA139954F42FC70A129BD4607, StartTime=2016.04.01-22.47.00, HierarchicalDDC=, DataSize=64618, Duration=0.137378, RunGuid=RunID1C79A73A414D7D2E6B3A949852008D6F
DDCTransactionId01384B1C4332ED10C04FE18EC6345BDC_835, PutCachedData=, CacheKey=PhysXPC_VIS_5DF9E1AAB7CC4DCCB2965BA1A78DFE8_1691F9E147EEE1BAFFAA4C8D1E44A925, StartTime=2016.04.01-22.47.00, HierarchicalDDC=, DataSize=64618, Duration=0.139821, RunGuid=RunID1C79A73A414D7D2E6B3A949852008D6F
DDCTransactionIdFC1C83824942CA647BFFB5A59F97735F_809, PutCachedData=, CacheKey=PhysXPC_FULL_5DF9E1AAB7CC4DCCB2965BA1A78DFE8_31C8901B89562AB2D1AC462D5E382B0A, StartTime=2016.04.01-22.47.00, HierarchicalDDC=, DataSize=64618, Duration=0.148132, RunGuid=RunID1C79A73A414D7D2E6B3A949852008D6F
DDCTransactionId01384B1C4332ED10C04FE18EC6345BDC_836, PutCachedData=, CacheKey=PhysXPC_VIS_5DF9E1AAB7CC4DCCB2965BA1A78DFE8_A29F2EBF433ED80864F9D18B4045885E, StartTime=2016.04.01-22.47.00, HierarchicalDDC=, DataSize=64618, Duration=0.133954, RunGuid=RunID1C79A73A414D7D2E6B3A949852008D6F
DDCTransactionIdFC1C83824942CA647BFFB5A59F97735F_810, PutCachedData=, CacheKey=PhysXPC_FULL_5DF9E1AAB7CC4DCCB2965BA1A78DFE8_7FD964787BD7E05A9DCC24196CA880F0, StartTime=2016.04.01-22.47.00, HierarchicalDDC=, DataSize=64618, Duration=0.139333, RunGuid=RunID1C79A73A414D7D2E6B3A949852008D6F
DDCTransactionId01384B1C4332ED10C04FE18EC6345BDC_837, PutCachedData=, CacheKey=PhysXPC_VIS_5DF9E1AAB7CC4DCCB2965BA1A78DFE8_2E3584DA4F0E850A723CFDB8E849E506, StartTime=2016.04.01-22.47.00, HierarchicalDDC=, DataSize=64618, Duration=0.140801, RunGuid=RunID1C79A73A414D7D2E6B3A949852008D6F
DDCTransactionIdFC1C83824942CA647BFFB5A59F97735F_811, PutCachedData=, CacheKey=PhysXPC_FULL_5DF9E1AAB7CC4DCCB2965BA1A78DFE8_9A27FDCE409F6A4CD892A4AAD34FE2B1, StartTime=2016.04.01-22.47.00, HierarchicalDDC=, DataSize=64618, Duration=0.134446, RunGuid=RunID1C79A73A414D7D2E6B3A949852008D6F
DDCTransactionId01384B1C4332ED10C04FE18EC6345BDC_838, PutCachedData=, CacheKey=PhysXPC_VIS_5DF9E1AAB7CC4DCCB2965BA1A78DFE8_9C2040F5453B2355A6EE16BB8C48126B, StartTime=2016.04.01-22.47.00, HierarchicalDDC=, DataSize=64618, Duration=0.128578, RunGuid=RunID1C79A73A414D7D2E6B3A949852008D6F
DDCTransactionIdFC1C83824942CA647BFFB5A59F97735F_812, PutCachedData=, CacheKey=PhysXPC_FULL_5DF9E1AAB7CC4DCCB2965BA1A78DFE8_0FB8C1D44B1247CAEC57A11A544A9D24, StartTime=2016.04.01-22.47.00, HierarchicalDDC=, DataSize=64618, Duration=0.135910, RunGuid=RunID1C79A73A414D7D2E6B3A949852008D6F
DDCTransactionId01384B1C4332ED10C04FE18EC6345BDC_839, PutCachedData=, CacheKey=PhysXPC_VIS_5DF9E1AAB7CC4DCCB2965BA1A78DFE8_A9C0EA4B4DFA8AF9A0A08DA13920284A, StartTime=2016.04.01-22.47.00, HierarchicalDDC=, DataSize=64618, Duration=0.138354, RunGuid=RunID1C79A73A414D7D2E6B3A949852008D6F
DDCTransactionIdFC1C83824942CA647BFFB5A59F97735F_813, PutCachedData=, CacheKey=PhysXPC_FULL_5DF9E1AAB7CC4DCCB2965BA1A78DFE8_7FEDB41317805ED746FC568D51E046BC, StartTime=2016.04.01-22.47.00, HierarchicalDDC=, DataSize=64618, Duration=0.133954, RunGuid=RunID1C79A73A414D7D2E6B3A949852008D6F
DDCTransactionId01384B1C4332ED10C04FE18EC6345BDC_840, PutCachedData=, CacheKey=PhysXPC_VIS_5DF9E1AAB7CC4DCCB2965BA1A78DFE8_9DB8840F423D83B81F1B929E2CBB0016, StartTime=2016.04.01-22.47.00, HierarchicalDDC=, DataSize=64618, Duration=0.144709, RunGuid=RunID1C79A73A414D7D2E6B3A949852008D6F
DDCTransactionIdFC1C83824942CA647BFFB5A59F97735F_814, PutCachedData=, CacheKey=PhysXPC_FULL_5DF9E1AAB7CC4DCCB2965BA1A78DFE8_A2FAE016E839CD6E48E8AFC3B7516023, StartTime=2016.04.01-22.47.00, HierarchicalDDC=, DataSize=64618, Duration=0.294309, RunGuid=RunID1C79A73A414D7D2E6B3A949852008D6F
DDCTransactionId01384B1C4332ED10C04FE18EC6345BDC_841, PutCachedData=, CacheKey=PhysXPC_VIS_5DF9E1AAB7CC4DCCB2965BA1A78DFE8_CC4EB9114D3F7DE4A989449B5F68F1A5, StartTime=2016.04.01-22.47.00, HierarchicalDDC=, DataSize=64618, Duration=0.183824, RunGuid=RunID1C79A73A414D7D2E6B3A949852008D6F
DDCTransactionIdFC1C83824942CA647BFFB5A59F97735F_815, PutCachedData=, CacheKey=PhysXPC_FULL_5DF9E1AAB7CC4DCCB2965BA1A78DFE8_D9F3F2A934DA0D4DB2CF977EA383DE36, StartTime=2016.04.01-22.47.00, HierarchicalDDC=, DataSize=64618, Duration=0.138845, RunGuid=RunID1C79A73A414D7D2E6B3A949852008D6F
DDCTransactionId01384B1C4332ED10C04FE18EC6345BDC_842, PutCachedData=, CacheKey=PhysXPC_VIS_5DF9E1AAB7CC4DCCB2965BA1A78DFE8_EDC0F2754BE9C6BA6E1D3E888950D57D, StartTime=2016.04.01-22.47.00, HierarchicalDDC=, DataSize=64618, Duration=0.142269, RunGuid=RunID1C79A73A414D7D2E6B3A949852008D6F
DDCTransactionIdFC1C83824942CA647BFFB5A59F97735F_816, PutCachedData=, CacheKey=PhysXPC_FULL_5DF9E1AAB7CC4DCCB2965BA1A78DFE8_B590CB818FCE8944B0488571582FEDC0, StartTime=2016.04.01-22.47.00, HierarchicalDDC=, DataSize=64618, Duration=0.138845, RunGuid=RunID1C79A73A414D7D2E6B3A949852008D6F
DDCTransactionId01384B1C4332ED10C04FE18EC6345BDC_843, PutCachedData=, CacheKey=PhysXPC_VIS_5DF9E1AAB7CC4DCCB2965BA1A78DFE8_BCDF74354CC185E29C30FA84427D5441, StartTime=2016.04.01-22.47.00, HierarchicalDDC=, DataSize=64618, Duration=0.131022, RunGuid=RunID1C79A73A414D7D2E6B3A949852008D6F
DDCTransactionIdFC1C83824942CA647BFFB5A59F97735F_817, PutCachedData=, CacheKey=PhysXPC_FULL_5DF9E1AAB7CC4DCCB2965BA1A78DFE8_8CFE91808E16D673E37B7C76011E5549, StartTime=2016.04.01-22.47.00, HierarchicalDDC=, DataSize=64618, Duration=0.161331, RunGuid=RunID1C79A73A414D7D2E6B3A949852008D6F
DDCTransactionId01384B1C4332ED10C04FE18EC6345BDC_844, PutCachedData=, CacheKey=PhysXPC_VIS_5DF9E1AAB7CC4DCCB2965BA1A78DFE8_348CC6434E9F5D720C311D9855F59E3C, StartTime=2016.04.01-22.47.00, HierarchicalDDC=, DataSize=64618, Duration=0.197511, RunGuid=RunID1C79A73A414D7D2E6B3A949852008D6F
DDCTransactionIdFC1C83824942CA647BFFB5A59F97735F_818, PutCachedData=, CacheKey=PhysXPC_FULL_5DF9E1AAB7CC4DCCB2965BA1A78DFE8_CC884B8E42F2657B5540F5BA9C842554, StartTime=2016.04.01-22.47.00, HierarchicalDDC=, DataSize=64618, Duration=0.177957, RunGuid=RunID1C79A73A414D7D2E6B3A949852008D6F
DDCTransactionId01384B1C4332ED10C04FE18EC6345BDC_845, PutCachedData=, CacheKey=PhysXPC_VIS_5DF9E1AAB7CC4DCCB2965BA1A78DFE8_FF4A87ED4A7FFEA8D70DF48E8237C5ED, StartTime=2016.04.01-22.47.00, HierarchicalDDC=, DataSize=64618, Duration=0.131514, RunGuid=RunID1C79A73A414D7D2E6B3A949852008D6F
DDCTransactionId01384B1C4332ED10C04FE18EC6345BDC_846, PutCachedData=, CacheKey=PhysXPC_FULL_5DF9E1AAB7CC4DCCB2965BA1A78DFE8_29C71C25D5E19C452F5686300522AC94, StartTime=2016.04.01-22.47.00, HierarchicalDDC=, DataSize=64618, Duration=0.131022, RunGuid=RunID1C79A73A414D7D2E6B3A949852008D6F
DDCTransactionIdFC1C83824942CA647BFFB5A59F97735F_819, PutCachedData=, CacheKey=PhysXPC_VIS_5DF9E1AAB7CC4DCCB2965BA1A78DFE8_EB18C24F400938F9505F658E7D3B015E, StartTime=2016.04.01-22.47.00, HierarchicalDDC=, DataSize=64618, Duration=0.146177, RunGuid=RunID1C79A73A414D7D2E6B3A949852008D6F
DDCTransactionId01384B1C4332ED10C04FE18EC6345BDC_847, PutCachedData=, CacheKey=PhysXPC_FULL_5DF9E1AAB7CC4DCCB2965BA1A78DFE8_F0F5946F718BBA91B2A327665A62CA13, StartTime=2016.04.01-22.47.00, HierarchicalDDC=, DataSize=64618, Duration=0.140797, RunGuid=RunID1C79A73A414D7D2E6B3A949852008D6F
DDCTransactionIdFC1C83824942CA647BFFB5A59F97735F_820, PutCachedData=, CacheKey=PhysXPC_VIS_5DF9E1AAB7CC4DCCB2965BA1A78DFE8_35F8A7A64FB75C9DA7691FB5EA30BFDB, StartTime=2016.04.01-22.47.00, HierarchicalDDC=, DataSize=64618, Duration=0.195064, RunGuid=RunID1C79A73A414D7D2E6B3A949852008D6F
DDCTransactionId01384B1C4332ED10C04FE18EC6345BDC_848, PutCachedData=, CacheKey=PhysXPC_FULL_5DF9E1AAB7CC4DCCB2965BA1A78DFE8_0DED32687E29772D2C5FEE2F84779A4E, StartTime=2016.04.01-22.47.00, HierarchicalDDC=, DataSize=64618, Duration=0.144221, RunGuid=RunID1C79A73A414D7D2E6B3A949852008D6F
DDCTransactionId01384B1C4332ED10C04FE18EC6345BDC_849, PutCachedData=, CacheKey=PhysXPC_VIS_5DF9E1AAB7CC4DCCB2965BA1A78DFE8_B499F80A451A5568AEE982B0B4223135, StartTime=2016.04.01-22.47.00, HierarchicalDDC=, DataSize=64618, Duration=0.141289, RunGuid=RunID1C79A73A414D7D2E6B3A949852008D6F
DDCTransactionIdFC1C83824942CA647BFFB5A59F97735F_821, PutCachedData=, CacheKey=PhysXPC_FULL_5DF9E1AAB7CC4DCCB2965BA1A78DFE8_73EB3B78C1144DECCE8884A6D148FF38, StartTime=2016.04.01-22.47.00, HierarchicalDDC=, DataSize=64618, Duration=0.194091, RunGuid=RunID1C79A73A414D7D2E6B3A949852008D6F
DDCTransactionId01384B1C4332ED10C04FE18EC6345BDC_850, PutCachedData=, CacheKey=PhysXPC_VIS_5DF9E1AAB7CC4DCCB2965BA1A78DFE8_64D926734CDEC75F088FA794759BFAE6, StartTime=2016.04.01-22.47.00, HierarchicalDDC=, DataSize=64618, Duration=0.133954, RunGuid=RunID1C79A73A414D7D2E6B3A949852008D6F
DDCTransactionIdFC1C83824942CA647BFFB5A59F97735F_822, PutCachedData=, CacheKey=PhysXPC_FULL_5DF9E1AAB7CC4DCCB2965BA1A78DFE8_A69713A88FF3A90BFA301A4A918B07D9, StartTime=2016.04.01-22.47.00, HierarchicalDDC=, DataSize=64618, Duration=0.195555, RunGuid=RunID1C79A73A414D7D2E6B3A949852008D6F
DDCTransactionId01384B1C4332ED10C04FE18EC6345BDC_851, PutCachedData=, CacheKey=PhysXPC_VIS_5DF9E1AAB7CC4DCCB2965BA1A78DFE8_26628D1D478F9AD44EF371B37C04355D, StartTime=2016.04.01-22.47.00, HierarchicalDDC=, DataSize=64618, Duration=0.173066, RunGuid=RunID1C79A73A414D7D2E6B3A949852008D6F
DDCTransactionIdFC1C83824942CA647BFFB5A59F97735F_823, PutCachedData=, CacheKey=PhysXPC_FULL_5DF9E1AAB7CC4DCCB2965BA1A78DFE8_1980E78667E1DF806559394D6DB2BFB8, StartTime=2016.04.01-22.47.00, HierarchicalDDC=, DataSize=64618, Duration=0.129554, RunGuid=RunID1C79A73A414D7D2E6B3A949852008D6F
DDCTransactionId01384B1C4332ED10C04FE18EC6345BDC_852, PutCachedData=, CacheKey=PhysXPC_VIS_5DF9E1AAB7CC4DCCB2965BA1A78DFE8_042759FA4FBE0EECB456E8A11C9B5883, StartTime=2016.04.01-22.47.00, HierarchicalDDC=, DataSize=64618, Duration=0.146665, RunGuid=RunID1C79A73A414D7D2E6B3A949852008D6F
DDCTransactionIdFC1C83824942CA647BFFB5A59F97735F_824, PutCachedData=, CacheKey=PhysXPC_FULL_5DF9E1AAB7CC4DCCB2965BA1A78DFE8_1C9FB097C4F4604D801C5E6F082754F1, StartTime=2016.04.01-22.47.00, HierarchicalDDC=, DataSize=64618, Duration=0.122219, RunGuid=RunID1C79A73A414D7D2E6B3A949852008D6F
DDCTransactionId01384B1C4332ED10C04FE18EC6345BDC_853, PutCachedData=, CacheKey=PhysXPC_VIS_5DF9E1AAB7CC4DCCB2965BA1A78DFE8_3E31C9564C5F1430D84297B895A6AA4F, StartTime=2016.04.01-22.47.00, HierarchicalDDC=, DataSize=64618, Duration=0.135422, RunGuid=RunID1C79A73A414D7D2E6B3A949852008D6F
DDCTransactionIdFC1C83824942CA647BFFB5A59F97735F_825, PutCachedData=, CacheKey=PhysXPC_FULL_5DF9E1AAB7CC4DCCB2965BA1A78DFE8_66E7F888ACC3D4C7542608927F058401, StartTime=2016.04.01-22.47.00, HierarchicalDDC=, DataSize=64618, Duration=0.124179, RunGuid=RunID1C79A73A414D7D2E6B3A949852008D6F
DDCTransactionId01384B1C4332ED10C04FE18EC6345BDC_854, PutCachedData=, CacheKey=PhysXPC_VIS_5DF9E1AAB7CC4DCCB2965BA1A78DFE8_B47AB8D4437F2936B5FE5BAA7FB80C13, StartTime=2016.04.01-22.47.00, HierarchicalDDC=, DataSize=64618, Duration=0.137378, RunGuid=RunID1C79A73A414D7D2E6B3A949852008D6F
DDCTransactionIdFC1C83824942CA647BFFB5A59F97735F_826, PutCachedData=, CacheKey=PhysXPC_FULL_5DF9E1AAB7CC4DCCB2965BA1A78DFE8_2C4D76CCED60ADA6BF64F3DEDFCF3351, StartTime=2016.04.01-22.47.00, HierarchicalDDC=, DataSize=64618, Duration=0.132002, RunGuid=RunID1C79A73A414D7D2E6B3A949852008D6F
DDCTransactionId01384B1C4332ED10C04FE18EC6345BDC_855, PutCachedData=, CacheKey=PhysXPC_VIS_5DF9E1AAB7CC4DCCB2965BA1A78DFE8_6E8477CF4CEFE08B16EBA98E681205EC, StartTime=2016.04.01-22.47.00, HierarchicalDDC=, DataSize=64618, Duration=0.252753, RunGuid=RunID1C79A73A414D7D2E6B3A949852008D6F
DDCTransactionIdFC1C83824942CA647BFFB5A59F97735F_827, PutCachedData=, CacheKey=PhysXPC_FULL_5DF9E1AAB7CC4DCCB2965BA1A78DFE8_96265C6302C5A5F16C0DA75C9268C7D2, StartTime=2016.04.01-22.47.00, HierarchicalDDC=, DataSize=64618, Duration=0.214625, RunGuid=RunID1C79A73A414D7D2E6B3A949852008D6F
DDCTransactionId01384B1C4332ED10C04FE18EC6345BDC_856, PutCachedData=, CacheKey=PhysXPC_VIS_5DF9E1AAB7CC4DCCB2965BA1A78DFE8_059EDBD741AE0708277D51B2EDE6B2F2, StartTime=2016.04.01-22.47.00, HierarchicalDDC=, DataSize=64618, Duration=0.196043, RunGuid=RunID1C79A73A414D7D2E6B3A949852008D6F
DDCTransactionIdFC1C83824942CA647BFFB5A59F97735F_828, PutCachedData=, CacheKey=PhysXPC_FULL_5DF9E1AAB7CC4DCCB2965BA1A78DFE8_1B207074640C8F022B9C9124ACF1ABA7, StartTime=2016.04.01-22.47.00, HierarchicalDDC=, DataSize=64618, Duration=0.189688, RunGuid=RunID1C79A73A414D7D2E6B3A949852008D6F
DDCTransactionId01384B1C4332ED10C04FE18EC6345BDC_857, PutCachedData=, CacheKey=PhysXPC_VIS_5DF9E1AAB7CC4DCCB2965BA1A78DFE8_4440E34440D1202B78BFBD834098C0F6, StartTime=2016.04.01-22.47.00, HierarchicalDDC=, DataSize=64618, Duration=0.230756, RunGuid=RunID1C79A73A414D7D2E6B3A949852008D6F
DDCTransactionIdFC1C83824942CA647BFFB5A59F97735F_829, PutCachedData=, CacheKey=PhysXPC_FULL_5DF9E1AAB7CC4DCCB2965BA1A78DFE8_D0E4FFD71DB2CE7A044A326A3C75E053, StartTime=2016.04.01-22.47.00, HierarchicalDDC=, DataSize=64618, Duration=0.177465, RunGuid=RunID1C79A73A414D7D2E6B3A949852008D6F
DDCTransactionId01384B1C4332ED10C04FE18EC6345BDC_858, PutCachedData=, CacheKey=PhysXPC_VIS_5DF9E1AAB7CC4DCCB2965BA1A78DFE8_B0DC1D464D984BA57656FCA270E549F9, StartTime=2016.04.01-22.47.00, HierarchicalDDC=, DataSize=64618, Duration=0.175022, RunGuid=RunID1C79A73A414D7D2E6B3A949852008D6F
DDCTransactionIdFC1C83824942CA647BFFB5A59F97735F_830, PutCachedData=, CacheKey=PhysXPC_FULL_5DF9E1AAB7CC4DCCB2965BA1A78DFE8_1E380E8AC5814589FCE97C3454B7E0BD, StartTime=2016.04.01-22.47.00, HierarchicalDDC=, DataSize=64618, Duration=0.154976, RunGuid=RunID1C79A73A414D7D2E6B3A949852008D6F
DDCTransactionId01384B1C4332ED10C04FE18EC6345BDC_859, PutCachedData=, CacheKey=PhysXPC_VIS_5DF9E1AAB7CC4DCCB2965BA1A78DFE8_01CD39E04DBB6F684EE6E69C4B1166C5, StartTime=2016.04.01-22.47.00, HierarchicalDDC=, DataSize=64618, Duration=0.246890, RunGuid=RunID1C79A73A414D7D2E6B3A949852008D6F
DDCTransactionIdFC1C83824942CA647BFFB5A59F97735F_831, PutCachedData=, CacheKey=PhysXPC_FULL_5DF9E1AAB7CC4DCCB2965BA1A78DFE8_12F52317DBE2EE6A5F68615552EC7AA5, StartTime=2016.04.01-22.47.00, HierarchicalDDC=, DataSize=64618, Duration=0.179425, RunGuid=RunID1C79A73A414D7D2E6B3A949852008D6F
DDCTransactionIdFC1C83824942CA647BFFB5A59F97735F_832, PutCachedData=, CacheKey=PhysXPC_VIS_5DF9E1AAB7CC4DCCB2965BA1A78DFE8_33EFE43C4F2EC436D04DB3969E87A36E, StartTime=2016.04.01-22.47.00, HierarchicalDDC=, DataSize=64618, Duration=0.158891, RunGuid=RunID1C79A73A414D7D2E6B3A949852008D6F
DDCTransactionId01384B1C4332ED10C04FE18EC6345BDC_860, PutCachedData=, CacheKey=PhysXPC_FULL_5DF9E1AAB7CC4DCCB2965BA1A78DFE8_52DD91822FF070D5A6265569D6DB256E, StartTime=2016.04.01-22.47.00, HierarchicalDDC=, DataSize=64618, Duration=0.211198, RunGuid=RunID1C79A73A414D7D2E6B3A949852008D6F
DDCTransactionIdFC1C83824942CA647BFFB5A59F97735F_833, PutCachedData=, CacheKey=PhysXPC_VIS_5DF9E1AAB7CC4DCCB2965BA1A78DFE8_7297768C491080C2FE7214975DC1BC64, StartTime=2016.04.01-22.47.00, HierarchicalDDC=, DataSize=64618, Duration=0.172090, RunGuid=RunID1C79A73A414D7D2E6B3A949852008D6F
DDCTransactionId01384B1C4332ED10C04FE18EC6345BDC_861, PutCachedData=, CacheKey=PhysXPC_FULL_5DF9E1AAB7CC4DCCB2965BA1A78DFE8_D333BBE5ABCD9CD3424B0575FF46AA3A, StartTime=2016.04.01-22.47.00, HierarchicalDDC=, DataSize=64618, Duration=0.176977, RunGuid=RunID1C79A73A414D7D2E6B3A949852008D6F
DDCTransactionIdFC1C83824942CA647BFFB5A59F97735F_834, PutCachedData=, CacheKey=PhysXPC_VIS_5DF9E1AAB7CC4DCCB2965BA1A78DFE8_18D16E0A4276DF3E021AF7A2CDBC9654, StartTime=2016.04.01-22.47.00, HierarchicalDDC=, DataSize=64618, Duration=0.225376, RunGuid=RunID1C79A73A414D7D2E6B3A949852008D6F
DDCTransactionId01384B1C4332ED10C04FE18EC6345BDC_862, PutCachedData=, CacheKey=PhysXPC_FULL_5DF9E1AAB7CC4DCCB2965BA1A78DFE8_FF6B0DA66875EF7A2B92979FB2322977, StartTime=2016.04.01-22.47.00, HierarchicalDDC=, DataSize=64618, Duration=0.179913, RunGuid=RunID1C79A73A414D7D2E6B3A949852008D6F
DDCTransactionIdFC1C83824942CA647BFFB5A59F97735F_835, PutCachedData=, CacheKey=PhysXPC_VIS_5DF9E1AAB7CC4DCCB2965BA1A78DFE8_0EE60FC9447992CAC3491C8238899AAD, StartTime=2016.04.01-22.47.00, HierarchicalDDC=, DataSize=64618, Duration=0.159375, RunGuid=RunID1C79A73A414D7D2E6B3A949852008D6F
DDCTransactionId01384B1C4332ED10C04FE18EC6345BDC_863, PutCachedData=, CacheKey=PhysXPC_FULL_5DF9E1AAB7CC4DCCB2965BA1A78DFE8_A4328AB99B1805945E601FC3A33E85E2, StartTime=2016.04.01-22.47.00, HierarchicalDDC=, DataSize=64618, Duration=0.136890, RunGuid=RunID1C79A73A414D7D2E6B3A949852008D6F
DDCTransactionIdFC1C83824942CA647BFFB5A59F97735F_836, PutCachedData=, CacheKey=PhysXPC_VIS_5DF9E1AAB7CC4DCCB2965BA1A78DFE8_64FD2A9240067F46B62ABCA2D141D61A, StartTime=2016.04.01-22.47.00, HierarchicalDDC=, DataSize=64618, Duration=0.170134, RunGuid=RunID1C79A73A414D7D2E6B3A949852008D6F
DDCTransactionId01384B1C4332ED10C04FE18EC6345BDC_864, PutCachedData=, CacheKey=PhysXPC_FULL_5DF9E1AAB7CC4DCCB2965BA1A78DFE8_0851A55B71222F01E732702A8C21F9E2, StartTime=2016.04.01-22.47.00, HierarchicalDDC=, DataSize=64618, Duration=0.174042, RunGuid=RunID1C79A73A414D7D2E6B3A949852008D6F
DDCTransactionIdFC1C83824942CA647BFFB5A59F97735F_837, PutCachedData=, CacheKey=PhysXPC_VIS_5DF9E1AAB7CC4DCCB2965BA1A78DFE8_CF29C6B746DFD1C46085C6B78F51311C, StartTime=2016.04.01-22.47.00, HierarchicalDDC=, DataSize=64618, Duration=0.188220, RunGuid=RunID1C79A73A414D7D2E6B3A949852008D6F
DDCTransactionId01384B1C4332ED10C04FE18EC6345BDC_865, PutCachedData=, CacheKey=PhysXPC_FULL_5DF9E1AAB7CC4DCCB2965BA1A78DFE8_02D0A545711AEE7B731F50DE2E749275, StartTime=2016.04.01-22.47.00, HierarchicalDDC=, DataSize=64618, Duration=0.171598, RunGuid=RunID1C79A73A414D7D2E6B3A949852008D6F
DDCTransactionIdFC1C83824942CA647BFFB5A59F97735F_838, PutCachedData=, CacheKey=PhysXPC_VIS_5DF9E1AAB7CC4DCCB2965BA1A78DFE8_BE7C39F74EB3FC791D85E3ABA6FC3FE5, StartTime=2016.04.01-22.47.00, HierarchicalDDC=, DataSize=64618, Duration=0.185288, RunGuid=RunID1C79A73A414D7D2E6B3A949852008D6F
DDCTransactionId01384B1C4332ED10C04FE18EC6345BDC_866, PutCachedData=, CacheKey=PhysXPC_FULL_5DF9E1AAB7CC4DCCB2965BA1A78DFE8_D140B59BDF4973E9DE528601925C630B, StartTime=2016.04.01-22.47.00, HierarchicalDDC=, DataSize=64618, Duration=0.155956, RunGuid=RunID1C79A73A414D7D2E6B3A949852008D6F
DDCTransactionIdFC1C83824942CA647BFFB5A59F97735F_839, PutCachedData=, CacheKey=PhysXPC_VIS_5DF9E1AAB7CC4DCCB2965BA1A78DFE8_FFB01D934D99CC3EBF885D9C402CC358, StartTime=2016.04.01-22.47.00, HierarchicalDDC=, DataSize=64618, Duration=0.165734, RunGuid=RunID1C79A73A414D7D2E6B3A949852008D6F
DDCTransactionId01384B1C4332ED10C04FE18EC6345BDC_867, PutCachedData=, CacheKey=PhysXPC_FULL_5DF9E1AAB7CC4DCCB2965BA1A78DFE8_B8DF62449BFC3F81A8A01EE7BE669C62, StartTime=2016.04.01-22.47.00, HierarchicalDDC=, DataSize=64618, Duration=0.166710, RunGuid=RunID1C79A73A414D7D2E6B3A949852008D6F
DDCTransactionIdFC1C83824942CA647BFFB5A59F97735F_840, PutCachedData=, CacheKey=PhysXPC_VIS_5DF9E1AAB7CC4DCCB2965BA1A78DFE8_48919971452CE69514007A989BCDB929, StartTime=2016.04.01-22.47.00, HierarchicalDDC=, DataSize=64618, Duration=0.166710, RunGuid=RunID1C79A73A414D7D2E6B3A949852008D6F
DDCTransactionId01384B1C4332ED10C04FE18EC6345BDC_868, PutCachedData=, CacheKey=PhysXPC_FULL_5DF9E1AAB7CC4DCCB2965BA1A78DFE8_220A128CE59C68B008CA65CAA4EC1234, StartTime=2016.04.01-22.47.00, HierarchicalDDC=, DataSize=64618, Duration=0.124667, RunGuid=RunID1C79A73A414D7D2E6B3A949852008D6F
DDCTransactionId01384B1C4332ED10C04FE18EC6345BDC_869, PutCachedData=, CacheKey=PhysXPC_VIS_5DF9E1AAB7CC4DCCB2965BA1A78DFE8_F7EA07834532F1225EDC7DB3B7A25C78, StartTime=2016.04.01-22.47.00, HierarchicalDDC=, DataSize=64618, Duration=0.144225, RunGuid=RunID1C79A73A414D7D2E6B3A949852008D6F
DDCTransactionIdFC1C83824942CA647BFFB5A59F97735F_841, PutCachedData=, CacheKey=PhysXPC_FULL_5DF9E1AAB7CC4DCCB2965BA1A78DFE8_4499433EF532C3FD5DA09725FD4AB767, StartTime=2016.04.01-22.47.00, HierarchicalDDC=, DataSize=64618, Duration=0.131998, RunGuid=RunID1C79A73A414D7D2E6B3A949852008D6F
DDCTransactionId01384B1C4332ED10C04FE18EC6345BDC_870, PutCachedData=, CacheKey=PhysXPC_VIS_5DF9E1AAB7CC4DCCB2965BA1A78DFE8_F8412F784D608F6BBF01659B571C2D1A, StartTime=2016.04.01-22.47.00, HierarchicalDDC=, DataSize=64618, Duration=0.134934, RunGuid=RunID1C79A73A414D7D2E6B3A949852008D6F
DDCTransactionIdFC1C83824942CA647BFFB5A59F97735F_842, PutCachedData=, CacheKey=PhysXPC_FULL_5DF9E1AAB7CC4DCCB2965BA1A78DFE8_48D7C192FDDAB2655317D2F130BF7A60, StartTime=2016.04.01-22.47.00, HierarchicalDDC=, DataSize=64618, Duration=0.146665, RunGuid=RunID1C79A73A414D7D2E6B3A949852008D6F
DDCTransactionId01384B1C4332ED10C04FE18EC6345BDC_871, PutCachedData=, CacheKey=PhysXPC_VIS_5DF9E1AAB7CC4DCCB2965BA1A78DFE8_0A91863E470EDBEA34F6029D9A93DD87, StartTime=2016.04.01-22.47.00, HierarchicalDDC=, DataSize=64618, Duration=0.145689, RunGuid=RunID1C79A73A414D7D2E6B3A949852008D6F
DDCTransactionIdFC1C83824942CA647BFFB5A59F97735F_843, PutCachedData=, CacheKey=PhysXPC_FULL_5DF9E1AAB7CC4DCCB2965BA1A78DFE8_AC5B548497EFCCE57EDA6375B7324ACC, StartTime=2016.04.01-22.47.00, HierarchicalDDC=, DataSize=64618, Duration=0.149108, RunGuid=RunID1C79A73A414D7D2E6B3A949852008D6F
DDCTransactionId01384B1C4332ED10C04FE18EC6345BDC_872, PutCachedData=, CacheKey=PhysXPC_VIS_5DF9E1AAB7CC4DCCB2965BA1A78DFE8_6C779FC54E1B3F965DD7CEA11BD3E7D5, StartTime=2016.04.01-22.47.00, HierarchicalDDC=, DataSize=64618, Duration=0.156932, RunGuid=RunID1C79A73A414D7D2E6B3A949852008D6F
DDCTransactionIdFC1C83824942CA647BFFB5A59F97735F_844, PutCachedData=, CacheKey=PhysXPC_FULL_5DF9E1AAB7CC4DCCB2965BA1A78DFE8_829BFC4B19ED655FA00C601A31117937, StartTime=2016.04.01-22.47.00, HierarchicalDDC=, DataSize=64618, Duration=0.163775, RunGuid=RunID1C79A73A414D7D2E6B3A949852008D6F
DDCTransactionId01384B1C4332ED10C04FE18EC6345BDC_873, PutCachedData=, CacheKey=PhysXPC_VIS_5DF9E1AAB7CC4DCCB2965BA1A78DFE8_5960D63C43AA2859D03C8F8ED13573FA, StartTime=2016.04.01-22.47.00, HierarchicalDDC=, DataSize=64618, Duration=0.154000, RunGuid=RunID1C79A73A414D7D2E6B3A949852008D6F
DDCTransactionIdFC1C83824942CA647BFFB5A59F97735F_845, PutCachedData=, CacheKey=PhysXPC_FULL_5DF9E1AAB7CC4DCCB2965BA1A78DFE8_07FA52A32877221AF3C16DC3A02E5AB3, StartTime=2016.04.01-22.47.00, HierarchicalDDC=, DataSize=64618, Duration=0.141289, RunGuid=RunID1C79A73A414D7D2E6B3A949852008D6F
DDCTransactionId01384B1C4332ED10C04FE18EC6345BDC_874, PutCachedData=, CacheKey=PhysXPC_VIS_5DF9E1AAB7CC4DCCB2965BA1A78DFE8_31E99C14414475B2BC895781247B4D4B, StartTime=2016.04.01-22.47.00, HierarchicalDDC=, DataSize=64618, Duration=0.143733, RunGuid=RunID1C79A73A414D7D2E6B3A949852008D6F
DDCTransactionIdFC1C83824942CA647BFFB5A59F97735F_846, PutCachedData=, CacheKey=PhysXPC_FULL_5DF9E1AAB7CC4DCCB2965BA1A78DFE8_D81238BC959650E4D47802B489F42482, StartTime=2016.04.01-22.47.00, HierarchicalDDC=, DataSize=64618, Duration=0.140797, RunGuid=RunID1C79A73A414D7D2E6B3A949852008D6F
DDCTransactionId01384B1C4332ED10C04FE18EC6345BDC_875, PutCachedData=, CacheKey=PhysXPC_VIS_5DF9E1AAB7CC4DCCB2965BA1A78DFE8_EEFCBED94CF40622E3BEBB927B7DF84C, StartTime=2016.04.01-22.47.00, HierarchicalDDC=, DataSize=64618, Duration=0.169154, RunGuid=RunID1C79A73A414D7D2E6B3A949852008D6F
DDCTransactionIdFC1C83824942CA647BFFB5A59F97735F_847, PutCachedData=, CacheKey=PhysXPC_FULL_5DF9E1AAB7CC4DCCB2965BA1A78DFE8_6AE78C1BBDA56793B0518A1C15991FD3, StartTime=2016.04.01-22.47.00, HierarchicalDDC=, DataSize=64618, Duration=0.156935, RunGuid=RunID1C79A73A414D7D2E6B3A949852008D6F
DDCTransactionId01384B1C4332ED10C04FE18EC6345BDC_876, PutCachedData=, CacheKey=PhysXPC_VIS_5DF9E1AAB7CC4DCCB2965BA1A78DFE8_D51D7A934276084EF6DFE69A9F1D1257, StartTime=2016.04.01-22.47.00, HierarchicalDDC=, DataSize=64618, Duration=0.152044, RunGuid=RunID1C79A73A414D7D2E6B3A949852008D6F
DDCTransactionIdFC1C83824942CA647BFFB5A59F97735F_848, PutCachedData=, CacheKey=PhysXPC_FULL_5DF9E1AAB7CC4DCCB2965BA1A78DFE8_C9E0413C314C9A53E7E8A0AA0C7F6649, StartTime=2016.04.01-22.47.00, HierarchicalDDC=, DataSize=64618, Duration=0.137378, RunGuid=RunID1C79A73A414D7D2E6B3A949852008D6F
DDCTransactionId01384B1C4332ED10C04FE18EC6345BDC_877, PutCachedData=, CacheKey=PhysXPC_VIS_5DF9E1AAB7CC4DCCB2965BA1A78DFE8_0400FE01434386FF6F981FA74F59F38D, StartTime=2016.04.01-22.47.00, HierarchicalDDC=, DataSize=64618, Duration=0.132978, RunGuid=RunID1C79A73A414D7D2E6B3A949852008D6F
DDCTransactionIdFC1C83824942CA647BFFB5A59F97735F_849, PutCachedData=, CacheKey=PhysXPC_FULL_5DF9E1AAB7CC4DCCB2965BA1A78DFE8_9B0621098423E5495D8476A8DFEF9F2A, StartTime=2016.04.01-22.47.00, HierarchicalDDC=, DataSize=64618, Duration=0.143733, RunGuid=RunID1C79A73A414D7D2E6B3A949852008D6F
DDCTransactionId01384B1C4332ED10C04FE18EC6345BDC_878, PutCachedData=, CacheKey=PhysXPC_VIS_5DF9E1AAB7CC4DCCB2965BA1A78DFE8_860F07324DA334C790866EA031070814, StartTime=2016.04.01-22.47.00, HierarchicalDDC=, DataSize=64618, Duration=0.141289, RunGuid=RunID1C79A73A414D7D2E6B3A949852008D6F
DDCTransactionIdFC1C83824942CA647BFFB5A59F97735F_850, PutCachedData=, CacheKey=PhysXPC_FULL_5DF9E1AAB7CC4DCCB2965BA1A78DFE8_57320EF77B34EB4E22F36A2824608218, StartTime=2016.04.01-22.47.00, HierarchicalDDC=, DataSize=64618, Duration=0.142269, RunGuid=RunID1C79A73A414D7D2E6B3A949852008D6F
DDCTransactionId01384B1C4332ED10C04FE18EC6345BDC_879, PutCachedData=, CacheKey=PhysXPC_VIS_5DF9E1AAB7CC4DCCB2965BA1A78DFE8_1B8CB9CF4C087E268FAF0FAC65281A9E, StartTime=2016.04.01-22.47.00, HierarchicalDDC=, DataSize=64618, Duration=0.136890, RunGuid=RunID1C79A73A414D7D2E6B3A949852008D6F
DDCTransactionIdFC1C83824942CA647BFFB5A59F97735F_851, PutCachedData=, CacheKey=PhysXPC_FULL_5DF9E1AAB7CC4DCCB2965BA1A78DFE8_767B5386C8C8358AD6ADB5AC26E227F0, StartTime=2016.04.01-22.47.00, HierarchicalDDC=, DataSize=64618, Duration=0.151556, RunGuid=RunID1C79A73A414D7D2E6B3A949852008D6F
DDCTransactionId01384B1C4332ED10C04FE18EC6345BDC_880, PutCachedData=, CacheKey=PhysXPC_VIS_5DF9E1AAB7CC4DCCB2965BA1A78DFE8_77106B7048B47C0087A11BB870999A99, StartTime=2016.04.01-22.47.00, HierarchicalDDC=, DataSize=64618, Duration=0.150088, RunGuid=RunID1C79A73A414D7D2E6B3A949852008D6F
DDCTransactionIdFC1C83824942CA647BFFB5A59F97735F_852, PutCachedData=, CacheKey=PhysXPC_FULL_5DF9E1AAB7CC4DCCB2965BA1A78DFE8_7F382BA3FE1E4151E751D4631E18960C, StartTime=2016.04.01-22.47.00, HierarchicalDDC=, DataSize=64618, Duration=0.178933, RunGuid=RunID1C79A73A414D7D2E6B3A949852008D6F
DDCTransactionId01384B1C4332ED10C04FE18EC6345BDC_881, PutCachedData=, CacheKey=PhysXPC_VIS_5DF9E1AAB7CC4DCCB2965BA1A78DFE8_4EC129EE40EC6B36345C02AB6F737BC3, StartTime=2016.04.01-22.47.00, HierarchicalDDC=, DataSize=64618, Duration=0.155956, RunGuid=RunID1C79A73A414D7D2E6B3A949852008D6F
DDCTransactionIdFC1C83824942CA647BFFB5A59F97735F_853, PutCachedData=, CacheKey=PhysXPC_FULL_5DF9E1AAB7CC4DCCB2965BA1A78DFE8_9926BD6B06EB0C90585B47CB8086276A, StartTime=2016.04.01-22.47.00, HierarchicalDDC=, DataSize=64618, Duration=0.144709, RunGuid=RunID1C79A73A414D7D2E6B3A949852008D6F
DDCTransactionId01384B1C4332ED10C04FE18EC6345BDC_882, PutCachedData=, CacheKey=PhysXPC_VIS_5DF9E1AAB7CC4DCCB2965BA1A78DFE8_8BEE25EE4655DDF16F22748054592E94, StartTime=2016.04.01-22.47.00, HierarchicalDDC=, DataSize=64618, Duration=0.140313, RunGuid=RunID1C79A73A414D7D2E6B3A949852008D6F
DDCTransactionIdFC1C83824942CA647BFFB5A59F97735F_854, PutCachedData=, CacheKey=PhysXPC_FULL_5DF9E1AAB7CC4DCCB2965BA1A78DFE8_0647011E2047AB38FCBD04EA81D0D97C, StartTime=2016.04.01-22.47.00, HierarchicalDDC=, DataSize=64618, Duration=0.133954, RunGuid=RunID1C79A73A414D7D2E6B3A949852008D6F
DDCTransactionId01384B1C4332ED10C04FE18EC6345BDC_883, PutCachedData=, CacheKey=PhysXPC_VIS_5DF9E1AAB7CC4DCCB2965BA1A78DFE8_FBB594DF4E9AB23B199E0EA645F52C3C, StartTime=2016.04.01-22.47.00, HierarchicalDDC=, DataSize=64618, Duration=0.133954, RunGuid=RunID1C79A73A414D7D2E6B3A949852008D6F
DDCTransactionIdFC1C83824942CA647BFFB5A59F97735F_855, PutCachedData=, CacheKey=PhysXPC_FULL_5DF9E1AAB7CC4DCCB2965BA1A78DFE8_8C49B3EDAB80EA6F13531DF5ADE0CBA8, StartTime=2016.04.01-22.47.00, HierarchicalDDC=, DataSize=64618, Duration=0.133958, RunGuid=RunID1C79A73A414D7D2E6B3A949852008D6F
DDCTransactionId01384B1C4332ED10C04FE18EC6345BDC_884, PutCachedData=, CacheKey=PhysXPC_VIS_5DF9E1AAB7CC4DCCB2965BA1A78DFE8_662E5B064AED5FFBFFBABF98952B04E2, StartTime=2016.04.01-22.47.00, HierarchicalDDC=, DataSize=64618, Duration=0.131510, RunGuid=RunID1C79A73A414D7D2E6B3A949852008D6F
DDCTransactionIdFC1C83824942CA647BFFB5A59F97735F_856, PutCachedData=, CacheKey=PhysXPC_FULL_5DF9E1AAB7CC4DCCB2965BA1A78DFE8_142FE95FFB77FCDE61D29CB72FA22632, StartTime=2016.04.01-22.47.00, HierarchicalDDC=, DataSize=64618, Duration=0.133954, RunGuid=RunID1C79A73A414D7D2E6B3A949852008D6F
DDCTransactionId01384B1C4332ED10C04FE18EC6345BDC_885, PutCachedData=, CacheKey=PhysXPC_VIS_5DF9E1AAB7CC4DCCB2965BA1A78DFE8_4660020B49F6AFE4C2C4B28BED15D8BA, StartTime=2016.04.01-22.47.00, HierarchicalDDC=, DataSize=64618, Duration=0.132978, RunGuid=RunID1C79A73A414D7D2E6B3A949852008D6F
DDCTransactionIdFC1C83824942CA647BFFB5A59F97735F_857, PutCachedData=, CacheKey=PhysXPC_FULL_5DF9E1AAB7CC4DCCB2965BA1A78DFE8_66D6203E96C013AD18245A34D3582B56, StartTime=2016.04.01-22.47.00, HierarchicalDDC=, DataSize=64618, Duration=0.138354, RunGuid=RunID1C79A73A414D7D2E6B3A949852008D6F
DDCTransactionId01384B1C4332ED10C04FE18EC6345BDC_886, PutCachedData=, CacheKey=PhysXPC_VIS_5DF9E1AAB7CC4DCCB2965BA1A78DFE8_482F30AD4D315D52934CD490F5CAE684, StartTime=2016.04.01-22.47.00, HierarchicalDDC=, DataSize=64618, Duration=0.131510, RunGuid=RunID1C79A73A414D7D2E6B3A949852008D6F
DDCTransactionIdFC1C83824942CA647BFFB5A59F97735F_858, PutCachedData=, CacheKey=PhysXPC_FULL_5DF9E1AAB7CC4DCCB2965BA1A78DFE8_F8C07BF0F4A05D7BC661E63756BCE431, StartTime=2016.04.01-22.47.00, HierarchicalDDC=, DataSize=64618, Duration=0.233199, RunGuid=RunID1C79A73A414D7D2E6B3A949852008D6F
DDCTransactionId01384B1C4332ED10C04FE18EC6345BDC_887, PutCachedData=, CacheKey=PhysXPC_VIS_5DF9E1AAB7CC4DCCB2965BA1A78DFE8_88D8EE9846045EFA04219CA81ED8CD90, StartTime=2016.04.01-22.47.00, HierarchicalDDC=, DataSize=64618, Duration=0.160847, RunGuid=RunID1C79A73A414D7D2E6B3A949852008D6F
DDCTransactionId01384B1C4332ED10C04FE18EC6345BDC_888, PutCachedData=, CacheKey=PhysXPC_FULL_5DF9E1AAB7CC4DCCB2965BA1A78DFE8_33A81CB3988AC638C4A1A4B3D7A52BBA, StartTime=2016.04.01-22.47.00, HierarchicalDDC=, DataSize=64618, Duration=0.144221, RunGuid=RunID1C79A73A414D7D2E6B3A949852008D6F
DDCTransactionIdFC1C83824942CA647BFFB5A59F97735F_859, PutCachedData=, CacheKey=PhysXPC_VIS_5DF9E1AAB7CC4DCCB2965BA1A78DFE8_2A8045604CBCE9FC075659A60BE00A2F, StartTime=2016.04.01-22.47.00, HierarchicalDDC=, DataSize=64618, Duration=0.144709, RunGuid=RunID1C79A73A414D7D2E6B3A949852008D6F
DDCTransactionId01384B1C4332ED10C04FE18EC6345BDC_889, PutCachedData=, CacheKey=PhysXPC_FULL_5DF9E1AAB7CC4DCCB2965BA1A78DFE8_0449AD8B08095DBC4F19931D8150E2C6, StartTime=2016.04.01-22.47.00, HierarchicalDDC=, DataSize=64618, Duration=0.141781, RunGuid=RunID1C79A73A414D7D2E6B3A949852008D6F
DDCTransactionIdFC1C83824942CA647BFFB5A59F97735F_860, PutCachedData=, CacheKey=PhysXPC_VIS_5DF9E1AAB7CC4DCCB2965BA1A78DFE8_A381B2CC49C1EAF751ABB3B7F519E0DD, StartTime=2016.04.01-22.47.00, HierarchicalDDC=, DataSize=64618, Duration=0.143245, RunGuid=RunID1C79A73A414D7D2E6B3A949852008D6F
DDCTransactionId01384B1C4332ED10C04FE18EC6345BDC_890, PutCachedData=, CacheKey=PhysXPC_FULL_5DF9E1AAB7CC4DCCB2965BA1A78DFE8_A0A8994103AA6CF5E6D9E3AA5FA53D51, StartTime=2016.04.01-22.47.00, HierarchicalDDC=, DataSize=64618, Duration=0.147644, RunGuid=RunID1C79A73A414D7D2E6B3A949852008D6F
DDCTransactionIdFC1C83824942CA647BFFB5A59F97735F_861, PutCachedData=, CacheKey=PhysXPC_VIS_5DF9E1AAB7CC4DCCB2965BA1A78DFE8_6FF1385E408DB05A457D54B9EBF0BCFD, StartTime=2016.04.01-22.47.00, HierarchicalDDC=, DataSize=64618, Duration=0.168175, RunGuid=RunID1C79A73A414D7D2E6B3A949852008D6F
DDCTransactionId01384B1C4332ED10C04FE18EC6345BDC_891, PutCachedData=, CacheKey=PhysXPC_FULL_5DF9E1AAB7CC4DCCB2965BA1A78DFE8_042A0AA04F89D2CB7FE592439E5ADE7C, StartTime=2016.04.01-22.47.00, HierarchicalDDC=, DataSize=64618, Duration=0.260089, RunGuid=RunID1C79A73A414D7D2E6B3A949852008D6F
DDCTransactionIdFC1C83824942CA647BFFB5A59F97735F_862, PutCachedData=, CacheKey=PhysXPC_VIS_5DF9E1AAB7CC4DCCB2965BA1A78DFE8_C8F935AE45120300C2603DB8AAC64713, StartTime=2016.04.01-22.47.00, HierarchicalDDC=, DataSize=64618, Duration=0.167202, RunGuid=RunID1C79A73A414D7D2E6B3A949852008D6F
DDCTransactionIdFC1C83824942CA647BFFB5A59F97735F_863, PutCachedData=, CacheKey=PhysXPC_FULL_5DF9E1AAB7CC4DCCB2965BA1A78DFE8_BEBACAE73A9FB81E9A5C083E0F989529, StartTime=2016.04.01-22.47.00, HierarchicalDDC=, DataSize=64618, Duration=0.132490, RunGuid=RunID1C79A73A414D7D2E6B3A949852008D6F
DDCTransactionId01384B1C4332ED10C04FE18EC6345BDC_892, PutCachedData=, CacheKey=PhysXPC_VIS_5DF9E1AAB7CC4DCCB2965BA1A78DFE8_0538FFEF49DBD42E1E112193FA318792, StartTime=2016.04.01-22.47.00, HierarchicalDDC=, DataSize=64618, Duration=0.128578, RunGuid=RunID1C79A73A414D7D2E6B3A949852008D6F
DDCTransactionIdFC1C83824942CA647BFFB5A59F97735F_864, PutCachedData=, CacheKey=PhysXPC_FULL_5DF9E1AAB7CC4DCCB2965BA1A78DFE8_EFC4911BF9984F92E86311EE85EB7E03, StartTime=2016.04.01-22.47.00, HierarchicalDDC=, DataSize=64618, Duration=0.135910, RunGuid=RunID1C79A73A414D7D2E6B3A949852008D6F
DDCTransactionId01384B1C4332ED10C04FE18EC6345BDC_893, PutCachedData=, CacheKey=PhysXPC_VIS_5DF9E1AAB7CC4DCCB2965BA1A78DFE8_F5E67C124D39C71C3223C7937D1C5E91, StartTime=2016.04.01-22.47.00, HierarchicalDDC=, DataSize=64618, Duration=0.126623, RunGuid=RunID1C79A73A414D7D2E6B3A949852008D6F
DDCTransactionIdFC1C83824942CA647BFFB5A59F97735F_865, PutCachedData=, CacheKey=PhysXPC_FULL_5DF9E1AAB7CC4DCCB2965BA1A78DFE8_F11650AEB9FEBB27D7ECF6CAED5B6AD8, StartTime=2016.04.01-22.47.00, HierarchicalDDC=, DataSize=64618, Duration=0.131510, RunGuid=RunID1C79A73A414D7D2E6B3A949852008D6F
DDCTransactionId01384B1C4332ED10C04FE18EC6345BDC_894, PutCachedData=, CacheKey=PhysXPC_VIS_5DF9E1AAB7CC4DCCB2965BA1A78DFE8_AB9A81A148102C861A849C9F4CBCE847, StartTime=2016.04.01-22.47.00, HierarchicalDDC=, DataSize=64618, Duration=0.134446, RunGuid=RunID1C79A73A414D7D2E6B3A949852008D6F
DDCTransactionIdFC1C83824942CA647BFFB5A59F97735F_866, PutCachedData=, CacheKey=PhysXPC_FULL_5DF9E1AAB7CC4DCCB2965BA1A78DFE8_CB2CAB393718D7744202AD63B50B402B, StartTime=2016.04.01-22.47.00, HierarchicalDDC=, DataSize=64618, Duration=0.165731, RunGuid=RunID1C79A73A414D7D2E6B3A949852008D6F
DDCTransactionId01384B1C4332ED10C04FE18EC6345BDC_895, PutCachedData=, CacheKey=PhysXPC_VIS_5DF9E1AAB7CC4DCCB2965BA1A78DFE8_D31F66134A41F538D327B8AECC7B9FA3, StartTime=2016.04.01-22.47.00, HierarchicalDDC=, DataSize=64618, Duration=0.197511, RunGuid=RunID1C79A73A414D7D2E6B3A949852008D6F
DDCTransactionIdFC1C83824942CA647BFFB5A59F97735F_867, PutCachedData=, CacheKey=PhysXPC_FULL_5DF9E1AAB7CC4DCCB2965BA1A78DFE8_631972849AEB5CB3BF4743910101A3E0, StartTime=2016.04.01-22.47.00, HierarchicalDDC=, DataSize=64618, Duration=0.155468, RunGuid=RunID1C79A73A414D7D2E6B3A949852008D6F
DDCTransactionId01384B1C4332ED10C04FE18EC6345BDC_896, PutCachedData=, CacheKey=PhysXPC_VIS_5DF9E1AAB7CC4DCCB2965BA1A78DFE8_AC15A0D24B9351D1CD3839A485B6DE20, StartTime=2016.04.01-22.47.00, HierarchicalDDC=, DataSize=64618, Duration=0.152044, RunGuid=RunID1C79A73A414D7D2E6B3A949852008D6F
DDCTransactionIdFC1C83824942CA647BFFB5A59F97735F_868, PutCachedData=, CacheKey=PhysXPC_FULL_5DF9E1AAB7CC4DCCB2965BA1A78DFE8_62DA44C3C142A60FA0B0DF910B526A9A, StartTime=2016.04.01-22.47.00, HierarchicalDDC=, DataSize=64618, Duration=0.167202, RunGuid=RunID1C79A73A414D7D2E6B3A949852008D6F
DDCTransactionId01384B1C4332ED10C04FE18EC6345BDC_897, PutCachedData=, CacheKey=PhysXPC_VIS_5DF9E1AAB7CC4DCCB2965BA1A78DFE8_5DE1A08E410042E94E72C38167EEC202, StartTime=2016.04.01-22.47.00, HierarchicalDDC=, DataSize=64618, Duration=0.151556, RunGuid=RunID1C79A73A414D7D2E6B3A949852008D6F
DDCTransactionIdFC1C83824942CA647BFFB5A59F97735F_869, PutCachedData=, CacheKey=PhysXPC_FULL_5DF9E1AAB7CC4DCCB2965BA1A78DFE8_41AF67C5AF91F4B8A5FA99525D8FABFC, StartTime=2016.04.01-22.47.00, HierarchicalDDC=, DataSize=64618, Duration=0.164267, RunGuid=RunID1C79A73A414D7D2E6B3A949852008D6F
DDCTransactionId01384B1C4332ED10C04FE18EC6345BDC_898, PutCachedData=, CacheKey=PhysXPC_VIS_5DF9E1AAB7CC4DCCB2965BA1A78DFE8_5B0B4B204FDAB862701360B45EA3ABF6, StartTime=2016.04.01-22.47.00, HierarchicalDDC=, DataSize=64618, Duration=0.169642, RunGuid=RunID1C79A73A414D7D2E6B3A949852008D6F
DDCTransactionIdFC1C83824942CA647BFFB5A59F97735F_870, PutCachedData=, CacheKey=PhysXPC_FULL_5DF9E1AAB7CC4DCCB2965BA1A78DFE8_B80518294EC5DEDB80499D059DD2A28C, StartTime=2016.04.01-22.47.00, HierarchicalDDC=, DataSize=64618, Duration=0.180401, RunGuid=RunID1C79A73A414D7D2E6B3A949852008D6F
DDCTransactionId01384B1C4332ED10C04FE18EC6345BDC_899, PutCachedData=, CacheKey=PhysXPC_VIS_5DF9E1AAB7CC4DCCB2965BA1A78DFE8_6F66544F4345B5E9E2A6B5922D2CF925, StartTime=2016.04.01-22.47.00, HierarchicalDDC=, DataSize=64618, Duration=0.132490, RunGuid=RunID1C79A73A414D7D2E6B3A949852008D6F
DDCTransactionId01384B1C4332ED10C04FE18EC6345BDC_900, PutCachedData=, CacheKey=PhysXPC_FULL_5DF9E1AAB7CC4DCCB2965BA1A78DFE8_E1945BE9BE67F2120DB4054D79CB4FEA, StartTime=2016.04.01-22.47.00, HierarchicalDDC=, DataSize=64618, Duration=0.146665, RunGuid=RunID1C79A73A414D7D2E6B3A949852008D6F
DDCTransactionIdFC1C83824942CA647BFFB5A59F97735F_871, PutCachedData=, CacheKey=PhysXPC_VIS_5DF9E1AAB7CC4DCCB2965BA1A78DFE8_544FA9034FA323F94A934C8888C7F512, StartTime=2016.04.01-22.47.00, HierarchicalDDC=, DataSize=64618, Duration=0.135425, RunGuid=RunID1C79A73A414D7D2E6B3A949852008D6F
DDCTransactionId01384B1C4332ED10C04FE18EC6345BDC_901, PutCachedData=, CacheKey=PhysXPC_FULL_5DF9E1AAB7CC4DCCB2965BA1A78DFE8_D1B8114ACB9F01910812AF95BF26DB03, StartTime=2016.04.01-22.47.00, HierarchicalDDC=, DataSize=64618, Duration=0.148132, RunGuid=RunID1C79A73A414D7D2E6B3A949852008D6F
DDCTransactionIdFC1C83824942CA647BFFB5A59F97735F_872, PutCachedData=, CacheKey=PhysXPC_VIS_5DF9E1AAB7CC4DCCB2965BA1A78DFE8_5F0196BA443D192389498F97C82D30F0, StartTime=2016.04.01-22.47.00, HierarchicalDDC=, DataSize=64618, Duration=0.135422, RunGuid=RunID1C79A73A414D7D2E6B3A949852008D6F
DDCTransactionIdFC1C83824942CA647BFFB5A59F97735F_873, PutCachedData=, CacheKey=PhysXPC_FULL_5DF9E1AAB7CC4DCCB2965BA1A78DFE8_01BA2D9168155A04B11007329B06C708, StartTime=2016.04.01-22.47.00, HierarchicalDDC=, DataSize=64618, Duration=0.155956, RunGuid=RunID1C79A73A414D7D2E6B3A949852008D6F
DDCTransactionId01384B1C4332ED10C04FE18EC6345BDC_902, PutCachedData=, CacheKey=PhysXPC_VIS_5DF9E1AAB7CC4DCCB2965BA1A78DFE8_5B3B7FE44331BCAA2A3D958C3623C3DA, StartTime=2016.04.01-22.47.00, HierarchicalDDC=, DataSize=64618, Duration=0.155956, RunGuid=RunID1C79A73A414D7D2E6B3A949852008D6F
DDCTransactionIdFC1C83824942CA647BFFB5A59F97735F_874, PutCachedData=, CacheKey=PhysXPC_FULL_5DF9E1AAB7CC4DCCB2965BA1A78DFE8_6F1996770FD4A3185F876C9FED5AB248, StartTime=2016.04.01-22.47.00, HierarchicalDDC=, DataSize=64618, Duration=0.245914, RunGuid=RunID1C79A73A414D7D2E6B3A949852008D6F
DDCTransactionId01384B1C4332ED10C04FE18EC6345BDC_903, PutCachedData=, CacheKey=PhysXPC_VIS_5DF9E1AAB7CC4DCCB2965BA1A78DFE8_DDFC5E4847DFCB40F6EA21B7A328714F, StartTime=2016.04.01-22.47.00, HierarchicalDDC=, DataSize=64618, Duration=0.175022, RunGuid=RunID1C79A73A414D7D2E6B3A949852008D6F
DDCTransactionIdFC1C83824942CA647BFFB5A59F97735F_875, PutCachedData=, CacheKey=PhysXPC_FULL_5DF9E1AAB7CC4DCCB2965BA1A78DFE8_383215C847036FD688B19EDE1CCEEC1D, StartTime=2016.04.01-22.47.00, HierarchicalDDC=, DataSize=64618, Duration=0.165243, RunGuid=RunID1C79A73A414D7D2E6B3A949852008D6F
DDCTransactionId01384B1C4332ED10C04FE18EC6345BDC_904, PutCachedData=, CacheKey=PhysXPC_VIS_5DF9E1AAB7CC4DCCB2965BA1A78DFE8_B86B4A3F4D3DD6D13D82A5B8E3A4A5CA, StartTime=2016.04.01-22.47.00, HierarchicalDDC=, DataSize=64618, Duration=0.164267, RunGuid=RunID1C79A73A414D7D2E6B3A949852008D6F
DDCTransactionIdFC1C83824942CA647BFFB5A59F97735F_876, PutCachedData=, CacheKey=PhysXPC_FULL_5DF9E1AAB7CC4DCCB2965BA1A78DFE8_85424FAC5224D2A05ECB8BB374BFF28A, StartTime=2016.04.01-22.47.00, HierarchicalDDC=, DataSize=64618, Duration=0.163779, RunGuid=RunID1C79A73A414D7D2E6B3A949852008D6F
DDCTransactionId01384B1C4332ED10C04FE18EC6345BDC_905, PutCachedData=, CacheKey=PhysXPC_VIS_5DF9E1AAB7CC4DCCB2965BA1A78DFE8_C65467A9401933027E5FE2A346075259, StartTime=2016.04.01-22.47.00, HierarchicalDDC=, DataSize=64618, Duration=0.146665, RunGuid=RunID1C79A73A414D7D2E6B3A949852008D6F
DDCTransactionIdFC1C83824942CA647BFFB5A59F97735F_877, PutCachedData=, CacheKey=PhysXPC_FULL_5DF9E1AAB7CC4DCCB2965BA1A78DFE8_BEA6BB46D22FE907EF10C2E0D7179581, StartTime=2016.04.01-22.47.00, HierarchicalDDC=, DataSize=64618, Duration=0.158399, RunGuid=RunID1C79A73A414D7D2E6B3A949852008D6F
DDCTransactionId01384B1C4332ED10C04FE18EC6345BDC_906, PutCachedData=, CacheKey=PhysXPC_VIS_5DF9E1AAB7CC4DCCB2965BA1A78DFE8_143CA0AE4C147D056FB962B189A91298, StartTime=2016.04.01-22.47.00, HierarchicalDDC=, DataSize=64618, Duration=0.142757, RunGuid=RunID1C79A73A414D7D2E6B3A949852008D6F
DDCTransactionIdFC1C83824942CA647BFFB5A59F97735F_878, PutCachedData=, CacheKey=PhysXPC_FULL_5DF9E1AAB7CC4DCCB2965BA1A78DFE8_D576415A1CC0BF467139229BD1439641, StartTime=2016.04.01-22.47.00, HierarchicalDDC=, DataSize=64618, Duration=0.158891, RunGuid=RunID1C79A73A414D7D2E6B3A949852008D6F
DDCTransactionId01384B1C4332ED10C04FE18EC6345BDC_907, PutCachedData=, CacheKey=PhysXPC_VIS_5DF9E1AAB7CC4DCCB2965BA1A78DFE8_D8A8FAAF4120D40B174474BC1E213CB1, StartTime=2016.04.01-22.47.00, HierarchicalDDC=, DataSize=64618, Duration=0.141289, RunGuid=RunID1C79A73A414D7D2E6B3A949852008D6F
DDCTransactionIdFC1C83824942CA647BFFB5A59F97735F_879, PutCachedData=, CacheKey=PhysXPC_FULL_5DF9E1AAB7CC4DCCB2965BA1A78DFE8_88150FE4D98F01DF1632C831E33ED29B, StartTime=2016.04.01-22.47.00, HierarchicalDDC=, DataSize=64618, Duration=0.173554, RunGuid=RunID1C79A73A414D7D2E6B3A949852008D6F
DDCTransactionId01384B1C4332ED10C04FE18EC6345BDC_908, PutCachedData=, CacheKey=PhysXPC_VIS_5DF9E1AAB7CC4DCCB2965BA1A78DFE8_B8E35920493F22CB9963F6A013CA5700, StartTime=2016.04.01-22.47.00, HierarchicalDDC=, DataSize=64618, Duration=0.190180, RunGuid=RunID1C79A73A414D7D2E6B3A949852008D6F
DDCTransactionIdFC1C83824942CA647BFFB5A59F97735F_880, PutCachedData=, CacheKey=PhysXPC_FULL_5DF9E1AAB7CC4DCCB2965BA1A78DFE8_30BB1C618A12D171406750FA965D5D00, StartTime=2016.04.01-22.47.00, HierarchicalDDC=, DataSize=64618, Duration=0.153512, RunGuid=RunID1C79A73A414D7D2E6B3A949852008D6F
DDCTransactionId01384B1C4332ED10C04FE18EC6345BDC_909, PutCachedData=, CacheKey=PhysXPC_VIS_5DF9E1AAB7CC4DCCB2965BA1A78DFE8_31F83DA64C66E6100EF1F7A380E6CF6C, StartTime=2016.04.01-22.47.00, HierarchicalDDC=, DataSize=64618, Duration=0.147156, RunGuid=RunID1C79A73A414D7D2E6B3A949852008D6F
DDCTransactionIdFC1C83824942CA647BFFB5A59F97735F_881, PutCachedData=, CacheKey=PhysXPC_FULL_5DF9E1AAB7CC4DCCB2965BA1A78DFE8_E99132DCFDB09B91A70E1E2AE43F58A3, StartTime=2016.04.01-22.47.00, HierarchicalDDC=, DataSize=64618, Duration=0.153512, RunGuid=RunID1C79A73A414D7D2E6B3A949852008D6F
DDCTransactionId01384B1C4332ED10C04FE18EC6345BDC_910, PutCachedData=, CacheKey=PhysXPC_VIS_5DF9E1AAB7CC4DCCB2965BA1A78DFE8_549B7FBD47672AB6AB9F2299CEB441D6, StartTime=2016.04.01-22.47.00, HierarchicalDDC=, DataSize=64618, Duration=0.143733, RunGuid=RunID1C79A73A414D7D2E6B3A949852008D6F
DDCTransactionIdFC1C83824942CA647BFFB5A59F97735F_882, PutCachedData=, CacheKey=PhysXPC_FULL_5DF9E1AAB7CC4DCCB2965BA1A78DFE8_3BF19DDC7B7DC5CCD2FD5D1F0985B63E, StartTime=2016.04.01-22.47.00, HierarchicalDDC=, DataSize=64618, Duration=0.176977, RunGuid=RunID1C79A73A414D7D2E6B3A949852008D6F
DDCTransactionId01384B1C4332ED10C04FE18EC6345BDC_911, PutCachedData=, CacheKey=PhysXPC_VIS_5DF9E1AAB7CC4DCCB2965BA1A78DFE8_99702F204D77FD5BEB56CFBFCC2BE14A, StartTime=2016.04.01-22.47.00, HierarchicalDDC=, DataSize=64618, Duration=0.186268, RunGuid=RunID1C79A73A414D7D2E6B3A949852008D6F
DDCTransactionId01384B1C4332ED10C04FE18EC6345BDC_912, PutCachedData=, CacheKey=PhysXPC_VIS_5DF9E1AAB7CC4DCCB2965BA1A78DFE8_89927E0947B90D9BCB539F875CE7B015, StartTime=2016.04.01-22.47.00, HierarchicalDDC=, DataSize=64618, Duration=0.158399, RunGuid=RunID1C79A73A414D7D2E6B3A949852008D6F
DDCTransactionIdFC1C83824942CA647BFFB5A59F97735F_883, PutCachedData=, CacheKey=PhysXPC_FULL_5DF9E1AAB7CC4DCCB2965BA1A78DFE8_1062E6071ED21BF980F2AA211533CE4E, StartTime=2016.04.01-22.47.00, HierarchicalDDC=, DataSize=64618, Duration=0.255689, RunGuid=RunID1C79A73A414D7D2E6B3A949852008D6F
DDCTransactionId01384B1C4332ED10C04FE18EC6345BDC_913, PutCachedData=, CacheKey=PhysXPC_FULL_5DF9E1AAB7CC4DCCB2965BA1A78DFE8_9840EF219AE01AB6B2160DA0F3937E0C, StartTime=2016.04.01-22.47.00, HierarchicalDDC=, DataSize=64618, Duration=0.166710, RunGuid=RunID1C79A73A414D7D2E6B3A949852008D6F
DDCTransactionIdFC1C83824942CA647BFFB5A59F97735F_884, PutCachedData=, CacheKey=PhysXPC_VIS_5DF9E1AAB7CC4DCCB2965BA1A78DFE8_5CD6FECC4F19917971E9DDB135F5074D, StartTime=2016.04.01-22.47.00, HierarchicalDDC=, DataSize=64618, Duration=0.147644, RunGuid=RunID1C79A73A414D7D2E6B3A949852008D6F
DDCTransactionId01384B1C4332ED10C04FE18EC6345BDC_914, PutCachedData=, CacheKey=PhysXPC_FULL_5DF9E1AAB7CC4DCCB2965BA1A78DFE8_3F121815F8F0CC3E8F00F2BE7FDF9C5E, StartTime=2016.04.01-22.47.00, HierarchicalDDC=, DataSize=64618, Duration=0.168666, RunGuid=RunID1C79A73A414D7D2E6B3A949852008D6F
DDCTransactionIdFC1C83824942CA647BFFB5A59F97735F_885, PutCachedData=, CacheKey=PhysXPC_VIS_5DF9E1AAB7CC4DCCB2965BA1A78DFE8_7B61CC6A44F69A23A7C951980FADFF0F, StartTime=2016.04.01-22.47.00, HierarchicalDDC=, DataSize=64618, Duration=0.150088, RunGuid=RunID1C79A73A414D7D2E6B3A949852008D6F
DDCTransactionId01384B1C4332ED10C04FE18EC6345BDC_915, PutCachedData=, CacheKey=PhysXPC_FULL_5DF9E1AAB7CC4DCCB2965BA1A78DFE8_9C3CA5BB2D420C012C57E8203C35FB43, StartTime=2016.04.01-22.47.00, HierarchicalDDC=, DataSize=64618, Duration=0.178933, RunGuid=RunID1C79A73A414D7D2E6B3A949852008D6F
DDCTransactionIdFC1C83824942CA647BFFB5A59F97735F_886, PutCachedData=, CacheKey=PhysXPC_VIS_5DF9E1AAB7CC4DCCB2965BA1A78DFE8_A2B34143434D86344F2DDCB3CA277796, StartTime=2016.04.01-22.47.00, HierarchicalDDC=, DataSize=64618, Duration=0.142265, RunGuid=RunID1C79A73A414D7D2E6B3A949852008D6F
DDCTransactionId01384B1C4332ED10C04FE18EC6345BDC_916, PutCachedData=, CacheKey=PhysXPC_FULL_5DF9E1AAB7CC4DCCB2965BA1A78DFE8_A32E9CC140154127AAE7119241CBCF27, StartTime=2016.04.01-22.47.00, HierarchicalDDC=, DataSize=64618, Duration=0.154000, RunGuid=RunID1C79A73A414D7D2E6B3A949852008D6F
DDCTransactionIdFC1C83824942CA647BFFB5A59F97735F_887, PutCachedData=, CacheKey=PhysXPC_VIS_5DF9E1AAB7CC4DCCB2965BA1A78DFE8_FE198A6F42FA5D8C341453BC84E6BA23, StartTime=2016.04.01-22.47.00, HierarchicalDDC=, DataSize=64618, Duration=0.149600, RunGuid=RunID1C79A73A414D7D2E6B3A949852008D6F
DDCTransactionId01384B1C4332ED10C04FE18EC6345BDC_917, PutCachedData=, CacheKey=PhysXPC_FULL_5DF9E1AAB7CC4DCCB2965BA1A78DFE8_0423D721CAC5244A179CB78503551CB8, StartTime=2016.04.01-22.47.00, HierarchicalDDC=, DataSize=64618, Duration=0.156932, RunGuid=RunID1C79A73A414D7D2E6B3A949852008D6F
DDCTransactionIdFC1C83824942CA647BFFB5A59F97735F_888, PutCachedData=, CacheKey=PhysXPC_VIS_5DF9E1AAB7CC4DCCB2965BA1A78DFE8_F2740962464C8A11FD3C508ECB8B5374, StartTime=2016.04.01-22.47.00, HierarchicalDDC=, DataSize=64618, Duration=0.160355, RunGuid=RunID1C79A73A414D7D2E6B3A949852008D6F
DDCTransactionId01384B1C4332ED10C04FE18EC6345BDC_918, PutCachedData=, CacheKey=PhysXPC_FULL_5DF9E1AAB7CC4DCCB2965BA1A78DFE8_8E1888C9B3E906BE0574A981C59D9F8F, StartTime=2016.04.01-22.47.00, HierarchicalDDC=, DataSize=64618, Duration=0.153512, RunGuid=RunID1C79A73A414D7D2E6B3A949852008D6F
DDCTransactionIdFC1C83824942CA647BFFB5A59F97735F_889, PutCachedData=, CacheKey=PhysXPC_VIS_5DF9E1AAB7CC4DCCB2965BA1A78DFE8_1A2B442E49ACD489E278A6A10846DD23, StartTime=2016.04.01-22.47.00, HierarchicalDDC=, DataSize=64618, Duration=0.177465, RunGuid=RunID1C79A73A414D7D2E6B3A949852008D6F
DDCTransactionId01384B1C4332ED10C04FE18EC6345BDC_919, PutCachedData=, CacheKey=PhysXPC_FULL_5DF9E1AAB7CC4DCCB2965BA1A78DFE8_38584850151A47CE6931C358A7976ADD, StartTime=2016.04.01-22.47.00, HierarchicalDDC=, DataSize=64618, Duration=0.155956, RunGuid=RunID1C79A73A414D7D2E6B3A949852008D6F
DDCTransactionIdFC1C83824942CA647BFFB5A59F97735F_890, PutCachedData=, CacheKey=PhysXPC_VIS_5DF9E1AAB7CC4DCCB2965BA1A78DFE8_0B4D32074BA9413E887604A192B44196, StartTime=2016.04.01-22.47.00, HierarchicalDDC=, DataSize=64618, Duration=0.132490, RunGuid=RunID1C79A73A414D7D2E6B3A949852008D6F
DDCTransactionId01384B1C4332ED10C04FE18EC6345BDC_920, PutCachedData=, CacheKey=PhysXPC_FULL_5DF9E1AAB7CC4DCCB2965BA1A78DFE8_05291897F99512A22013DADE459148AA, StartTime=2016.04.01-22.47.00, HierarchicalDDC=, DataSize=64618, Duration=0.149600, RunGuid=RunID1C79A73A414D7D2E6B3A949852008D6F
DDCTransactionIdFC1C83824942CA647BFFB5A59F97735F_891, PutCachedData=, CacheKey=PhysXPC_VIS_5DF9E1AAB7CC4DCCB2965BA1A78DFE8_9F672DD1483C40B6CA73A5815CE82E41, StartTime=2016.04.01-22.47.00, HierarchicalDDC=, DataSize=64618, Duration=0.138357, RunGuid=RunID1C79A73A414D7D2E6B3A949852008D6F
DDCTransactionIdFC1C83824942CA647BFFB5A59F97735F_892, PutCachedData=, CacheKey=PhysXPC_FULL_5DF9E1AAB7CC4DCCB2965BA1A78DFE8_AA68CAE0453C5C38D36FC48282045A8A, StartTime=2016.04.01-22.47.00, HierarchicalDDC=, DataSize=64618, Duration=0.148136, RunGuid=RunID1C79A73A414D7D2E6B3A949852008D6F
DDCTransactionId01384B1C4332ED10C04FE18EC6345BDC_921, PutCachedData=, CacheKey=PhysXPC_VIS_5DF9E1AAB7CC4DCCB2965BA1A78DFE8_7D84E79441E5173208DF918E8BBA1AF7, StartTime=2016.04.01-22.47.00, HierarchicalDDC=, DataSize=64618, Duration=0.153024, RunGuid=RunID1C79A73A414D7D2E6B3A949852008D6F
DDCTransactionIdFC1C83824942CA647BFFB5A59F97735F_893, PutCachedData=, CacheKey=PhysXPC_FULL_5DF9E1AAB7CC4DCCB2965BA1A78DFE8_16F0FC66C38F287091568EF23484DFB6, StartTime=2016.04.01-22.47.00, HierarchicalDDC=, DataSize=64618, Duration=0.146665, RunGuid=RunID1C79A73A414D7D2E6B3A949852008D6F
DDCTransactionId01384B1C4332ED10C04FE18EC6345BDC_922, PutCachedData=, CacheKey=PhysXPC_VIS_5DF9E1AAB7CC4DCCB2965BA1A78DFE8_D29F3BF044C2563FD0B140A7B552181E, StartTime=2016.04.01-22.47.00, HierarchicalDDC=, DataSize=64618, Duration=0.157420, RunGuid=RunID1C79A73A414D7D2E6B3A949852008D6F
DDCTransactionId01384B1C4332ED10C04FE18EC6345BDC_923, PutCachedData=, CacheKey=PhysXPC_FULL_5DF9E1AAB7CC4DCCB2965BA1A78DFE8_2BDD662DFF5CB1D197BD292552DB6386, StartTime=2016.04.01-22.47.00, HierarchicalDDC=, DataSize=64618, Duration=0.147644, RunGuid=RunID1C79A73A414D7D2E6B3A949852008D6F
DDCTransactionIdFC1C83824942CA647BFFB5A59F97735F_894, PutCachedData=, CacheKey=PhysXPC_VIS_5DF9E1AAB7CC4DCCB2965BA1A78DFE8_F6D32D55448499A168BAE8A4399F9B2C, StartTime=2016.04.01-22.47.00, HierarchicalDDC=, DataSize=64618, Duration=0.142269, RunGuid=RunID1C79A73A414D7D2E6B3A949852008D6F
DDCTransactionId01384B1C4332ED10C04FE18EC6345BDC_924, PutCachedData=, CacheKey=PhysXPC_FULL_5DF9E1AAB7CC4DCCB2965BA1A78DFE8_667BFBE177B7417212CE7597C0F0B972, StartTime=2016.04.01-22.47.00, HierarchicalDDC=, DataSize=64618, Duration=0.154488, RunGuid=RunID1C79A73A414D7D2E6B3A949852008D6F
DDCTransactionIdFC1C83824942CA647BFFB5A59F97735F_895, PutCachedData=, CacheKey=PhysXPC_VIS_5DF9E1AAB7CC4DCCB2965BA1A78DFE8_A166D6A04AF88F9B98606A97D72AB979, StartTime=2016.04.01-22.47.00, HierarchicalDDC=, DataSize=64618, Duration=0.140801, RunGuid=RunID1C79A73A414D7D2E6B3A949852008D6F
DDCTransactionId01384B1C4332ED10C04FE18EC6345BDC_925, PutCachedData=, CacheKey=PhysXPC_FULL_5DF9E1AAB7CC4DCCB2965BA1A78DFE8_D34E75FC571C4F1397A5094B2B6F6612, StartTime=2016.04.01-22.47.00, HierarchicalDDC=, DataSize=64618, Duration=0.138845, RunGuid=RunID1C79A73A414D7D2E6B3A949852008D6F
DDCTransactionIdFC1C83824942CA647BFFB5A59F97735F_896, PutCachedData=, CacheKey=PhysXPC_VIS_5DF9E1AAB7CC4DCCB2965BA1A78DFE8_998439244C8C6B6DB41B70AA560D1A6D, StartTime=2016.04.01-22.47.00, HierarchicalDDC=, DataSize=64618, Duration=0.133466, RunGuid=RunID1C79A73A414D7D2E6B3A949852008D6F
DDCTransactionId01384B1C4332ED10C04FE18EC6345BDC_926, PutCachedData=, CacheKey=PhysXPC_FULL_5DF9E1AAB7CC4DCCB2965BA1A78DFE8_A12B2A4DF091EBA4B01C5A72A552BD3E, StartTime=2016.04.01-22.47.00, HierarchicalDDC=, DataSize=64618, Duration=0.156932, RunGuid=RunID1C79A73A414D7D2E6B3A949852008D6F
DDCTransactionIdFC1C83824942CA647BFFB5A59F97735F_897, PutCachedData=, CacheKey=PhysXPC_VIS_5DF9E1AAB7CC4DCCB2965BA1A78DFE8_493D281B4D65D016895ADC8184A9B2A8, StartTime=2016.04.01-22.47.00, HierarchicalDDC=, DataSize=64618, Duration=0.196043, RunGuid=RunID1C79A73A414D7D2E6B3A949852008D6F
DDCTransactionId01384B1C4332ED10C04FE18EC6345BDC_927, PutCachedData=, CacheKey=PhysXPC_FULL_5DF9E1AAB7CC4DCCB2965BA1A78DFE8_756826382D593942156F414B517059E5, StartTime=2016.04.01-22.47.00, HierarchicalDDC=, DataSize=64618, Duration=0.136890, RunGuid=RunID1C79A73A414D7D2E6B3A949852008D6F
DDCTransactionIdFC1C83824942CA647BFFB5A59F97735F_898, PutCachedData=, CacheKey=PhysXPC_VIS_5DF9E1AAB7CC4DCCB2965BA1A78DFE8_7C1E4F2A4A9EBD8D448D4C8CD3E25EA7, StartTime=2016.04.01-22.47.00, HierarchicalDDC=, DataSize=64618, Duration=0.148624, RunGuid=RunID1C79A73A414D7D2E6B3A949852008D6F
DDCTransactionIdFC1C83824942CA647BFFB5A59F97735F_899, PutCachedData=, CacheKey=PhysXPC_FULL_5DF9E1AAB7CC4DCCB2965BA1A78DFE8_3276F179D7A27AA8B65F3E5CB3235038, StartTime=2016.04.01-22.47.00, HierarchicalDDC=, DataSize=64618, Duration=0.150576, RunGuid=RunID1C79A73A414D7D2E6B3A949852008D6F
DDCTransactionId01384B1C4332ED10C04FE18EC6345BDC_928, PutCachedData=, CacheKey=PhysXPC_VIS_5DF9E1AAB7CC4DCCB2965BA1A78DFE8_6DD95C0746A6E4151F0169B5174B0997, StartTime=2016.04.01-22.47.00, HierarchicalDDC=, DataSize=64618, Duration=0.169158, RunGuid=RunID1C79A73A414D7D2E6B3A949852008D6F
DDCTransactionIdFC1C83824942CA647BFFB5A59F97735F_900, PutCachedData=, CacheKey=PhysXPC_FULL_5DF9E1AAB7CC4DCCB2965BA1A78DFE8_A19EF7826E0BDA4BA24BBFD0D7880EDF, StartTime=2016.04.01-22.47.00, HierarchicalDDC=, DataSize=64618, Duration=0.149112, RunGuid=RunID1C79A73A414D7D2E6B3A949852008D6F
DDCTransactionId01384B1C4332ED10C04FE18EC6345BDC_929, PutCachedData=, CacheKey=PhysXPC_VIS_5DF9E1AAB7CC4DCCB2965BA1A78DFE8_3B0637E24D4E7ACED0015D8C7C543867, StartTime=2016.04.01-22.47.00, HierarchicalDDC=, DataSize=64618, Duration=0.176977, RunGuid=RunID1C79A73A414D7D2E6B3A949852008D6F
DDCTransactionIdFC1C83824942CA647BFFB5A59F97735F_901, PutCachedData=, CacheKey=PhysXPC_FULL_5DF9E1AAB7CC4DCCB2965BA1A78DFE8_D986BD6E3F5318D8125A312540DD0A36, StartTime=2016.04.01-22.47.00, HierarchicalDDC=, DataSize=64618, Duration=0.153020, RunGuid=RunID1C79A73A414D7D2E6B3A949852008D6F
DDCTransactionId01384B1C4332ED10C04FE18EC6345BDC_930, PutCachedData=, CacheKey=PhysXPC_VIS_5DF9E1AAB7CC4DCCB2965BA1A78DFE8_8B6B599E468B2F88CE48C0A7026E2558, StartTime=2016.04.01-22.47.00, HierarchicalDDC=, DataSize=64618, Duration=0.154000, RunGuid=RunID1C79A73A414D7D2E6B3A949852008D6F
DDCTransactionIdFC1C83824942CA647BFFB5A59F97735F_902, PutCachedData=, CacheKey=PhysXPC_FULL_5DF9E1AAB7CC4DCCB2965BA1A78DFE8_C7F540B3D9DD8ACC518F205E2B168649, StartTime=2016.04.01-22.47.00, HierarchicalDDC=, DataSize=64618, Duration=0.211690, RunGuid=RunID1C79A73A414D7D2E6B3A949852008D6F
DDCTransactionId01384B1C4332ED10C04FE18EC6345BDC_931, PutCachedData=, CacheKey=PhysXPC_VIS_5DF9E1AAB7CC4DCCB2965BA1A78DFE8_8891CB4A4AF83039305D0FBA42563FDE, StartTime=2016.04.01-22.47.00, HierarchicalDDC=, DataSize=64618, Duration=0.149108, RunGuid=RunID1C79A73A414D7D2E6B3A949852008D6F
DDCTransactionId01384B1C4332ED10C04FE18EC6345BDC_932, PutCachedData=, CacheKey=PhysXPC_FULL_5DF9E1AAB7CC4DCCB2965BA1A78DFE8_9B9BA68BFA07CDA17437F102AAE58C61, StartTime=2016.04.01-22.47.00, HierarchicalDDC=, DataSize=64618, Duration=0.144225, RunGuid=RunID1C79A73A414D7D2E6B3A949852008D6F
DDCTransactionIdFC1C83824942CA647BFFB5A59F97735F_903, PutCachedData=, CacheKey=PhysXPC_VIS_5DF9E1AAB7CC4DCCB2965BA1A78DFE8_14CDE87F48A3FF8A03D058952068791F, StartTime=2016.04.01-22.47.00, HierarchicalDDC=, DataSize=64618, Duration=0.138845, RunGuid=RunID1C79A73A414D7D2E6B3A949852008D6F
DDCTransactionId01384B1C4332ED10C04FE18EC6345BDC_933, PutCachedData=, CacheKey=PhysXPC_FULL_5DF9E1AAB7CC4DCCB2965BA1A78DFE8_A58DC1D789F663FE09A8CAC3FCA894A5, StartTime=2016.04.01-22.47.00, HierarchicalDDC=, DataSize=64618, Duration=0.190664, RunGuid=RunID1C79A73A414D7D2E6B3A949852008D6F
DDCTransactionIdFC1C83824942CA647BFFB5A59F97735F_904, PutCachedData=, CacheKey=PhysXPC_VIS_5DF9E1AAB7CC4DCCB2965BA1A78DFE8_C77323714479D286EA7D60B086F8B2EA, StartTime=2016.04.01-22.47.00, HierarchicalDDC=, DataSize=64618, Duration=0.141289, RunGuid=RunID1C79A73A414D7D2E6B3A949852008D6F
DDCTransactionIdFC1C83824942CA647BFFB5A59F97735F_905, PutCachedData=, CacheKey=PhysXPC_FULL_5DF9E1AAB7CC4DCCB2965BA1A78DFE8_93CA0F2695D100558935B9562B14573C, StartTime=2016.04.01-22.47.00, HierarchicalDDC=, DataSize=64618, Duration=0.194579, RunGuid=RunID1C79A73A414D7D2E6B3A949852008D6F
DDCTransactionId01384B1C4332ED10C04FE18EC6345BDC_934, PutCachedData=, CacheKey=PhysXPC_VIS_5DF9E1AAB7CC4DCCB2965BA1A78DFE8_03D4C52E468BAF6DACEE48B56C64F2B2, StartTime=2016.04.01-22.47.00, HierarchicalDDC=, DataSize=64618, Duration=0.144713, RunGuid=RunID1C79A73A414D7D2E6B3A949852008D6F
DDCTransactionId01384B1C4332ED10C04FE18EC6345BDC_935, PutCachedData=, CacheKey=PhysXPC_FULL_5DF9E1AAB7CC4DCCB2965BA1A78DFE8_3E87D59DDC7B4BBF22C7460B6FF008E7, StartTime=2016.04.01-22.47.00, HierarchicalDDC=, DataSize=64618, Duration=0.160843, RunGuid=RunID1C79A73A414D7D2E6B3A949852008D6F
DDCTransactionIdFC1C83824942CA647BFFB5A59F97735F_906, PutCachedData=, CacheKey=PhysXPC_VIS_5DF9E1AAB7CC4DCCB2965BA1A78DFE8_CF9193CA4DBE12FB4D48A7BE010C667E, StartTime=2016.04.01-22.47.00, HierarchicalDDC=, DataSize=64618, Duration=0.295777, RunGuid=RunID1C79A73A414D7D2E6B3A949852008D6F
DDCTransactionId01384B1C4332ED10C04FE18EC6345BDC_936, PutCachedData=, CacheKey=PhysXPC_FULL_5DF9E1AAB7CC4DCCB2965BA1A78DFE8_CF11DCF88AD883AD55ED8E469A7B5BC7, StartTime=2016.04.01-22.47.00, HierarchicalDDC=, DataSize=64618, Duration=0.155468, RunGuid=RunID1C79A73A414D7D2E6B3A949852008D6F
DDCTransactionIdFC1C83824942CA647BFFB5A59F97735F_907, PutCachedData=, CacheKey=PhysXPC_VIS_5DF9E1AAB7CC4DCCB2965BA1A78DFE8_A477D7F04E521863507598B34ACDDA1C, StartTime=2016.04.01-22.47.00, HierarchicalDDC=, DataSize=64618, Duration=0.189200, RunGuid=RunID1C79A73A414D7D2E6B3A949852008D6F
DDCTransactionId01384B1C4332ED10C04FE18EC6345BDC_937, PutCachedData=, CacheKey=PhysXPC_FULL_5DF9E1AAB7CC4DCCB2965BA1A78DFE8_986C714252DE9BE2542FDC0F498AACDA, StartTime=2016.04.01-22.47.00, HierarchicalDDC=, DataSize=64618, Duration=0.122711, RunGuid=RunID1C79A73A414D7D2E6B3A949852008D6F
DDCTransactionId01384B1C4332ED10C04FE18EC6345BDC_938, PutCachedData=, CacheKey=PhysXPC_VIS_5DF9E1AAB7CC4DCCB2965BA1A78DFE8_0910A5BA4D79771F49CB33AAA9A8B618, StartTime=2016.04.01-22.47.00, HierarchicalDDC=, DataSize=64618, Duration=0.129554, RunGuid=RunID1C79A73A414D7D2E6B3A949852008D6F
DDCTransactionIdFC1C83824942CA647BFFB5A59F97735F_908, PutCachedData=, CacheKey=PhysXPC_FULL_5DF9E1AAB7CC4DCCB2965BA1A78DFE8_D1FD7C880E212FA6E8FDA594EDF89268, StartTime=2016.04.01-22.47.00, HierarchicalDDC=, DataSize=64618, Duration=0.146180, RunGuid=RunID1C79A73A414D7D2E6B3A949852008D6F
DDCTransactionId01384B1C4332ED10C04FE18EC6345BDC_939, PutCachedData=, CacheKey=PhysXPC_VIS_5DF9E1AAB7CC4DCCB2965BA1A78DFE8_D31D414043BAFDA41DB81182265C0FD3, StartTime=2016.04.01-22.47.00, HierarchicalDDC=, DataSize=64618, Duration=0.153024, RunGuid=RunID1C79A73A414D7D2E6B3A949852008D6F
DDCTransactionIdFC1C83824942CA647BFFB5A59F97735F_909, PutCachedData=, CacheKey=PhysXPC_FULL_5DF9E1AAB7CC4DCCB2965BA1A78DFE8_39209C2F14A18A103785ABCAE91E3D94, StartTime=2016.04.01-22.47.00, HierarchicalDDC=, DataSize=64618, Duration=0.156932, RunGuid=RunID1C79A73A414D7D2E6B3A949852008D6F
DDCTransactionId01384B1C4332ED10C04FE18EC6345BDC_940, PutCachedData=, CacheKey=PhysXPC_VIS_5DF9E1AAB7CC4DCCB2965BA1A78DFE8_8DFC5A6E47E69B5D281EDEA1A01D2AF0, StartTime=2016.04.01-22.47.00, HierarchicalDDC=, DataSize=64618, Duration=0.170134, RunGuid=RunID1C79A73A414D7D2E6B3A949852008D6F
DDCTransactionIdFC1C83824942CA647BFFB5A59F97735F_910, PutCachedData=, CacheKey=PhysXPC_FULL_5DF9E1AAB7CC4DCCB2965BA1A78DFE8_C03998BDD9AE180599480EE7D6FDC93E, StartTime=2016.04.01-22.47.00, HierarchicalDDC=, DataSize=64618, Duration=0.160355, RunGuid=RunID1C79A73A414D7D2E6B3A949852008D6F
DDCTransactionId01384B1C4332ED10C04FE18EC6345BDC_941, PutCachedData=, CacheKey=PhysXPC_VIS_5DF9E1AAB7CC4DCCB2965BA1A78DFE8_D6C61809478C2F5AB5EEA785659A4850, StartTime=2016.04.01-22.47.00, HierarchicalDDC=, DataSize=64618, Duration=0.158399, RunGuid=RunID1C79A73A414D7D2E6B3A949852008D6F
DDCTransactionIdFC1C83824942CA647BFFB5A59F97735F_911, PutCachedData=, CacheKey=PhysXPC_FULL_5DF9E1AAB7CC4DCCB2965BA1A78DFE8_000F215B0324E4DF55143E7144C4FAA2, StartTime=2016.04.01-22.47.00, HierarchicalDDC=, DataSize=64618, Duration=0.124175, RunGuid=RunID1C79A73A414D7D2E6B3A949852008D6F
DDCTransactionId01384B1C4332ED10C04FE18EC6345BDC_942, PutCachedData=, CacheKey=PhysXPC_VIS_5DF9E1AAB7CC4DCCB2965BA1A78DFE8_55A662DF4010E969AC0100AEDF7BEEFC, StartTime=2016.04.01-22.47.00, HierarchicalDDC=, DataSize=64618, Duration=0.162803, RunGuid=RunID1C79A73A414D7D2E6B3A949852008D6F
DDCTransactionIdFC1C83824942CA647BFFB5A59F97735F_912, PutCachedData=, CacheKey=PhysXPC_FULL_5DF9E1AAB7CC4DCCB2965BA1A78DFE8_AE9A749B586E78D95DEE72D380E46176, StartTime=2016.04.01-22.47.00, HierarchicalDDC=, DataSize=64618, Duration=0.159867, RunGuid=RunID1C79A73A414D7D2E6B3A949852008D6F
DDCTransactionId01384B1C4332ED10C04FE18EC6345BDC_943, PutCachedData=, CacheKey=PhysXPC_VIS_5DF9E1AAB7CC4DCCB2965BA1A78DFE8_C53038B7497DA466A4EB839D9580A02D, StartTime=2016.04.01-22.47.00, HierarchicalDDC=, DataSize=64618, Duration=0.186756, RunGuid=RunID1C79A73A414D7D2E6B3A949852008D6F
DDCTransactionIdFC1C83824942CA647BFFB5A59F97735F_913, PutCachedData=, CacheKey=PhysXPC_FULL_5DF9E1AAB7CC4DCCB2965BA1A78DFE8_09CB2DE7662D4D8ECB56BA7F5F72388B, StartTime=2016.04.01-22.47.00, HierarchicalDDC=, DataSize=64618, Duration=0.160843, RunGuid=RunID1C79A73A414D7D2E6B3A949852008D6F
DDCTransactionIdFC1C83824942CA647BFFB5A59F97735F_914, PutCachedData=, CacheKey=PhysXPC_VIS_5DF9E1AAB7CC4DCCB2965BA1A78DFE8_6131613B438A3FB5C4FA7EAD28F313BC, StartTime=2016.04.01-22.47.00, HierarchicalDDC=, DataSize=64618, Duration=0.165734, RunGuid=RunID1C79A73A414D7D2E6B3A949852008D6F
DDCTransactionId01384B1C4332ED10C04FE18EC6345BDC_944, PutCachedData=, CacheKey=PhysXPC_FULL_5DF9E1AAB7CC4DCCB2965BA1A78DFE8_7261046485140CCA446C37B90E08BB4A, StartTime=2016.04.01-22.47.00, HierarchicalDDC=, DataSize=64618, Duration=0.186756, RunGuid=RunID1C79A73A414D7D2E6B3A949852008D6F
DDCTransactionIdFC1C83824942CA647BFFB5A59F97735F_915, PutCachedData=, CacheKey=PhysXPC_VIS_5DF9E1AAB7CC4DCCB2965BA1A78DFE8_588EFEAA42730E86D0796A9A37D3ED5C, StartTime=2016.04.01-22.47.00, HierarchicalDDC=, DataSize=64618, Duration=0.186265, RunGuid=RunID1C79A73A414D7D2E6B3A949852008D6F
DDCTransactionId01384B1C4332ED10C04FE18EC6345BDC_945, PutCachedData=, CacheKey=PhysXPC_FULL_5DF9E1AAB7CC4DCCB2965BA1A78DFE8_1DEC5D076ABC278335C5B27A1ECE73E2, StartTime=2016.04.01-22.47.00, HierarchicalDDC=, DataSize=64618, Duration=0.143245, RunGuid=RunID1C79A73A414D7D2E6B3A949852008D6F
DDCTransactionIdFC1C83824942CA647BFFB5A59F97735F_916, PutCachedData=, CacheKey=PhysXPC_VIS_5DF9E1AAB7CC4DCCB2965BA1A78DFE8_EC9BBFCA4D4D0F335AD73BAC9F980C37, StartTime=2016.04.01-22.47.00, HierarchicalDDC=, DataSize=64618, Duration=0.183821, RunGuid=RunID1C79A73A414D7D2E6B3A949852008D6F
DDCTransactionId01384B1C4332ED10C04FE18EC6345BDC_946, PutCachedData=, CacheKey=PhysXPC_FULL_5DF9E1AAB7CC4DCCB2965BA1A78DFE8_1719D63F81F1BD8C64B5C97861BEAAFD, StartTime=2016.04.01-22.47.00, HierarchicalDDC=, DataSize=64618, Duration=0.151064, RunGuid=RunID1C79A73A414D7D2E6B3A949852008D6F
DDCTransactionId01384B1C4332ED10C04FE18EC6345BDC_947, PutCachedData=, CacheKey=PhysXPC_VIS_5DF9E1AAB7CC4DCCB2965BA1A78DFE8_0BCA26E841ACAB23098A42BD0B0D0373, StartTime=2016.04.01-22.47.00, HierarchicalDDC=, DataSize=64618, Duration=0.132490, RunGuid=RunID1C79A73A414D7D2E6B3A949852008D6F
DDCTransactionIdFC1C83824942CA647BFFB5A59F97735F_917, PutCachedData=, CacheKey=PhysXPC_FULL_5DF9E1AAB7CC4DCCB2965BA1A78DFE8_67F3F03BF369C58F27EB80CC90E9E952, StartTime=2016.04.01-22.47.00, HierarchicalDDC=, DataSize=64618, Duration=0.119288, RunGuid=RunID1C79A73A414D7D2E6B3A949852008D6F
DDCTransactionIdFC1C83824942CA647BFFB5A59F97735F_918, PutCachedData=, CacheKey=PhysXPC_VIS_5DF9E1AAB7CC4DCCB2965BA1A78DFE8_BE698AD74ABE1CB6106676A89CA08B91, StartTime=2016.04.01-22.47.00, HierarchicalDDC=, DataSize=64618, Duration=0.157420, RunGuid=RunID1C79A73A414D7D2E6B3A949852008D6F
DDCTransactionId01384B1C4332ED10C04FE18EC6345BDC_948, PutCachedData=, CacheKey=PhysXPC_FULL_5DF9E1AAB7CC4DCCB2965BA1A78DFE8_8CA65CB77F00EF028401C9E62ED3CE1B, StartTime=2016.04.01-22.47.00, HierarchicalDDC=, DataSize=64618, Duration=0.164755, RunGuid=RunID1C79A73A414D7D2E6B3A949852008D6F
DDCTransactionIdFC1C83824942CA647BFFB5A59F97735F_919, PutCachedData=, CacheKey=PhysXPC_VIS_5DF9E1AAB7CC4DCCB2965BA1A78DFE8_213A5E7849DFE46A6C79F39F3CAAA6DF, StartTime=2016.04.01-22.47.00, HierarchicalDDC=, DataSize=64618, Duration=0.134934, RunGuid=RunID1C79A73A414D7D2E6B3A949852008D6F
DDCTransactionId01384B1C4332ED10C04FE18EC6345BDC_949, PutCachedData=, CacheKey=PhysXPC_FULL_5DF9E1AAB7CC4DCCB2965BA1A78DFE8_7190535748687553C1253C69BDF5942A, StartTime=2016.04.01-22.47.00, HierarchicalDDC=, DataSize=64618, Duration=0.124667, RunGuid=RunID1C79A73A414D7D2E6B3A949852008D6F
DDCTransactionIdFC1C83824942CA647BFFB5A59F97735F_920, PutCachedData=, CacheKey=PhysXPC_VIS_5DF9E1AAB7CC4DCCB2965BA1A78DFE8_E4A4AD174275FAED81FB7EAF14216537, StartTime=2016.04.01-22.47.00, HierarchicalDDC=, DataSize=64618, Duration=0.155956, RunGuid=RunID1C79A73A414D7D2E6B3A949852008D6F
DDCTransactionId01384B1C4332ED10C04FE18EC6345BDC_950, PutCachedData=, CacheKey=PhysXPC_FULL_5DF9E1AAB7CC4DCCB2965BA1A78DFE8_21AD679F931A2F74978F4E82024BC339, StartTime=2016.04.01-22.47.00, HierarchicalDDC=, DataSize=64618, Duration=0.131998, RunGuid=RunID1C79A73A414D7D2E6B3A949852008D6F
DDCTransactionIdFC1C83824942CA647BFFB5A59F97735F_921, PutCachedData=, CacheKey=PhysXPC_VIS_5DF9E1AAB7CC4DCCB2965BA1A78DFE8_2CC7E99B4A8275177EBFA89BDDF85F0A, StartTime=2016.04.01-22.47.00, HierarchicalDDC=, DataSize=64618, Duration=0.158887, RunGuid=RunID1C79A73A414D7D2E6B3A949852008D6F
DDCTransactionId01384B1C4332ED10C04FE18EC6345BDC_951, PutCachedData=, CacheKey=PhysXPC_FULL_5DF9E1AAB7CC4DCCB2965BA1A78DFE8_0BA59CAD8DC0FD8115FA7E2BE127313E, StartTime=2016.04.01-22.47.00, HierarchicalDDC=, DataSize=64618, Duration=0.162311, RunGuid=RunID1C79A73A414D7D2E6B3A949852008D6F
DDCTransactionIdFC1C83824942CA647BFFB5A59F97735F_922, PutCachedData=, CacheKey=PhysXPC_VIS_5DF9E1AAB7CC4DCCB2965BA1A78DFE8_CF6F073C4BA06677017414A39B685AAE, StartTime=2016.04.01-22.47.00, HierarchicalDDC=, DataSize=64618, Duration=0.167198, RunGuid=RunID1C79A73A414D7D2E6B3A949852008D6F
DDCTransactionId01384B1C4332ED10C04FE18EC6345BDC_952, PutCachedData=, CacheKey=PhysXPC_FULL_5DF9E1AAB7CC4DCCB2965BA1A78DFE8_7C475E553C2CF87833AC95729FF179C3, StartTime=2016.04.01-22.47.00, HierarchicalDDC=, DataSize=64618, Duration=0.157423, RunGuid=RunID1C79A73A414D7D2E6B3A949852008D6F
DDCTransactionIdFC1C83824942CA647BFFB5A59F97735F_923, PutCachedData=, CacheKey=PhysXPC_VIS_5DF9E1AAB7CC4DCCB2965BA1A78DFE8_B50EF41B4634A292B5FA54A4F541FA8F, StartTime=2016.04.01-22.47.00, HierarchicalDDC=, DataSize=64618, Duration=0.153512, RunGuid=RunID1C79A73A414D7D2E6B3A949852008D6F
DDCTransactionId01384B1C4332ED10C04FE18EC6345BDC_953, PutCachedData=, CacheKey=PhysXPC_FULL_5DF9E1AAB7CC4DCCB2965BA1A78DFE8_D56D39D2A9D83F45918705E55BBD9EEF, StartTime=2016.04.01-22.47.00, HierarchicalDDC=, DataSize=64618, Duration=0.126135, RunGuid=RunID1C79A73A414D7D2E6B3A949852008D6F
DDCTransactionIdFC1C83824942CA647BFFB5A59F97735F_924, PutCachedData=, CacheKey=PhysXPC_VIS_5DF9E1AAB7CC4DCCB2965BA1A78DFE8_6EF938D2483F89D7E3357AAAC3187349, StartTime=2016.04.01-22.47.00, HierarchicalDDC=, DataSize=64618, Duration=0.192624, RunGuid=RunID1C79A73A414D7D2E6B3A949852008D6F
DDCTransactionId01384B1C4332ED10C04FE18EC6345BDC_954, PutCachedData=, CacheKey=PhysXPC_FULL_5DF9E1AAB7CC4DCCB2965BA1A78DFE8_7DDC61E83FED51A4D9DD814242EFBA08, StartTime=2016.04.01-22.47.00, HierarchicalDDC=, DataSize=64618, Duration=0.198979, RunGuid=RunID1C79A73A414D7D2E6B3A949852008D6F
DDCTransactionIdFC1C83824942CA647BFFB5A59F97735F_925, PutCachedData=, CacheKey=PhysXPC_VIS_5DF9E1AAB7CC4DCCB2965BA1A78DFE8_1D1E1CC24D7BCF0F0A98038500D7084F, StartTime=2016.04.01-22.47.00, HierarchicalDDC=, DataSize=64618, Duration=0.155956, RunGuid=RunID1C79A73A414D7D2E6B3A949852008D6F
DDCTransactionId01384B1C4332ED10C04FE18EC6345BDC_955, PutCachedData=, CacheKey=PhysXPC_FULL_5DF9E1AAB7CC4DCCB2965BA1A78DFE8_3E047A79CF0B1A8E017088236CD67DC9, StartTime=2016.04.01-22.47.00, HierarchicalDDC=, DataSize=64618, Duration=0.163291, RunGuid=RunID1C79A73A414D7D2E6B3A949852008D6F
DDCTransactionIdFC1C83824942CA647BFFB5A59F97735F_926, PutCachedData=, CacheKey=PhysXPC_VIS_5DF9E1AAB7CC4DCCB2965BA1A78DFE8_57C9384A445F76E075F055BFD7AAB027, StartTime=2016.04.01-22.47.00, HierarchicalDDC=, DataSize=64618, Duration=0.213645, RunGuid=RunID1C79A73A414D7D2E6B3A949852008D6F
DDCTransactionId01384B1C4332ED10C04FE18EC6345BDC_956, PutCachedData=, CacheKey=PhysXPC_FULL_5DF9E1AAB7CC4DCCB2965BA1A78DFE8_F4B9EFD6BF0245B41762B7A7699E9626, StartTime=2016.04.01-22.47.00, HierarchicalDDC=, DataSize=64618, Duration=0.153512, RunGuid=RunID1C79A73A414D7D2E6B3A949852008D6F
DDCTransactionId01384B1C4332ED10C04FE18EC6345BDC_957, PutCachedData=, CacheKey=PhysXPC_VIS_5DF9E1AAB7CC4DCCB2965BA1A78DFE8_7334DE3945BE15E9DF8733BF7C700BD5, StartTime=2016.04.01-22.47.00, HierarchicalDDC=, DataSize=64618, Duration=0.143245, RunGuid=RunID1C79A73A414D7D2E6B3A949852008D6F
DDCTransactionIdFC1C83824942CA647BFFB5A59F97735F_927, PutCachedData=, CacheKey=PhysXPC_FULL_5DF9E1AAB7CC4DCCB2965BA1A78DFE8_C289F3B2C96F29A59BFCF4682413AC8B, StartTime=2016.04.01-22.47.00, HierarchicalDDC=, DataSize=64618, Duration=0.242002, RunGuid=RunID1C79A73A414D7D2E6B3A949852008D6F
DDCTransactionId01384B1C4332ED10C04FE18EC6345BDC_958, PutCachedData=, CacheKey=PhysXPC_VIS_5DF9E1AAB7CC4DCCB2965BA1A78DFE8_BDB0135449936CA41D85B2B1EE993C32, StartTime=2016.04.01-22.47.00, HierarchicalDDC=, DataSize=64618, Duration=0.136890, RunGuid=RunID1C79A73A414D7D2E6B3A949852008D6F
DDCTransactionIdFC1C83824942CA647BFFB5A59F97735F_928, PutCachedData=, CacheKey=PhysXPC_FULL_5DF9E1AAB7CC4DCCB2965BA1A78DFE8_1BE8BA48BC40D239896C307710A716C4, StartTime=2016.04.01-22.47.00, HierarchicalDDC=, DataSize=64618, Duration=0.239067, RunGuid=RunID1C79A73A414D7D2E6B3A949852008D6F
DDCTransactionId01384B1C4332ED10C04FE18EC6345BDC_959, PutCachedData=, CacheKey=PhysXPC_VIS_5DF9E1AAB7CC4DCCB2965BA1A78DFE8_DE4D71DD4D610F6376D5708FEFCCF696, StartTime=2016.04.01-22.47.00, HierarchicalDDC=, DataSize=64618, Duration=0.141289, RunGuid=RunID1C79A73A414D7D2E6B3A949852008D6F
DDCTransactionIdFC1C83824942CA647BFFB5A59F97735F_929, PutCachedData=, CacheKey=PhysXPC_FULL_5DF9E1AAB7CC4DCCB2965BA1A78DFE8_E19B8ED3324BA22FCA1AE0A02F9152ED, StartTime=2016.04.01-22.47.00, HierarchicalDDC=, DataSize=64618, Duration=0.163291, RunGuid=RunID1C79A73A414D7D2E6B3A949852008D6F
DDCTransactionId01384B1C4332ED10C04FE18EC6345BDC_960, PutCachedData=, CacheKey=PhysXPC_VIS_5DF9E1AAB7CC4DCCB2965BA1A78DFE8_3CA1DABD47293E17D1C38887A9ED9EBA, StartTime=2016.04.01-22.47.00, HierarchicalDDC=, DataSize=64618, Duration=0.143733, RunGuid=RunID1C79A73A414D7D2E6B3A949852008D6F
DDCTransactionId01384B1C4332ED10C04FE18EC6345BDC_961, PutCachedData=, CacheKey=PhysXPC_FULL_5DF9E1AAB7CC4DCCB2965BA1A78DFE8_500FED9A17CE40934D6C7CE51A4BB558, StartTime=2016.04.01-22.47.00, HierarchicalDDC=, DataSize=64618, Duration=0.170134, RunGuid=RunID1C79A73A414D7D2E6B3A949852008D6F
DDCTransactionIdFC1C83824942CA647BFFB5A59F97735F_930, PutCachedData=, CacheKey=PhysXPC_VIS_5DF9E1AAB7CC4DCCB2965BA1A78DFE8_6B86DA3C45750C1CD9BD1BB899714C95, StartTime=2016.04.01-22.47.00, HierarchicalDDC=, DataSize=64618, Duration=0.175513, RunGuid=RunID1C79A73A414D7D2E6B3A949852008D6F
DDCTransactionId01384B1C4332ED10C04FE18EC6345BDC_962, PutCachedData=, CacheKey=PhysXPC_FULL_5DF9E1AAB7CC4DCCB2965BA1A78DFE8_DB6B098D30F4D262D96F2108B027FAB3, StartTime=2016.04.01-22.47.00, HierarchicalDDC=, DataSize=64618, Duration=0.168666, RunGuid=RunID1C79A73A414D7D2E6B3A949852008D6F
DDCTransactionIdFC1C83824942CA647BFFB5A59F97735F_931, PutCachedData=, CacheKey=PhysXPC_VIS_5DF9E1AAB7CC4DCCB2965BA1A78DFE8_2ECEBA0A43D50C0E1CE643A8FC94DAFD, StartTime=2016.04.01-22.47.00, HierarchicalDDC=, DataSize=64618, Duration=0.174530, RunGuid=RunID1C79A73A414D7D2E6B3A949852008D6F
DDCTransactionId01384B1C4332ED10C04FE18EC6345BDC_963, PutCachedData=, CacheKey=PhysXPC_FULL_5DF9E1AAB7CC4DCCB2965BA1A78DFE8_4929D7E1805A18B8BD8143700CF40BBB, StartTime=2016.04.01-22.47.00, HierarchicalDDC=, DataSize=64618, Duration=0.163779, RunGuid=RunID1C79A73A414D7D2E6B3A949852008D6F
DDCTransactionIdFC1C83824942CA647BFFB5A59F97735F_932, PutCachedData=, CacheKey=PhysXPC_VIS_5DF9E1AAB7CC4DCCB2965BA1A78DFE8_4C2F1EDF4E850432D9F600A3B87A9BDB, StartTime=2016.04.01-22.47.00, HierarchicalDDC=, DataSize=64618, Duration=0.181381, RunGuid=RunID1C79A73A414D7D2E6B3A949852008D6F
DDCTransactionId01384B1C4332ED10C04FE18EC6345BDC_964, PutCachedData=, CacheKey=PhysXPC_FULL_5DF9E1AAB7CC4DCCB2965BA1A78DFE8_9561A7F5EC95831D9DAE1C130E92E952, StartTime=2016.04.01-22.47.00, HierarchicalDDC=, DataSize=64618, Duration=0.136398, RunGuid=RunID1C79A73A414D7D2E6B3A949852008D6F
DDCTransactionIdFC1C83824942CA647BFFB5A59F97735F_933, PutCachedData=, CacheKey=PhysXPC_VIS_5DF9E1AAB7CC4DCCB2965BA1A78DFE8_547D22A94C27359FEE5DC98A88541810, StartTime=2016.04.01-22.47.00, HierarchicalDDC=, DataSize=64618, Duration=0.144221, RunGuid=RunID1C79A73A414D7D2E6B3A949852008D6F
DDCTransactionId01384B1C4332ED10C04FE18EC6345BDC_965, PutCachedData=, CacheKey=PhysXPC_FULL_5DF9E1AAB7CC4DCCB2965BA1A78DFE8_586E06F593B89FE5376939B66EC18007, StartTime=2016.04.01-22.47.00, HierarchicalDDC=, DataSize=64618, Duration=0.137869, RunGuid=RunID1C79A73A414D7D2E6B3A949852008D6F
DDCTransactionIdFC1C83824942CA647BFFB5A59F97735F_934, PutCachedData=, CacheKey=PhysXPC_VIS_5DF9E1AAB7CC4DCCB2965BA1A78DFE8_103F16BC4D8CDA8BD1D1D7A32BE0595D, StartTime=2016.04.01-22.47.00, HierarchicalDDC=, DataSize=64618, Duration=0.133954, RunGuid=RunID1C79A73A414D7D2E6B3A949852008D6F
DDCTransactionId01384B1C4332ED10C04FE18EC6345BDC_966, PutCachedData=, CacheKey=PhysXPC_FULL_5DF9E1AAB7CC4DCCB2965BA1A78DFE8_7FCC58DE5735288C9697B7D31A5DAC12, StartTime=2016.04.01-22.47.00, HierarchicalDDC=, DataSize=64618, Duration=0.133954, RunGuid=RunID1C79A73A414D7D2E6B3A949852008D6F
DDCTransactionIdFC1C83824942CA647BFFB5A59F97735F_935, PutCachedData=, CacheKey=PhysXPC_VIS_5DF9E1AAB7CC4DCCB2965BA1A78DFE8_2D5AAA344B55050ECCDEEC95BE8AAB4D, StartTime=2016.04.01-22.47.00, HierarchicalDDC=, DataSize=64618, Duration=0.129066, RunGuid=RunID1C79A73A414D7D2E6B3A949852008D6F
DDCTransactionId01384B1C4332ED10C04FE18EC6345BDC_967, PutCachedData=, CacheKey=PhysXPC_FULL_5DF9E1AAB7CC4DCCB2965BA1A78DFE8_33C6F31F04DD579A465EE2B905D50B34, StartTime=2016.04.01-22.47.00, HierarchicalDDC=, DataSize=64618, Duration=0.139333, RunGuid=RunID1C79A73A414D7D2E6B3A949852008D6F
DDCTransactionIdFC1C83824942CA647BFFB5A59F97735F_936, PutCachedData=, CacheKey=PhysXPC_VIS_5DF9E1AAB7CC4DCCB2965BA1A78DFE8_E715DDD3498A72D1075B67A69266066C, StartTime=2016.04.01-22.47.00, HierarchicalDDC=, DataSize=64618, Duration=0.139825, RunGuid=RunID1C79A73A414D7D2E6B3A949852008D6F
DDCTransactionId01384B1C4332ED10C04FE18EC6345BDC_968, PutCachedData=, CacheKey=PhysXPC_FULL_5DF9E1AAB7CC4DCCB2965BA1A78DFE8_CEA0FF697A4A1EC9EFA1FA6384C7F86E, StartTime=2016.04.01-22.47.00, HierarchicalDDC=, DataSize=64618, Duration=0.147644, RunGuid=RunID1C79A73A414D7D2E6B3A949852008D6F
DDCTransactionIdFC1C83824942CA647BFFB5A59F97735F_937, PutCachedData=, CacheKey=PhysXPC_VIS_5DF9E1AAB7CC4DCCB2965BA1A78DFE8_E96920A548F99C8BB6A63CB33712F315, StartTime=2016.04.01-22.47.00, HierarchicalDDC=, DataSize=64618, Duration=0.140801, RunGuid=RunID1C79A73A414D7D2E6B3A949852008D6F
DDCTransactionIdFC1C83824942CA647BFFB5A59F97735F_938, PutCachedData=, CacheKey=PhysXPC_FULL_5DF9E1AAB7CC4DCCB2965BA1A78DFE8_A606AA1E8BD46770A22C4994427B65FF, StartTime=2016.04.01-22.47.00, HierarchicalDDC=, DataSize=64618, Duration=0.154488, RunGuid=RunID1C79A73A414D7D2E6B3A949852008D6F
DDCTransactionId01384B1C4332ED10C04FE18EC6345BDC_969, PutCachedData=, CacheKey=PhysXPC_VIS_5DF9E1AAB7CC4DCCB2965BA1A78DFE8_820580464B8EC0CD4E3447B09C438024, StartTime=2016.04.01-22.47.00, HierarchicalDDC=, DataSize=64618, Duration=0.152048, RunGuid=RunID1C79A73A414D7D2E6B3A949852008D6F
DDCTransactionIdFC1C83824942CA647BFFB5A59F97735F_939, PutCachedData=, CacheKey=PhysXPC_FULL_5DF9E1AAB7CC4DCCB2965BA1A78DFE8_4F21EC7FA94AA954C50471CBF7BAC60F, StartTime=2016.04.01-22.47.00, HierarchicalDDC=, DataSize=64618, Duration=0.140309, RunGuid=RunID1C79A73A414D7D2E6B3A949852008D6F
DDCTransactionId01384B1C4332ED10C04FE18EC6345BDC_970, PutCachedData=, CacheKey=PhysXPC_VIS_5DF9E1AAB7CC4DCCB2965BA1A78DFE8_C84D90814ABBF0FD1D12BAA5C3D472E8, StartTime=2016.04.01-22.47.00, HierarchicalDDC=, DataSize=64618, Duration=0.159379, RunGuid=RunID1C79A73A414D7D2E6B3A949852008D6F
DDCTransactionIdFC1C83824942CA647BFFB5A59F97735F_940, PutCachedData=, CacheKey=PhysXPC_FULL_5DF9E1AAB7CC4DCCB2965BA1A78DFE8_A04D6E0E458ABD785EAA465332628D41, StartTime=2016.04.01-22.47.00, HierarchicalDDC=, DataSize=64618, Duration=0.147644, RunGuid=RunID1C79A73A414D7D2E6B3A949852008D6F
DDCTransactionId01384B1C4332ED10C04FE18EC6345BDC_971, PutCachedData=, CacheKey=PhysXPC_VIS_5DF9E1AAB7CC4DCCB2965BA1A78DFE8_BA2FE3A142D61C5C8452ED8008A04115, StartTime=2016.04.01-22.47.00, HierarchicalDDC=, DataSize=64618, Duration=0.189200, RunGuid=RunID1C79A73A414D7D2E6B3A949852008D6F
DDCTransactionIdFC1C83824942CA647BFFB5A59F97735F_941, PutCachedData=, CacheKey=PhysXPC_FULL_5DF9E1AAB7CC4DCCB2965BA1A78DFE8_6D1D0A16B4A3289F77DFC443D4172CE5, StartTime=2016.04.01-22.47.00, HierarchicalDDC=, DataSize=64618, Duration=0.134934, RunGuid=RunID1C79A73A414D7D2E6B3A949852008D6F
DDCTransactionId01384B1C4332ED10C04FE18EC6345BDC_972, PutCachedData=, CacheKey=PhysXPC_VIS_5DF9E1AAB7CC4DCCB2965BA1A78DFE8_1443456D4DA559339AFEC2A7008DF0F4, StartTime=2016.04.01-22.47.00, HierarchicalDDC=, DataSize=64618, Duration=0.150576, RunGuid=RunID1C79A73A414D7D2E6B3A949852008D6F
DDCTransactionIdFC1C83824942CA647BFFB5A59F97735F_942, PutCachedData=, CacheKey=PhysXPC_FULL_5DF9E1AAB7CC4DCCB2965BA1A78DFE8_4AC42BD0F177166F44A37613EF31F15A, StartTime=2016.04.01-22.47.00, HierarchicalDDC=, DataSize=64618, Duration=0.161823, RunGuid=RunID1C79A73A414D7D2E6B3A949852008D6F
DDCTransactionId01384B1C4332ED10C04FE18EC6345BDC_973, PutCachedData=, CacheKey=PhysXPC_VIS_5DF9E1AAB7CC4DCCB2965BA1A78DFE8_E6729ED2489C9670D4A8079395DB6B1D, StartTime=2016.04.01-22.47.00, HierarchicalDDC=, DataSize=64618, Duration=0.165243, RunGuid=RunID1C79A73A414D7D2E6B3A949852008D6F
DDCTransactionIdFC1C83824942CA647BFFB5A59F97735F_943, PutCachedData=, CacheKey=PhysXPC_FULL_5DF9E1AAB7CC4DCCB2965BA1A78DFE8_E84FE3FC401625A77AAD6A91F8C6B3CE, StartTime=2016.04.01-22.47.00, HierarchicalDDC=, DataSize=64618, Duration=0.135910, RunGuid=RunID1C79A73A414D7D2E6B3A949852008D6F
DDCTransactionIdFC1C83824942CA647BFFB5A59F97735F_944, PutCachedData=, CacheKey=PhysXPC_VIS_5DF9E1AAB7CC4DCCB2965BA1A78DFE8_C3710F314BA4963747FDA39383B7DF64, StartTime=2016.04.01-22.47.00, HierarchicalDDC=, DataSize=64618, Duration=0.154000, RunGuid=RunID1C79A73A414D7D2E6B3A949852008D6F
DDCTransactionId01384B1C4332ED10C04FE18EC6345BDC_974, PutCachedData=, CacheKey=PhysXPC_FULL_5DF9E1AAB7CC4DCCB2965BA1A78DFE8_6431D3D9C37DD02F6400D7A3965C8183, StartTime=2016.04.01-22.47.00, HierarchicalDDC=, DataSize=64618, Duration=0.153020, RunGuid=RunID1C79A73A414D7D2E6B3A949852008D6F
DDCTransactionIdFC1C83824942CA647BFFB5A59F97735F_945, PutCachedData=, CacheKey=PhysXPC_VIS_5DF9E1AAB7CC4DCCB2965BA1A78DFE8_08E0CF8E4B6091229671579C0FFF54E8, StartTime=2016.04.01-22.47.00, HierarchicalDDC=, DataSize=64618, Duration=0.137378, RunGuid=RunID1C79A73A414D7D2E6B3A949852008D6F
DDCTransactionId01384B1C4332ED10C04FE18EC6345BDC_975, PutCachedData=, CacheKey=PhysXPC_FULL_5DF9E1AAB7CC4DCCB2965BA1A78DFE8_1ABC64A8EDF6A05D537624F0081BCCC5, StartTime=2016.04.01-22.47.00, HierarchicalDDC=, DataSize=64618, Duration=0.147153, RunGuid=RunID1C79A73A414D7D2E6B3A949852008D6F
DDCTransactionIdFC1C83824942CA647BFFB5A59F97735F_946, PutCachedData=, CacheKey=PhysXPC_VIS_5DF9E1AAB7CC4DCCB2965BA1A78DFE8_37F4062E47A9C63A9B7F6482412C0395, StartTime=2016.04.01-22.47.00, HierarchicalDDC=, DataSize=64618, Duration=0.154488, RunGuid=RunID1C79A73A414D7D2E6B3A949852008D6F
DDCTransactionId01384B1C4332ED10C04FE18EC6345BDC_976, PutCachedData=, CacheKey=PhysXPC_FULL_5DF9E1AAB7CC4DCCB2965BA1A78DFE8_5B62588338389B8844DFE02A865AF3F6, StartTime=2016.04.01-22.47.00, HierarchicalDDC=, DataSize=64618, Duration=0.168666, RunGuid=RunID1C79A73A414D7D2E6B3A949852008D6F
DDCTransactionIdFC1C83824942CA647BFFB5A59F97735F_947, PutCachedData=, CacheKey=PhysXPC_VIS_5DF9E1AAB7CC4DCCB2965BA1A78DFE8_32D89A4E4CBAC6145403C1ACA166801F, StartTime=2016.04.01-22.47.00, HierarchicalDDC=, DataSize=64618, Duration=0.143245, RunGuid=RunID1C79A73A414D7D2E6B3A949852008D6F
DDCTransactionId01384B1C4332ED10C04FE18EC6345BDC_977, PutCachedData=, CacheKey=PhysXPC_FULL_5DF9E1AAB7CC4DCCB2965BA1A78DFE8_185EF3C0F4E9870239ED6A493B320F58, StartTime=2016.04.01-22.47.00, HierarchicalDDC=, DataSize=64618, Duration=0.130534, RunGuid=RunID1C79A73A414D7D2E6B3A949852008D6F
DDCTransactionIdFC1C83824942CA647BFFB5A59F97735F_948, PutCachedData=, CacheKey=PhysXPC_VIS_5DF9E1AAB7CC4DCCB2965BA1A78DFE8_B01CD5CE42FD906E41C05D8689A67EDE, StartTime=2016.04.01-22.47.00, HierarchicalDDC=, DataSize=64618, Duration=0.164267, RunGuid=RunID1C79A73A414D7D2E6B3A949852008D6F
DDCTransactionId01384B1C4332ED10C04FE18EC6345BDC_978, PutCachedData=, CacheKey=PhysXPC_FULL_5DF9E1AAB7CC4DCCB2965BA1A78DFE8_0CA2789032CEE133F961491CB6CE0FCA, StartTime=2016.04.01-22.47.00, HierarchicalDDC=, DataSize=64618, Duration=0.133954, RunGuid=RunID1C79A73A414D7D2E6B3A949852008D6F
DDCTransactionIdFC1C83824942CA647BFFB5A59F97735F_949, PutCachedData=, CacheKey=PhysXPC_VIS_5DF9E1AAB7CC4DCCB2965BA1A78DFE8_600D49AF442E585919B758A811496846, StartTime=2016.04.01-22.47.00, HierarchicalDDC=, DataSize=64618, Duration=0.141289, RunGuid=RunID1C79A73A414D7D2E6B3A949852008D6F
DDCTransactionId01384B1C4332ED10C04FE18EC6345BDC_979, PutCachedData=, CacheKey=PhysXPC_FULL_5DF9E1AAB7CC4DCCB2965BA1A78DFE8_C702CEBFCCCAFCE347F1E2980D3A3C82, StartTime=2016.04.01-22.47.00, HierarchicalDDC=, DataSize=64618, Duration=0.132978, RunGuid=RunID1C79A73A414D7D2E6B3A949852008D6F
DDCTransactionIdFC1C83824942CA647BFFB5A59F97735F_950, PutCachedData=, CacheKey=PhysXPC_VIS_5DF9E1AAB7CC4DCCB2965BA1A78DFE8_CBF1289E44FF5ECE495C7C82EC58E330, StartTime=2016.04.01-22.47.00, HierarchicalDDC=, DataSize=64618, Duration=0.142757, RunGuid=RunID1C79A73A414D7D2E6B3A949852008D6F
DDCTransactionId01384B1C4332ED10C04FE18EC6345BDC_980, PutCachedData=, CacheKey=PhysXPC_FULL_5DF9E1AAB7CC4DCCB2965BA1A78DFE8_DB981BA3313FE6BB686C975F96ADA34E, StartTime=2016.04.01-22.47.00, HierarchicalDDC=, DataSize=64618, Duration=0.139825, RunGuid=RunID1C79A73A414D7D2E6B3A949852008D6F
DDCTransactionIdFC1C83824942CA647BFFB5A59F97735F_951, PutCachedData=, CacheKey=PhysXPC_VIS_5DF9E1AAB7CC4DCCB2965BA1A78DFE8_ABDD82E44BD4057B661B2F8EDB4FABBD, StartTime=2016.04.01-22.47.00, HierarchicalDDC=, DataSize=64618, Duration=0.127111, RunGuid=RunID1C79A73A414D7D2E6B3A949852008D6F
DDCTransactionId01384B1C4332ED10C04FE18EC6345BDC_981, PutCachedData=, CacheKey=PhysXPC_FULL_5DF9E1AAB7CC4DCCB2965BA1A78DFE8_407B5E6BEE400FA66637F913517D8A85, StartTime=2016.04.01-22.47.00, HierarchicalDDC=, DataSize=64618, Duration=0.141777, RunGuid=RunID1C79A73A414D7D2E6B3A949852008D6F
DDCTransactionIdFC1C83824942CA647BFFB5A59F97735F_952, PutCachedData=, CacheKey=PhysXPC_VIS_5DF9E1AAB7CC4DCCB2965BA1A78DFE8_492D5C17475D6906868E489D7C7E780C, StartTime=2016.04.01-22.47.00, HierarchicalDDC=, DataSize=64618, Duration=0.125155, RunGuid=RunID1C79A73A414D7D2E6B3A949852008D6F
DDCTransactionId01384B1C4332ED10C04FE18EC6345BDC_982, PutCachedData=, CacheKey=PhysXPC_FULL_5DF9E1AAB7CC4DCCB2965BA1A78DFE8_0EB142BC87351401F31AF6825973AA8B, StartTime=2016.04.01-22.47.00, HierarchicalDDC=, DataSize=64618, Duration=0.145197, RunGuid=RunID1C79A73A414D7D2E6B3A949852008D6F
DDCTransactionIdFC1C83824942CA647BFFB5A59F97735F_953, PutCachedData=, CacheKey=PhysXPC_VIS_5DF9E1AAB7CC4DCCB2965BA1A78DFE8_9F081F5E4C4B3856EA15DBAB3636906F, StartTime=2016.04.01-22.47.00, HierarchicalDDC=, DataSize=64618, Duration=0.136890, RunGuid=RunID1C79A73A414D7D2E6B3A949852008D6F
DDCTransactionId01384B1C4332ED10C04FE18EC6345BDC_983, PutCachedData=, CacheKey=PhysXPC_FULL_5DF9E1AAB7CC4DCCB2965BA1A78DFE8_850F9D6C5709C6D70C3BE0D28B90E48C, StartTime=2016.04.01-22.47.00, HierarchicalDDC=, DataSize=64618, Duration=0.142265, RunGuid=RunID1C79A73A414D7D2E6B3A949852008D6F
DDCTransactionIdFC1C83824942CA647BFFB5A59F97735F_954, PutCachedData=, CacheKey=PhysXPC_VIS_5DF9E1AAB7CC4DCCB2965BA1A78DFE8_E719EF674EB92C59F3BA3F97F607D2A1, StartTime=2016.04.01-22.47.00, HierarchicalDDC=, DataSize=64618, Duration=0.126135, RunGuid=RunID1C79A73A414D7D2E6B3A949852008D6F
DDCTransactionId01384B1C4332ED10C04FE18EC6345BDC_984, PutCachedData=, CacheKey=PhysXPC_FULL_5DF9E1AAB7CC4DCCB2965BA1A78DFE8_962B963DA5DAE1D76D3E5A36608B0621, StartTime=2016.04.01-22.47.00, HierarchicalDDC=, DataSize=64618, Duration=0.143733, RunGuid=RunID1C79A73A414D7D2E6B3A949852008D6F
DDCTransactionIdFC1C83824942CA647BFFB5A59F97735F_955, PutCachedData=, CacheKey=PhysXPC_VIS_5DF9E1AAB7CC4DCCB2965BA1A78DFE8_2EA5648147322EE8C7C61FA075210D09, StartTime=2016.04.01-22.47.00, HierarchicalDDC=, DataSize=64618, Duration=0.128090, RunGuid=RunID1C79A73A414D7D2E6B3A949852008D6F
DDCTransactionId01384B1C4332ED10C04FE18EC6345BDC_985, PutCachedData=, CacheKey=PhysXPC_FULL_5DF9E1AAB7CC4DCCB2965BA1A78DFE8_FE6AE47220B0CDCB2F28AC60C24B3631, StartTime=2016.04.01-22.47.00, HierarchicalDDC=, DataSize=64618, Duration=0.149112, RunGuid=RunID1C79A73A414D7D2E6B3A949852008D6F
DDCTransactionIdFC1C83824942CA647BFFB5A59F97735F_956, PutCachedData=, CacheKey=PhysXPC_VIS_5DF9E1AAB7CC4DCCB2965BA1A78DFE8_6748EB1C4EB8AACFEBC2DDB9FDA7A3C6, StartTime=2016.04.01-22.47.00, HierarchicalDDC=, DataSize=64618, Duration=0.139821, RunGuid=RunID1C79A73A414D7D2E6B3A949852008D6F
DDCTransactionId01384B1C4332ED10C04FE18EC6345BDC_986, PutCachedData=, CacheKey=PhysXPC_FULL_5DF9E1AAB7CC4DCCB2965BA1A78DFE8_DE943DCFF1B543818DA484B78AB348DB, StartTime=2016.04.01-22.47.00, HierarchicalDDC=, DataSize=64618, Duration=0.208266, RunGuid=RunID1C79A73A414D7D2E6B3A949852008D6F
DDCTransactionIdFC1C83824942CA647BFFB5A59F97735F_957, PutCachedData=, CacheKey=PhysXPC_VIS_5DF9E1AAB7CC4DCCB2965BA1A78DFE8_6172030D4A414E253E79BB858FA40AB9, StartTime=2016.04.01-22.47.00, HierarchicalDDC=, DataSize=64618, Duration=0.179913, RunGuid=RunID1C79A73A414D7D2E6B3A949852008D6F
DDCTransactionId01384B1C4332ED10C04FE18EC6345BDC_987, PutCachedData=, CacheKey=PhysXPC_FULL_5DF9E1AAB7CC4DCCB2965BA1A78DFE8_552A53150AF8899A06F43B07F8371DF3, StartTime=2016.04.01-22.47.00, HierarchicalDDC=, DataSize=64618, Duration=0.233687, RunGuid=RunID1C79A73A414D7D2E6B3A949852008D6F
DDCTransactionIdFC1C83824942CA647BFFB5A59F97735F_958, PutCachedData=, CacheKey=PhysXPC_VIS_5DF9E1AAB7CC4DCCB2965BA1A78DFE8_EA7E09FF426112B8A2AD2885E7D5D639, StartTime=2016.04.01-22.47.00, HierarchicalDDC=, DataSize=64618, Duration=0.159375, RunGuid=RunID1C79A73A414D7D2E6B3A949852008D6F
DDCTransactionIdFC1C83824942CA647BFFB5A59F97735F_959, PutCachedData=, CacheKey=PhysXPC_FULL_5DF9E1AAB7CC4DCCB2965BA1A78DFE8_865F3AC7328EA3D78E73F49BA3E74300, StartTime=2016.04.01-22.47.00, HierarchicalDDC=, DataSize=64618, Duration=0.141777, RunGuid=RunID1C79A73A414D7D2E6B3A949852008D6F
DDCTransactionId01384B1C4332ED10C04FE18EC6345BDC_988, PutCachedData=, CacheKey=PhysXPC_VIS_5DF9E1AAB7CC4DCCB2965BA1A78DFE8_DA5EBCAD492077A7C2B5C89D889423D8, StartTime=2016.04.01-22.47.00, HierarchicalDDC=, DataSize=64618, Duration=0.161823, RunGuid=RunID1C79A73A414D7D2E6B3A949852008D6F
DDCTransactionIdFC1C83824942CA647BFFB5A59F97735F_960, PutCachedData=, CacheKey=PhysXPC_FULL_5DF9E1AAB7CC4DCCB2965BA1A78DFE8_44F9EFD031346D35B5DDD3E066A43592, StartTime=2016.04.01-22.47.00, HierarchicalDDC=, DataSize=64618, Duration=0.157420, RunGuid=RunID1C79A73A414D7D2E6B3A949852008D6F
DDCTransactionId01384B1C4332ED10C04FE18EC6345BDC_989, PutCachedData=, CacheKey=PhysXPC_VIS_5DF9E1AAB7CC4DCCB2965BA1A78DFE8_F6EEECDF4D5BE8891069A99616C20E28, StartTime=2016.04.01-22.47.00, HierarchicalDDC=, DataSize=64618, Duration=0.195555, RunGuid=RunID1C79A73A414D7D2E6B3A949852008D6F
DDCTransactionIdFC1C83824942CA647BFFB5A59F97735F_961, PutCachedData=, CacheKey=PhysXPC_FULL_5DF9E1AAB7CC4DCCB2965BA1A78DFE8_D00D547DAC33D9E30915B1C07656E052, StartTime=2016.04.01-22.47.00, HierarchicalDDC=, DataSize=64618, Duration=0.154980, RunGuid=RunID1C79A73A414D7D2E6B3A949852008D6F
DDCTransactionId01384B1C4332ED10C04FE18EC6345BDC_990, PutCachedData=, CacheKey=PhysXPC_VIS_5DF9E1AAB7CC4DCCB2965BA1A78DFE8_32F91F484266F8227C336CBF82784842, StartTime=2016.04.01-22.47.00, HierarchicalDDC=, DataSize=64618, Duration=0.244442, RunGuid=RunID1C79A73A414D7D2E6B3A949852008D6F
DDCTransactionIdFC1C83824942CA647BFFB5A59F97735F_962, PutCachedData=, CacheKey=PhysXPC_FULL_5DF9E1AAB7CC4DCCB2965BA1A78DFE8_E32340D5DAAAA48405BEA700BD3AC3B5, StartTime=2016.04.01-22.47.00, HierarchicalDDC=, DataSize=64618, Duration=0.152044, RunGuid=RunID1C79A73A414D7D2E6B3A949852008D6F
DDCTransactionIdFC1C83824942CA647BFFB5A59F97735F_963, PutCachedData=, CacheKey=PhysXPC_VIS_5DF9E1AAB7CC4DCCB2965BA1A78DFE8_EFC4A10A4BFD448A748D77A4EB8231F6, StartTime=2016.04.01-22.47.00, HierarchicalDDC=, DataSize=64618, Duration=0.142753, RunGuid=RunID1C79A73A414D7D2E6B3A949852008D6F
DDCTransactionId01384B1C4332ED10C04FE18EC6345BDC_991, PutCachedData=, CacheKey=PhysXPC_FULL_5DF9E1AAB7CC4DCCB2965BA1A78DFE8_57982985E6FDAF20697500CFA01EC757, StartTime=2016.04.01-22.47.00, HierarchicalDDC=, DataSize=64618, Duration=0.154492, RunGuid=RunID1C79A73A414D7D2E6B3A949852008D6F
DDCTransactionIdFC1C83824942CA647BFFB5A59F97735F_964, PutCachedData=, CacheKey=PhysXPC_VIS_5DF9E1AAB7CC4DCCB2965BA1A78DFE8_C540CACC4846F11EA0E6F38387D9F496, StartTime=2016.04.01-22.47.00, HierarchicalDDC=, DataSize=64618, Duration=0.130534, RunGuid=RunID1C79A73A414D7D2E6B3A949852008D6F
DDCTransactionId01384B1C4332ED10C04FE18EC6345BDC_992, PutCachedData=, CacheKey=PhysXPC_FULL_5DF9E1AAB7CC4DCCB2965BA1A78DFE8_665287AFFB8D756CC740376A5A617055, StartTime=2016.04.01-22.47.00, HierarchicalDDC=, DataSize=64618, Duration=0.152044, RunGuid=RunID1C79A73A414D7D2E6B3A949852008D6F
DDCTransactionIdFC1C83824942CA647BFFB5A59F97735F_965, PutCachedData=, CacheKey=PhysXPC_VIS_5DF9E1AAB7CC4DCCB2965BA1A78DFE8_E486C4704E401E6DF194C49D4E9DA1A9, StartTime=2016.04.01-22.47.00, HierarchicalDDC=, DataSize=64618, Duration=0.145692, RunGuid=RunID1C79A73A414D7D2E6B3A949852008D6F
DDCTransactionId01384B1C4332ED10C04FE18EC6345BDC_993, PutCachedData=, CacheKey=PhysXPC_FULL_5DF9E1AAB7CC4DCCB2965BA1A78DFE8_45BDF87D7DB48695C26457AB97EC0D82, StartTime=2016.04.01-22.47.00, HierarchicalDDC=, DataSize=64618, Duration=0.122711, RunGuid=RunID1C79A73A414D7D2E6B3A949852008D6F
DDCTransactionIdFC1C83824942CA647BFFB5A59F97735F_966, PutCachedData=, CacheKey=PhysXPC_VIS_5DF9E1AAB7CC4DCCB2965BA1A78DFE8_58DC3899427D7B8DD143FB90377FB4B7, StartTime=2016.04.01-22.47.00, HierarchicalDDC=, DataSize=64618, Duration=0.136402, RunGuid=RunID1C79A73A414D7D2E6B3A949852008D6F
DDCTransactionId01384B1C4332ED10C04FE18EC6345BDC_994, PutCachedData=, CacheKey=PhysXPC_FULL_5DF9E1AAB7CC4DCCB2965BA1A78DFE8_BF25086E0E35491F718E942EAE655DB9, StartTime=2016.04.01-22.47.00, HierarchicalDDC=, DataSize=64618, Duration=0.141777, RunGuid=RunID1C79A73A414D7D2E6B3A949852008D6F
DDCTransactionIdFC1C83824942CA647BFFB5A59F97735F_967, PutCachedData=, CacheKey=PhysXPC_VIS_5DF9E1AAB7CC4DCCB2965BA1A78DFE8_62DED05F405E556AC2129CAFF5FF2A46, StartTime=2016.04.01-22.47.00, HierarchicalDDC=, DataSize=64618, Duration=0.132490, RunGuid=RunID1C79A73A414D7D2E6B3A949852008D6F
DDCTransactionId01384B1C4332ED10C04FE18EC6345BDC_995, PutCachedData=, CacheKey=PhysXPC_FULL_5DF9E1AAB7CC4DCCB2965BA1A78DFE8_7364B29810EA885F5DA6D3097579DEFF, StartTime=2016.04.01-22.47.00, HierarchicalDDC=, DataSize=64618, Duration=0.136398, RunGuid=RunID1C79A73A414D7D2E6B3A949852008D6F
DDCTransactionIdFC1C83824942CA647BFFB5A59F97735F_968, PutCachedData=, CacheKey=PhysXPC_VIS_5DF9E1AAB7CC4DCCB2965BA1A78DFE8_31FF3CA44ADB63CFBA8256A530A3DAF7, StartTime=2016.04.01-22.47.00, HierarchicalDDC=, DataSize=64618, Duration=0.122711, RunGuid=RunID1C79A73A414D7D2E6B3A949852008D6F
DDCTransactionId01384B1C4332ED10C04FE18EC6345BDC_996, PutCachedData=, CacheKey=PhysXPC_FULL_5DF9E1AAB7CC4DCCB2965BA1A78DFE8_ECDE1895A15EEF8619C84A5B0C26A073, StartTime=2016.04.01-22.47.00, HierarchicalDDC=, DataSize=64618, Duration=0.139821, RunGuid=RunID1C79A73A414D7D2E6B3A949852008D6F
DDCTransactionIdFC1C83824942CA647BFFB5A59F97735F_969, PutCachedData=, CacheKey=PhysXPC_VIS_5DF9E1AAB7CC4DCCB2965BA1A78DFE8_A2011921408A0933DFE54C8C049B9A38, StartTime=2016.04.01-22.47.00, HierarchicalDDC=, DataSize=64618, Duration=0.141289, RunGuid=RunID1C79A73A414D7D2E6B3A949852008D6F
DDCTransactionId01384B1C4332ED10C04FE18EC6345BDC_997, PutCachedData=, CacheKey=PhysXPC_FULL_5DF9E1AAB7CC4DCCB2965BA1A78DFE8_AA5CF4A73BD324206A369CA3915C0866, StartTime=2016.04.01-22.47.00, HierarchicalDDC=, DataSize=64618, Duration=0.137866, RunGuid=RunID1C79A73A414D7D2E6B3A949852008D6F
DDCTransactionIdFC1C83824942CA647BFFB5A59F97735F_970, PutCachedData=, CacheKey=PhysXPC_VIS_5DF9E1AAB7CC4DCCB2965BA1A78DFE8_C1E63A9643A1395597978DBE41422860, StartTime=2016.04.01-22.47.00, HierarchicalDDC=, DataSize=64618, Duration=0.166219, RunGuid=RunID1C79A73A414D7D2E6B3A949852008D6F
DDCTransactionId01384B1C4332ED10C04FE18EC6345BDC_998, PutCachedData=, CacheKey=PhysXPC_FULL_5DF9E1AAB7CC4DCCB2965BA1A78DFE8_092C5E1E8BEB06308D067858A8B357A6, StartTime=2016.04.01-22.47.00, HierarchicalDDC=, DataSize=64618, Duration=0.159867, RunGuid=RunID1C79A73A414D7D2E6B3A949852008D6F
DDCTransactionIdFC1C83824942CA647BFFB5A59F97735F_971, PutCachedData=, CacheKey=PhysXPC_VIS_5DF9E1AAB7CC4DCCB2965BA1A78DFE8_195A51DE4E4F7F302EC0619D2FBD14AB, StartTime=2016.04.01-22.47.00, HierarchicalDDC=, DataSize=64618, Duration=0.157911, RunGuid=RunID1C79A73A414D7D2E6B3A949852008D6F
DDCTransactionId01384B1C4332ED10C04FE18EC6345BDC_999, PutCachedData=, CacheKey=PhysXPC_FULL_5DF9E1AAB7CC4DCCB2965BA1A78DFE8_45694A09183E85B09F8D59310AC55530, StartTime=2016.04.01-22.47.00, HierarchicalDDC=, DataSize=64618, Duration=0.171114, RunGuid=RunID1C79A73A414D7D2E6B3A949852008D6F
DDCTransactionIdFC1C83824942CA647BFFB5A59F97735F_972, PutCachedData=, CacheKey=PhysXPC_VIS_5DF9E1AAB7CC4DCCB2965BA1A78DFE8_69DFB8F14E7D9A071A634D99E8642A32, StartTime=2016.04.01-22.47.00, HierarchicalDDC=, DataSize=64618, Duration=0.160355, RunGuid=RunID1C79A73A414D7D2E6B3A949852008D6F
DDCTransactionId01384B1C4332ED10C04FE18EC6345BDC_1000, PutCachedData=, CacheKey=PhysXPC_FULL_5DF9E1AAB7CC4DCCB2965BA1A78DFE8_2BDB9884BCD2712681828B9D2FFA2593, StartTime=2016.04.01-22.47.00, HierarchicalDDC=, DataSize=64618, Duration=0.133466, RunGuid=RunID1C79A73A414D7D2E6B3A949852008D6F
DDCTransactionIdFC1C83824942CA647BFFB5A59F97735F_973, PutCachedData=, CacheKey=PhysXPC_VIS_5DF9E1AAB7CC4DCCB2965BA1A78DFE8_B66E360646D1CD14A3F4D2B1D89292EB, StartTime=2016.04.01-22.47.00, HierarchicalDDC=, DataSize=64618, Duration=0.125155, RunGuid=RunID1C79A73A414D7D2E6B3A949852008D6F
DDCTransactionId01384B1C4332ED10C04FE18EC6345BDC_1001, PutCachedData=, CacheKey=PhysXPC_FULL_5DF9E1AAB7CC4DCCB2965BA1A78DFE8_9ABAD268281B8BBD7E88BA96ED40D2ED, StartTime=2016.04.01-22.47.00, HierarchicalDDC=, DataSize=64618, Duration=0.131998, RunGuid=RunID1C79A73A414D7D2E6B3A949852008D6F
DDCTransactionIdFC1C83824942CA647BFFB5A59F97735F_974, PutCachedData=, CacheKey=PhysXPC_VIS_5DF9E1AAB7CC4DCCB2965BA1A78DFE8_2A7177F6478596AE65849091D4012C35, StartTime=2016.04.01-22.47.00, HierarchicalDDC=, DataSize=64618, Duration=0.124667, RunGuid=RunID1C79A73A414D7D2E6B3A949852008D6F
DDCTransactionId01384B1C4332ED10C04FE18EC6345BDC_1002, PutCachedData=, CacheKey=PhysXPC_FULL_5DF9E1AAB7CC4DCCB2965BA1A78DFE8_F4815C71BBF51DB170C6CD081D4B5AB0, StartTime=2016.04.01-22.47.00, HierarchicalDDC=, DataSize=64618, Duration=0.138845, RunGuid=RunID1C79A73A414D7D2E6B3A949852008D6F
DDCTransactionIdFC1C83824942CA647BFFB5A59F97735F_975, PutCachedData=, CacheKey=PhysXPC_VIS_5DF9E1AAB7CC4DCCB2965BA1A78DFE8_52B506A24DDAA597277BDA944FA7DBEE, StartTime=2016.04.01-22.47.00, HierarchicalDDC=, DataSize=64618, Duration=0.131510, RunGuid=RunID1C79A73A414D7D2E6B3A949852008D6F
DDCTransactionId01384B1C4332ED10C04FE18EC6345BDC_1003, PutCachedData=, CacheKey=PhysXPC_FULL_5DF9E1AAB7CC4DCCB2965BA1A78DFE8_4E37041380E8023B648AB5408072FC8D, StartTime=2016.04.01-22.47.00, HierarchicalDDC=, DataSize=64618, Duration=0.143245, RunGuid=RunID1C79A73A414D7D2E6B3A949852008D6F
DDCTransactionIdFC1C83824942CA647BFFB5A59F97735F_976, PutCachedData=, CacheKey=PhysXPC_VIS_5DF9E1AAB7CC4DCCB2965BA1A78DFE8_B77DF9EF424150A220D8CAA6B373209D, StartTime=2016.04.01-22.47.00, HierarchicalDDC=, DataSize=64618, Duration=0.146665, RunGuid=RunID1C79A73A414D7D2E6B3A949852008D6F
DDCTransactionId01384B1C4332ED10C04FE18EC6345BDC_1004, PutCachedData=, CacheKey=PhysXPC_FULL_5DF9E1AAB7CC4DCCB2965BA1A78DFE8_04D0C3DBCC45395619D5DA9C1BE7742B, StartTime=2016.04.01-22.47.00, HierarchicalDDC=, DataSize=64618, Duration=0.153024, RunGuid=RunID1C79A73A414D7D2E6B3A949852008D6F
DDCTransactionIdFC1C83824942CA647BFFB5A59F97735F_977, PutCachedData=, CacheKey=PhysXPC_VIS_5DF9E1AAB7CC4DCCB2965BA1A78DFE8_49DD98314F7EC73777D36099905CE9E2, StartTime=2016.04.01-22.47.00, HierarchicalDDC=, DataSize=64618, Duration=0.153512, RunGuid=RunID1C79A73A414D7D2E6B3A949852008D6F
DDCTransactionId01384B1C4332ED10C04FE18EC6345BDC_1005, PutCachedData=, CacheKey=PhysXPC_FULL_5DF9E1AAB7CC4DCCB2965BA1A78DFE8_2CE13F59AECE0D2BA738B6190CB7C9E9, StartTime=2016.04.01-22.47.00, HierarchicalDDC=, DataSize=64618, Duration=0.145692, RunGuid=RunID1C79A73A414D7D2E6B3A949852008D6F
DDCTransactionIdFC1C83824942CA647BFFB5A59F97735F_978, PutCachedData=, CacheKey=PhysXPC_VIS_5DF9E1AAB7CC4DCCB2965BA1A78DFE8_67A665DC46CFD5FDB13B5A82B843F0D6, StartTime=2016.04.01-22.47.00, HierarchicalDDC=, DataSize=64618, Duration=0.146177, RunGuid=RunID1C79A73A414D7D2E6B3A949852008D6F
DDCTransactionId01384B1C4332ED10C04FE18EC6345BDC_1006, PutCachedData=, CacheKey=PhysXPC_FULL_5DF9E1AAB7CC4DCCB2965BA1A78DFE8_8302727F413596F46FB1789D6CB5E754, StartTime=2016.04.01-22.47.00, HierarchicalDDC=, DataSize=64618, Duration=0.126135, RunGuid=RunID1C79A73A414D7D2E6B3A949852008D6F
DDCTransactionIdFC1C83824942CA647BFFB5A59F97735F_979, PutCachedData=, CacheKey=PhysXPC_VIS_5DF9E1AAB7CC4DCCB2965BA1A78DFE8_24B2EB554B14B131BE089EA9E4BC48E6, StartTime=2016.04.01-22.47.00, HierarchicalDDC=, DataSize=64618, Duration=0.133954, RunGuid=RunID1C79A73A414D7D2E6B3A949852008D6F
DDCTransactionId01384B1C4332ED10C04FE18EC6345BDC_1007, PutCachedData=, CacheKey=PhysXPC_FULL_5DF9E1AAB7CC4DCCB2965BA1A78DFE8_F796E570088702B7AC478B59333D8E67, StartTime=2016.04.01-22.47.00, HierarchicalDDC=, DataSize=64618, Duration=0.142269, RunGuid=RunID1C79A73A414D7D2E6B3A949852008D6F
DDCTransactionIdFC1C83824942CA647BFFB5A59F97735F_980, PutCachedData=, CacheKey=PhysXPC_VIS_5DF9E1AAB7CC4DCCB2965BA1A78DFE8_9B4A324847D98685B214EF8F3C481871, StartTime=2016.04.01-22.47.00, HierarchicalDDC=, DataSize=64618, Duration=0.128578, RunGuid=RunID1C79A73A414D7D2E6B3A949852008D6F
DDCTransactionId01384B1C4332ED10C04FE18EC6345BDC_1008, PutCachedData=, CacheKey=PhysXPC_FULL_5DF9E1AAB7CC4DCCB2965BA1A78DFE8_50AB4BB78DD72C50E090485F9A8D351F, StartTime=2016.04.01-22.47.00, HierarchicalDDC=, DataSize=64618, Duration=0.157911, RunGuid=RunID1C79A73A414D7D2E6B3A949852008D6F
DDCTransactionIdFC1C83824942CA647BFFB5A59F97735F_981, PutCachedData=, CacheKey=PhysXPC_VIS_5DF9E1AAB7CC4DCCB2965BA1A78DFE8_38D78C1E44DD6688A3C7A99E3C3D235F, StartTime=2016.04.01-22.47.00, HierarchicalDDC=, DataSize=64618, Duration=0.129066, RunGuid=RunID1C79A73A414D7D2E6B3A949852008D6F
DDCTransactionId01384B1C4332ED10C04FE18EC6345BDC_1009, PutCachedData=, CacheKey=PhysXPC_FULL_5DF9E1AAB7CC4DCCB2965BA1A78DFE8_F00518068DFD2931C3ACE5A6294481A4, StartTime=2016.04.01-22.47.00, HierarchicalDDC=, DataSize=64618, Duration=0.161331, RunGuid=RunID1C79A73A414D7D2E6B3A949852008D6F
DDCTransactionIdFC1C83824942CA647BFFB5A59F97735F_982, PutCachedData=, CacheKey=PhysXPC_VIS_5DF9E1AAB7CC4DCCB2965BA1A78DFE8_7DAE5ECD4768F1F6B94AE18B4841337A, StartTime=2016.04.01-22.47.00, HierarchicalDDC=, DataSize=64618, Duration=0.125647, RunGuid=RunID1C79A73A414D7D2E6B3A949852008D6F
DDCTransactionId01384B1C4332ED10C04FE18EC6345BDC_1010, PutCachedData=, CacheKey=PhysXPC_FULL_5DF9E1AAB7CC4DCCB2965BA1A78DFE8_B6B04D89011A874D52940F47B33A47AB, StartTime=2016.04.01-22.47.00, HierarchicalDDC=, DataSize=64618, Duration=0.153020, RunGuid=RunID1C79A73A414D7D2E6B3A949852008D6F
DDCTransactionIdFC1C83824942CA647BFFB5A59F97735F_983, PutCachedData=, CacheKey=PhysXPC_VIS_5DF9E1AAB7CC4DCCB2965BA1A78DFE8_3127500E4D3DAA2C842B49A14C04D611, StartTime=2016.04.01-22.47.00, HierarchicalDDC=, DataSize=64618, Duration=0.129066, RunGuid=RunID1C79A73A414D7D2E6B3A949852008D6F
DDCTransactionIdFC1C83824942CA647BFFB5A59F97735F_984, PutCachedData=, CacheKey=PhysXPC_FULL_5DF9E1AAB7CC4DCCB2965BA1A78DFE8_E4FF8E1E5A6406DB1E8FC9F00FEDB45E, StartTime=2016.04.01-22.47.00, HierarchicalDDC=, DataSize=64618, Duration=0.124179, RunGuid=RunID1C79A73A414D7D2E6B3A949852008D6F
DDCTransactionId01384B1C4332ED10C04FE18EC6345BDC_1011, PutCachedData=, CacheKey=PhysXPC_VIS_5DF9E1AAB7CC4DCCB2965BA1A78DFE8_E473C3EC41076104661039B42DAA9A82, StartTime=2016.04.01-22.47.00, HierarchicalDDC=, DataSize=64618, Duration=0.120755, RunGuid=RunID1C79A73A414D7D2E6B3A949852008D6F
DDCTransactionIdFC1C83824942CA647BFFB5A59F97735F_985, PutCachedData=, CacheKey=PhysXPC_FULL_5DF9E1AAB7CC4DCCB2965BA1A78DFE8_D98DA1C9D9ACA2393FA6FDC8BF0C2325, StartTime=2016.04.01-22.47.00, HierarchicalDDC=, DataSize=64618, Duration=0.133466, RunGuid=RunID1C79A73A414D7D2E6B3A949852008D6F
DDCTransactionId01384B1C4332ED10C04FE18EC6345BDC_1012, PutCachedData=, CacheKey=PhysXPC_VIS_5DF9E1AAB7CC4DCCB2965BA1A78DFE8_0689ED87486B73987C7C47A27684422A, StartTime=2016.04.01-22.47.00, HierarchicalDDC=, DataSize=64618, Duration=0.120267, RunGuid=RunID1C79A73A414D7D2E6B3A949852008D6F
DDCTransactionIdFC1C83824942CA647BFFB5A59F97735F_986, PutCachedData=, CacheKey=PhysXPC_FULL_5DF9E1AAB7CC4DCCB2965BA1A78DFE8_7BB6266CF507BC0713E757DE70DFB405, StartTime=2016.04.01-22.47.00, HierarchicalDDC=, DataSize=64618, Duration=0.178445, RunGuid=RunID1C79A73A414D7D2E6B3A949852008D6F
DDCTransactionId01384B1C4332ED10C04FE18EC6345BDC_1013, PutCachedData=, CacheKey=PhysXPC_VIS_5DF9E1AAB7CC4DCCB2965BA1A78DFE8_0E9CBF974178DEDB4184DE9AEFA3D64B, StartTime=2016.04.01-22.47.00, HierarchicalDDC=, DataSize=64618, Duration=0.131510, RunGuid=RunID1C79A73A414D7D2E6B3A949852008D6F
DDCTransactionId01384B1C4332ED10C04FE18EC6345BDC_1014, PutCachedData=, CacheKey=PhysXPC_FULL_5DF9E1AAB7CC4DCCB2965BA1A78DFE8_DEDC754A5D053B5750CA7799D3F0BD94, StartTime=2016.04.01-22.47.00, HierarchicalDDC=, DataSize=64618, Duration=0.138845, RunGuid=RunID1C79A73A414D7D2E6B3A949852008D6F
DDCTransactionIdFC1C83824942CA647BFFB5A59F97735F_987, PutCachedData=, CacheKey=PhysXPC_VIS_5DF9E1AAB7CC4DCCB2965BA1A78DFE8_B0A66ECF43699380BC874392A9F2307B, StartTime=2016.04.01-22.47.00, HierarchicalDDC=, DataSize=64618, Duration=0.122711, RunGuid=RunID1C79A73A414D7D2E6B3A949852008D6F
DDCTransactionId01384B1C4332ED10C04FE18EC6345BDC_1015, PutCachedData=, CacheKey=PhysXPC_FULL_5DF9E1AAB7CC4DCCB2965BA1A78DFE8_CA6E6F9F7A332FC2C026B61CE793A0A6, StartTime=2016.04.01-22.47.00, HierarchicalDDC=, DataSize=64618, Duration=0.140801, RunGuid=RunID1C79A73A414D7D2E6B3A949852008D6F
DDCTransactionIdFC1C83824942CA647BFFB5A59F97735F_988, PutCachedData=, CacheKey=PhysXPC_VIS_5DF9E1AAB7CC4DCCB2965BA1A78DFE8_267552B0453BB47668A4FBAFAC10320D, StartTime=2016.04.01-22.47.00, HierarchicalDDC=, DataSize=64618, Duration=0.165246, RunGuid=RunID1C79A73A414D7D2E6B3A949852008D6F
DDCTransactionId01384B1C4332ED10C04FE18EC6345BDC_1016, PutCachedData=, CacheKey=PhysXPC_FULL_5DF9E1AAB7CC4DCCB2965BA1A78DFE8_9EB5D474644653652B178601C6CB47A2, StartTime=2016.04.01-22.47.00, HierarchicalDDC=, DataSize=64618, Duration=0.119288, RunGuid=RunID1C79A73A414D7D2E6B3A949852008D6F
DDCTransactionIdFC1C83824942CA647BFFB5A59F97735F_989, PutCachedData=, CacheKey=PhysXPC_VIS_5DF9E1AAB7CC4DCCB2965BA1A78DFE8_D8C4793A48D8A00A379645A048BAEC34, StartTime=2016.04.01-22.47.00, HierarchicalDDC=, DataSize=64618, Duration=0.115864, RunGuid=RunID1C79A73A414D7D2E6B3A949852008D6F
DDCTransactionId01384B1C4332ED10C04FE18EC6345BDC_1017, PutCachedData=, CacheKey=PhysXPC_FULL_5DF9E1AAB7CC4DCCB2965BA1A78DFE8_CCD191CF2EEF2888288DD33B9524501D, StartTime=2016.04.01-22.47.00, HierarchicalDDC=, DataSize=64618, Duration=0.132490, RunGuid=RunID1C79A73A414D7D2E6B3A949852008D6F
DDCTransactionIdFC1C83824942CA647BFFB5A59F97735F_990, PutCachedData=, CacheKey=PhysXPC_VIS_5DF9E1AAB7CC4DCCB2965BA1A78DFE8_ABED35E74BB8A73C48BFD3B08E2BFDE0, StartTime=2016.04.01-22.47.00, HierarchicalDDC=, DataSize=64618, Duration=0.119288, RunGuid=RunID1C79A73A414D7D2E6B3A949852008D6F
DDCTransactionId01384B1C4332ED10C04FE18EC6345BDC_1018, PutCachedData=, CacheKey=PhysXPC_FULL_5DF9E1AAB7CC4DCCB2965BA1A78DFE8_D3AE26A54D8592E38D19402C2B877D3E, StartTime=2016.04.01-22.47.00, HierarchicalDDC=, DataSize=64618, Duration=0.120267, RunGuid=RunID1C79A73A414D7D2E6B3A949852008D6F
DDCTransactionIdFC1C83824942CA647BFFB5A59F97735F_991, PutCachedData=, CacheKey=PhysXPC_VIS_5DF9E1AAB7CC4DCCB2965BA1A78DFE8_0BDAA38D4CE6DAA473BD64A9E95520F1, StartTime=2016.04.01-22.47.00, HierarchicalDDC=, DataSize=64618, Duration=0.168670, RunGuid=RunID1C79A73A414D7D2E6B3A949852008D6F
DDCTransactionId01384B1C4332ED10C04FE18EC6345BDC_1019, PutCachedData=, CacheKey=PhysXPC_FULL_5DF9E1AAB7CC4DCCB2965BA1A78DFE8_607DC749FB5877BB497E238923728AE2, StartTime=2016.04.01-22.47.00, HierarchicalDDC=, DataSize=64618, Duration=0.120755, RunGuid=RunID1C79A73A414D7D2E6B3A949852008D6F
DDCTransactionIdFC1C83824942CA647BFFB5A59F97735F_992, PutCachedData=, CacheKey=PhysXPC_VIS_5DF9E1AAB7CC4DCCB2965BA1A78DFE8_0BF0FBDD403C247546EA12B4F74AF967, StartTime=2016.04.01-22.47.00, HierarchicalDDC=, DataSize=64618, Duration=0.111956, RunGuid=RunID1C79A73A414D7D2E6B3A949852008D6F
DDCTransactionId01384B1C4332ED10C04FE18EC6345BDC_1020, PutCachedData=, CacheKey=PhysXPC_FULL_5DF9E1AAB7CC4DCCB2965BA1A78DFE8_C25561D4C70125C51576C1BCD2A6EF43, StartTime=2016.04.01-22.47.00, HierarchicalDDC=, DataSize=64618, Duration=0.134446, RunGuid=RunID1C79A73A414D7D2E6B3A949852008D6F
DDCTransactionIdFC1C83824942CA647BFFB5A59F97735F_993, PutCachedData=, CacheKey=PhysXPC_VIS_5DF9E1AAB7CC4DCCB2965BA1A78DFE8_E6FAFF08499525095B7B2EBDB04DBE47, StartTime=2016.04.01-22.47.00, HierarchicalDDC=, DataSize=64618, Duration=0.122711, RunGuid=RunID1C79A73A414D7D2E6B3A949852008D6F
DDCTransactionId01384B1C4332ED10C04FE18EC6345BDC_1021, PutCachedData=, CacheKey=PhysXPC_FULL_5DF9E1AAB7CC4DCCB2965BA1A78DFE8_3AEC9D2E8C603117AE78CEE71470C3CD, StartTime=2016.04.01-22.47.00, HierarchicalDDC=, DataSize=64618, Duration=0.120755, RunGuid=RunID1C79A73A414D7D2E6B3A949852008D6F
DDCTransactionIdFC1C83824942CA647BFFB5A59F97735F_994, PutCachedData=, CacheKey=PhysXPC_VIS_5DF9E1AAB7CC4DCCB2965BA1A78DFE8_E3FE6C3A457E973B6E9190B9AD4AD4AF, StartTime=2016.04.01-22.47.00, HierarchicalDDC=, DataSize=64618, Duration=0.114888, RunGuid=RunID1C79A73A414D7D2E6B3A949852008D6F
DDCTransactionId01384B1C4332ED10C04FE18EC6345BDC_1022, PutCachedData=, CacheKey=PhysXPC_FULL_5DF9E1AAB7CC4DCCB2965BA1A78DFE8_DB0AA912B2483816DA139A958C86946B, StartTime=2016.04.01-22.47.00, HierarchicalDDC=, DataSize=64618, Duration=0.128090, RunGuid=RunID1C79A73A414D7D2E6B3A949852008D6F
DDCTransactionIdFC1C83824942CA647BFFB5A59F97735F_995, PutCachedData=, CacheKey=PhysXPC_VIS_5DF9E1AAB7CC4DCCB2965BA1A78DFE8_9D9B89BE44D34D8C8878C6BEAFAF1889, StartTime=2016.04.01-22.47.00, HierarchicalDDC=, DataSize=64618, Duration=0.116844, RunGuid=RunID1C79A73A414D7D2E6B3A949852008D6F
DDCTransactionId01384B1C4332ED10C04FE18EC6345BDC_1023, PutCachedData=, CacheKey=PhysXPC_FULL_5DF9E1AAB7CC4DCCB2965BA1A78DFE8_84F1DBDDA94E09935D03FD657D1C8D7E, StartTime=2016.04.01-22.47.00, HierarchicalDDC=, DataSize=64618, Duration=0.119779, RunGuid=RunID1C79A73A414D7D2E6B3A949852008D6F
DDCTransactionIdFC1C83824942CA647BFFB5A59F97735F_996, PutCachedData=, CacheKey=PhysXPC_VIS_5DF9E1AAB7CC4DCCB2965BA1A78DFE8_99C9D1624B8F6913AB26389B56380B36, StartTime=2016.04.01-22.47.00, HierarchicalDDC=, DataSize=64618, Duration=0.124175, RunGuid=RunID1C79A73A414D7D2E6B3A949852008D6F
DDCTransactionId01384B1C4332ED10C04FE18EC6345BDC_1024, PutCachedData=, CacheKey=PhysXPC_FULL_5DF9E1AAB7CC4DCCB2965BA1A78DFE8_F48FEFD6BAEFD1200173FA1F0D6D491E, StartTime=2016.04.01-22.47.00, HierarchicalDDC=, DataSize=64618, Duration=0.119779, RunGuid=RunID1C79A73A414D7D2E6B3A949852008D6F
DDCTransactionIdFC1C83824942CA647BFFB5A59F97735F_997, PutCachedData=, CacheKey=PhysXPC_VIS_5DF9E1AAB7CC4DCCB2965BA1A78DFE8_13E4215147B5462B84222BB5AAF2981C, StartTime=2016.04.01-22.47.00, HierarchicalDDC=, DataSize=64618, Duration=0.116844, RunGuid=RunID1C79A73A414D7D2E6B3A949852008D6F
DDCTransactionId01384B1C4332ED10C04FE18EC6345BDC_1025, PutCachedData=, CacheKey=PhysXPC_FULL_5DF9E1AAB7CC4DCCB2965BA1A78DFE8_C2BE765F97FC2C19962676FA79B52509, StartTime=2016.04.01-22.47.00, HierarchicalDDC=, DataSize=64618, Duration=0.131510, RunGuid=RunID1C79A73A414D7D2E6B3A949852008D6F
DDCTransactionIdFC1C83824942CA647BFFB5A59F97735F_998, PutCachedData=, CacheKey=PhysXPC_VIS_5DF9E1AAB7CC4DCCB2965BA1A78DFE8_F51AF8534B0E0043834D4FBEB0BEDB01, StartTime=2016.04.01-22.47.00, HierarchicalDDC=, DataSize=64618, Duration=0.127599, RunGuid=RunID1C79A73A414D7D2E6B3A949852008D6F
DDCTransactionId01384B1C4332ED10C04FE18EC6345BDC_1026, PutCachedData=, CacheKey=PhysXPC_FULL_5DF9E1AAB7CC4DCCB2965BA1A78DFE8_38D4C5CA54AC64D9D6761898ACFC0821, StartTime=2016.04.01-22.47.00, HierarchicalDDC=, DataSize=64618, Duration=0.131998, RunGuid=RunID1C79A73A414D7D2E6B3A949852008D6F
DDCTransactionIdFC1C83824942CA647BFFB5A59F97735F_999, PutCachedData=, CacheKey=PhysXPC_VIS_5DF9E1AAB7CC4DCCB2965BA1A78DFE8_537ED9D341585BE4792057AABC699EA3, StartTime=2016.04.01-22.47.00, HierarchicalDDC=, DataSize=64618, Duration=0.131022, RunGuid=RunID1C79A73A414D7D2E6B3A949852008D6F
DDCTransactionId01384B1C4332ED10C04FE18EC6345BDC_1027, PutCachedData=, CacheKey=PhysXPC_FULL_5DF9E1AAB7CC4DCCB2965BA1A78DFE8_3143DD7A325573D058829DD4AC2EEFE2, StartTime=2016.04.01-22.47.00, HierarchicalDDC=, DataSize=64618, Duration=0.129066, RunGuid=RunID1C79A73A414D7D2E6B3A949852008D6F
DDCTransactionIdFC1C83824942CA647BFFB5A59F97735F_1000, PutCachedData=, CacheKey=PhysXPC_VIS_5DF9E1AAB7CC4DCCB2965BA1A78DFE8_CECD3A3146FDDCF46907A1A2D11A824A, StartTime=2016.04.01-22.47.00, HierarchicalDDC=, DataSize=64618, Duration=0.124175, RunGuid=RunID1C79A73A414D7D2E6B3A949852008D6F
DDCTransactionId01384B1C4332ED10C04FE18EC6345BDC_1028, PutCachedData=, CacheKey=PhysXPC_FULL_5DF9E1AAB7CC4DCCB2965BA1A78DFE8_E12B653C1759FFC2314F5FEDB685981D, StartTime=2016.04.01-22.47.00, HierarchicalDDC=, DataSize=64618, Duration=0.138357, RunGuid=RunID1C79A73A414D7D2E6B3A949852008D6F
DDCTransactionIdFC1C83824942CA647BFFB5A59F97735F_1001, PutCachedData=, CacheKey=PhysXPC_VIS_5DF9E1AAB7CC4DCCB2965BA1A78DFE8_0777042745F903A049BC82B7994F4A9E, StartTime=2016.04.01-22.47.00, HierarchicalDDC=, DataSize=64618, Duration=0.130530, RunGuid=RunID1C79A73A414D7D2E6B3A949852008D6F
DDCTransactionId01384B1C4332ED10C04FE18EC6345BDC_1029, PutCachedData=, CacheKey=PhysXPC_FULL_5DF9E1AAB7CC4DCCB2965BA1A78DFE8_BF9ADAFA2BCD1689A17044F67A31488F, StartTime=2016.04.01-22.47.00, HierarchicalDDC=, DataSize=64618, Duration=0.140309, RunGuid=RunID1C79A73A414D7D2E6B3A949852008D6F
DDCTransactionIdFC1C83824942CA647BFFB5A59F97735F_1002, PutCachedData=, CacheKey=PhysXPC_VIS_5DF9E1AAB7CC4DCCB2965BA1A78DFE8_199CB9054446E759ED2B2F8149D180BC, StartTime=2016.04.01-22.47.00, HierarchicalDDC=, DataSize=64618, Duration=0.135910, RunGuid=RunID1C79A73A414D7D2E6B3A949852008D6F
DDCTransactionId01384B1C4332ED10C04FE18EC6345BDC_1030, PutCachedData=, CacheKey=PhysXPC_FULL_5DF9E1AAB7CC4DCCB2965BA1A78DFE8_53547AB2BFB6A66C53DED32C122D1F3C, StartTime=2016.04.01-22.47.00, HierarchicalDDC=, DataSize=64618, Duration=0.137866, RunGuid=RunID1C79A73A414D7D2E6B3A949852008D6F
DDCTransactionIdFC1C83824942CA647BFFB5A59F97735F_1003, PutCachedData=, CacheKey=PhysXPC_VIS_5DF9E1AAB7CC4DCCB2965BA1A78DFE8_CB9DB363446F8984FF81B594BE0D1181, StartTime=2016.04.01-22.47.00, HierarchicalDDC=, DataSize=64618, Duration=0.128578, RunGuid=RunID1C79A73A414D7D2E6B3A949852008D6F
DDCTransactionId01384B1C4332ED10C04FE18EC6345BDC_1031, PutCachedData=, CacheKey=PhysXPC_FULL_5DF9E1AAB7CC4DCCB2965BA1A78DFE8_53312BBC0C40BBDA4F3BE249DF312724, StartTime=2016.04.01-22.47.00, HierarchicalDDC=, DataSize=64618, Duration=0.162311, RunGuid=RunID1C79A73A414D7D2E6B3A949852008D6F
DDCTransactionIdFC1C83824942CA647BFFB5A59F97735F_1004, PutCachedData=, CacheKey=PhysXPC_VIS_5DF9E1AAB7CC4DCCB2965BA1A78DFE8_5557D4D845D58D79655EC0B843598000, StartTime=2016.04.01-22.47.00, HierarchicalDDC=, DataSize=64618, Duration=0.145201, RunGuid=RunID1C79A73A414D7D2E6B3A949852008D6F
DDCTransactionId01384B1C4332ED10C04FE18EC6345BDC_1032, PutCachedData=, CacheKey=PhysXPC_FULL_5DF9E1AAB7CC4DCCB2965BA1A78DFE8_62769F4F2F5F70A55D5A1AFF879B6E7A, StartTime=2016.04.01-22.47.00, HierarchicalDDC=, DataSize=64618, Duration=0.144221, RunGuid=RunID1C79A73A414D7D2E6B3A949852008D6F
DDCTransactionIdFC1C83824942CA647BFFB5A59F97735F_1005, PutCachedData=, CacheKey=PhysXPC_VIS_5DF9E1AAB7CC4DCCB2965BA1A78DFE8_753E0ABB453E97E37991FEB59BE55913, StartTime=2016.04.01-22.47.00, HierarchicalDDC=, DataSize=64618, Duration=0.122711, RunGuid=RunID1C79A73A414D7D2E6B3A949852008D6F
DDCTransactionIdFC1C83824942CA647BFFB5A59F97735F_1006, PutCachedData=, CacheKey=PhysXPC_FULL_5DF9E1AAB7CC4DCCB2965BA1A78DFE8_CBD5C2B8E7545DB1CA0C9FA97A6C2F51, StartTime=2016.04.01-22.47.00, HierarchicalDDC=, DataSize=64618, Duration=0.125155, RunGuid=RunID1C79A73A414D7D2E6B3A949852008D6F
DDCTransactionId01384B1C4332ED10C04FE18EC6345BDC_1033, PutCachedData=, CacheKey=PhysXPC_VIS_5DF9E1AAB7CC4DCCB2965BA1A78DFE8_2CD545FC4D9294DA8B24FFBAFC9578EC, StartTime=2016.04.01-22.47.00, HierarchicalDDC=, DataSize=64618, Duration=0.129066, RunGuid=RunID1C79A73A414D7D2E6B3A949852008D6F
DDCTransactionIdFC1C83824942CA647BFFB5A59F97735F_1007, PutCachedData=, CacheKey=PhysXPC_FULL_5DF9E1AAB7CC4DCCB2965BA1A78DFE8_534A8F81B21A8883F77B4AFC4722CF81, StartTime=2016.04.01-22.47.00, HierarchicalDDC=, DataSize=64618, Duration=0.131510, RunGuid=RunID1C79A73A414D7D2E6B3A949852008D6F
DDCTransactionId01384B1C4332ED10C04FE18EC6345BDC_1034, PutCachedData=, CacheKey=PhysXPC_VIS_5DF9E1AAB7CC4DCCB2965BA1A78DFE8_F45AE91E44B3C17518904BB58FB1FF2A, StartTime=2016.04.01-22.47.00, HierarchicalDDC=, DataSize=64618, Duration=0.130042, RunGuid=RunID1C79A73A414D7D2E6B3A949852008D6F
DDCTransactionIdFC1C83824942CA647BFFB5A59F97735F_1008, PutCachedData=, CacheKey=PhysXPC_FULL_5DF9E1AAB7CC4DCCB2965BA1A78DFE8_E5232DDE3645C8837F7B49146C870570, StartTime=2016.04.01-22.47.00, HierarchicalDDC=, DataSize=64618, Duration=0.119288, RunGuid=RunID1C79A73A414D7D2E6B3A949852008D6F
DDCTransactionId01384B1C4332ED10C04FE18EC6345BDC_1035, PutCachedData=, CacheKey=PhysXPC_VIS_5DF9E1AAB7CC4DCCB2965BA1A78DFE8_D18FB4F14E66771874999B82AE09193F, StartTime=2016.04.01-22.47.00, HierarchicalDDC=, DataSize=64618, Duration=0.132002, RunGuid=RunID1C79A73A414D7D2E6B3A949852008D6F
DDCTransactionIdFC1C83824942CA647BFFB5A59F97735F_1009, PutCachedData=, CacheKey=PhysXPC_FULL_5DF9E1AAB7CC4DCCB2965BA1A78DFE8_8C36EDD0AB3EFCBD219F49AFEEFA31CE, StartTime=2016.04.01-22.47.00, HierarchicalDDC=, DataSize=64618, Duration=0.121243, RunGuid=RunID1C79A73A414D7D2E6B3A949852008D6F
DDCTransactionId01384B1C4332ED10C04FE18EC6345BDC_1036, PutCachedData=, CacheKey=PhysXPC_VIS_5DF9E1AAB7CC4DCCB2965BA1A78DFE8_1194778C4C57AEC47C511EB40D2A7CD2, StartTime=2016.04.01-22.47.00, HierarchicalDDC=, DataSize=64618, Duration=0.131510, RunGuid=RunID1C79A73A414D7D2E6B3A949852008D6F
DDCTransactionIdFC1C83824942CA647BFFB5A59F97735F_1010, PutCachedData=, CacheKey=PhysXPC_FULL_5DF9E1AAB7CC4DCCB2965BA1A78DFE8_41E99A6CF5FD7C715B4B51288C5730B6, StartTime=2016.04.01-22.47.00, HierarchicalDDC=, DataSize=64618, Duration=0.124175, RunGuid=RunID1C79A73A414D7D2E6B3A949852008D6F
DDCTransactionId01384B1C4332ED10C04FE18EC6345BDC_1037, PutCachedData=, CacheKey=PhysXPC_VIS_5DF9E1AAB7CC4DCCB2965BA1A78DFE8_13BFE4A240E4432750856E885282A5D0, StartTime=2016.04.01-22.47.00, HierarchicalDDC=, DataSize=64618, Duration=0.128090, RunGuid=RunID1C79A73A414D7D2E6B3A949852008D6F
DDCTransactionIdFC1C83824942CA647BFFB5A59F97735F_1011, PutCachedData=, CacheKey=PhysXPC_FULL_5DF9E1AAB7CC4DCCB2965BA1A78DFE8_6A992A2239C11715ABA8EE793E54D56C, StartTime=2016.04.01-22.47.00, HierarchicalDDC=, DataSize=64618, Duration=0.119288, RunGuid=RunID1C79A73A414D7D2E6B3A949852008D6F
DDCTransactionId01384B1C4332ED10C04FE18EC6345BDC_1038, PutCachedData=, CacheKey=PhysXPC_VIS_5DF9E1AAB7CC4DCCB2965BA1A78DFE8_B80D6915426B72A1D59C1488168213BE, StartTime=2016.04.01-22.47.00, HierarchicalDDC=, DataSize=64618, Duration=0.140309, RunGuid=RunID1C79A73A414D7D2E6B3A949852008D6F
DDCTransactionIdFC1C83824942CA647BFFB5A59F97735F_1012, PutCachedData=, CacheKey=PhysXPC_FULL_5DF9E1AAB7CC4DCCB2965BA1A78DFE8_AC8566FFDE3532795D426B7AB66607A2, StartTime=2016.04.01-22.47.00, HierarchicalDDC=, DataSize=64618, Duration=0.144221, RunGuid=RunID1C79A73A414D7D2E6B3A949852008D6F
DDCTransactionId01384B1C4332ED10C04FE18EC6345BDC_1039, PutCachedData=, CacheKey=PhysXPC_VIS_5DF9E1AAB7CC4DCCB2965BA1A78DFE8_ADF9FCAA4770F0736286BB9AF968EBA8, StartTime=2016.04.01-22.47.00, HierarchicalDDC=, DataSize=64618, Duration=0.143733, RunGuid=RunID1C79A73A414D7D2E6B3A949852008D6F
DDCTransactionIdFC1C83824942CA647BFFB5A59F97735F_1013, PutCachedData=, CacheKey=PhysXPC_FULL_5DF9E1AAB7CC4DCCB2965BA1A78DFE8_1D79B6F4BBB322971C5A216BCF725285, StartTime=2016.04.01-22.47.00, HierarchicalDDC=, DataSize=64618, Duration=0.144221, RunGuid=RunID1C79A73A414D7D2E6B3A949852008D6F
DDCTransactionId01384B1C4332ED10C04FE18EC6345BDC_1040, PutCachedData=, CacheKey=PhysXPC_VIS_5DF9E1AAB7CC4DCCB2965BA1A78DFE8_31BBF1424D59E31A97C1FBA41BF11057, StartTime=2016.04.01-22.47.00, HierarchicalDDC=, DataSize=64618, Duration=0.134934, RunGuid=RunID1C79A73A414D7D2E6B3A949852008D6F
DDCTransactionIdFC1C83824942CA647BFFB5A59F97735F_1014, PutCachedData=, CacheKey=PhysXPC_FULL_5DF9E1AAB7CC4DCCB2965BA1A78DFE8_D1DA2B7DC8A5F6DFF14B5D104544D4D6, StartTime=2016.04.01-22.47.00, HierarchicalDDC=, DataSize=64618, Duration=0.140801, RunGuid=RunID1C79A73A414D7D2E6B3A949852008D6F
DDCTransactionId01384B1C4332ED10C04FE18EC6345BDC_1041, PutCachedData=, CacheKey=PhysXPC_VIS_5DF9E1AAB7CC4DCCB2965BA1A78DFE8_7FBED4B240068249710CCF9106D58170, StartTime=2016.04.01-22.47.00, HierarchicalDDC=, DataSize=64618, Duration=0.135913, RunGuid=RunID1C79A73A414D7D2E6B3A949852008D6F
DDCTransactionIdFC1C83824942CA647BFFB5A59F97735F_1015, PutCachedData=, CacheKey=PhysXPC_FULL_5DF9E1AAB7CC4DCCB2965BA1A78DFE8_A14D6DCC0D67C4E46C2FB23C8D0F7ADC, StartTime=2016.04.01-22.47.00, HierarchicalDDC=, DataSize=64618, Duration=0.148136, RunGuid=RunID1C79A73A414D7D2E6B3A949852008D6F
DDCTransactionId01384B1C4332ED10C04FE18EC6345BDC_1042, PutCachedData=, CacheKey=PhysXPC_VIS_5DF9E1AAB7CC4DCCB2965BA1A78DFE8_DB3F5330438401FABDC828BF197EF36B, StartTime=2016.04.01-22.47.00, HierarchicalDDC=, DataSize=64618, Duration=0.149112, RunGuid=RunID1C79A73A414D7D2E6B3A949852008D6F
DDCTransactionIdFC1C83824942CA647BFFB5A59F97735F_1016, PutCachedData=, CacheKey=PhysXPC_FULL_5DF9E1AAB7CC4DCCB2965BA1A78DFE8_8BF615D89BE84EF861C2CD978F572D16, StartTime=2016.04.01-22.47.00, HierarchicalDDC=, DataSize=64618, Duration=0.137378, RunGuid=RunID1C79A73A414D7D2E6B3A949852008D6F
DDCTransactionId01384B1C4332ED10C04FE18EC6345BDC_1043, PutCachedData=, CacheKey=PhysXPC_VIS_5DF9E1AAB7CC4DCCB2965BA1A78DFE8_EB0E9D244B12CCE584FC189AB85C3CFE, StartTime=2016.04.01-22.47.00, HierarchicalDDC=, DataSize=64618, Duration=0.127111, RunGuid=RunID1C79A73A414D7D2E6B3A949852008D6F
DDCTransactionIdFC1C83824942CA647BFFB5A59F97735F_1017, PutCachedData=, CacheKey=PhysXPC_FULL_5DF9E1AAB7CC4DCCB2965BA1A78DFE8_5C3FE9A6A54EA867AEBB43BE36109A03, StartTime=2016.04.01-22.47.00, HierarchicalDDC=, DataSize=64618, Duration=0.131510, RunGuid=RunID1C79A73A414D7D2E6B3A949852008D6F
DDCTransactionId01384B1C4332ED10C04FE18EC6345BDC_1044, PutCachedData=, CacheKey=PhysXPC_VIS_5DF9E1AAB7CC4DCCB2965BA1A78DFE8_91A5C353434E139919CC068A991BEC29, StartTime=2016.04.01-22.47.00, HierarchicalDDC=, DataSize=64618, Duration=0.124667, RunGuid=RunID1C79A73A414D7D2E6B3A949852008D6F
DDCTransactionIdFC1C83824942CA647BFFB5A59F97735F_1018, PutCachedData=, CacheKey=PhysXPC_FULL_5DF9E1AAB7CC4DCCB2965BA1A78DFE8_FE730BF0B1DE30A5758F5F757FFFE4E7, StartTime=2016.04.01-22.47.00, HierarchicalDDC=, DataSize=64618, Duration=0.141777, RunGuid=RunID1C79A73A414D7D2E6B3A949852008D6F
DDCTransactionId01384B1C4332ED10C04FE18EC6345BDC_1045, PutCachedData=, CacheKey=PhysXPC_VIS_5DF9E1AAB7CC4DCCB2965BA1A78DFE8_E687AB6445C6445C81B2A0A5EE2F3B56, StartTime=2016.04.01-22.47.00, HierarchicalDDC=, DataSize=64618, Duration=0.126619, RunGuid=RunID1C79A73A414D7D2E6B3A949852008D6F
DDCTransactionId01384B1C4332ED10C04FE18EC6345BDC_1046, PutCachedData=, CacheKey=PhysXPC_FULL_5DF9E1AAB7CC4DCCB2965BA1A78DFE8_1A0771CEBE2B5071A832EE9BE9DF93EB, StartTime=2016.04.01-22.47.00, HierarchicalDDC=, DataSize=64618, Duration=0.127114, RunGuid=RunID1C79A73A414D7D2E6B3A949852008D6F
DDCTransactionIdFC1C83824942CA647BFFB5A59F97735F_1019, PutCachedData=, CacheKey=PhysXPC_VIS_5DF9E1AAB7CC4DCCB2965BA1A78DFE8_FCCB41BD495034FB692DAEA258F0391B, StartTime=2016.04.01-22.47.00, HierarchicalDDC=, DataSize=64618, Duration=0.151064, RunGuid=RunID1C79A73A414D7D2E6B3A949852008D6F
DDCTransactionId01384B1C4332ED10C04FE18EC6345BDC_1047, PutCachedData=, CacheKey=PhysXPC_FULL_5DF9E1AAB7CC4DCCB2965BA1A78DFE8_68B67C7B0D08EF9E7368068F728C4756, StartTime=2016.04.01-22.47.00, HierarchicalDDC=, DataSize=64618, Duration=0.137866, RunGuid=RunID1C79A73A414D7D2E6B3A949852008D6F
DDCTransactionIdFC1C83824942CA647BFFB5A59F97735F_1020, PutCachedData=, CacheKey=PhysXPC_VIS_5DF9E1AAB7CC4DCCB2965BA1A78DFE8_5E775ED3496A5F1DB6F3B693F63D1C3B, StartTime=2016.04.01-22.47.00, HierarchicalDDC=, DataSize=64618, Duration=0.143733, RunGuid=RunID1C79A73A414D7D2E6B3A949852008D6F
DDCTransactionId01384B1C4332ED10C04FE18EC6345BDC_1048, PutCachedData=, CacheKey=PhysXPC_FULL_5DF9E1AAB7CC4DCCB2965BA1A78DFE8_1117BD9D617BD9E1BF191E0EBEF8ECF0, StartTime=2016.04.01-22.47.00, HierarchicalDDC=, DataSize=64618, Duration=0.146180, RunGuid=RunID1C79A73A414D7D2E6B3A949852008D6F
DDCTransactionIdFC1C83824942CA647BFFB5A59F97735F_1021, PutCachedData=, CacheKey=PhysXPC_VIS_5DF9E1AAB7CC4DCCB2965BA1A78DFE8_F2C1911A48316E3ECD8307955E249FE1, StartTime=2016.04.01-22.47.00, HierarchicalDDC=, DataSize=64618, Duration=0.145201, RunGuid=RunID1C79A73A414D7D2E6B3A949852008D6F
DDCTransactionId01384B1C4332ED10C04FE18EC6345BDC_1049, PutCachedData=, CacheKey=PhysXPC_FULL_5DF9E1AAB7CC4DCCB2965BA1A78DFE8_452505E5EE341E02C2DD701D393FE855, StartTime=2016.04.01-22.47.00, HierarchicalDDC=, DataSize=64618, Duration=0.161335, RunGuid=RunID1C79A73A414D7D2E6B3A949852008D6F
DDCTransactionIdFC1C83824942CA647BFFB5A59F97735F_1022, PutCachedData=, CacheKey=PhysXPC_VIS_5DF9E1AAB7CC4DCCB2965BA1A78DFE8_7A148E4E42B6937E68980B97A8BD264D, StartTime=2016.04.01-22.47.00, HierarchicalDDC=, DataSize=64618, Duration=0.157423, RunGuid=RunID1C79A73A414D7D2E6B3A949852008D6F
DDCTransactionId01384B1C4332ED10C04FE18EC6345BDC_1050, PutCachedData=, CacheKey=PhysXPC_FULL_5DF9E1AAB7CC4DCCB2965BA1A78DFE8_C8D75591C128DA27AADC78F2199B493C, StartTime=2016.04.01-22.47.00, HierarchicalDDC=, DataSize=64618, Duration=0.131998, RunGuid=RunID1C79A73A414D7D2E6B3A949852008D6F
DDCTransactionIdFC1C83824942CA647BFFB5A59F97735F_1023, PutCachedData=, CacheKey=PhysXPC_VIS_5DF9E1AAB7CC4DCCB2965BA1A78DFE8_1B3E72F44C7707D021C939A82D519E81, StartTime=2016.04.01-22.47.00, HierarchicalDDC=, DataSize=64618, Duration=0.142269, RunGuid=RunID1C79A73A414D7D2E6B3A949852008D6F
DDCTransactionId01384B1C4332ED10C04FE18EC6345BDC_1051, PutCachedData=, CacheKey=PhysXPC_FULL_5DF9E1AAB7CC4DCCB2965BA1A78DFE8_786BCEEF0DE8601CAF41D116B462BEDA, StartTime=2016.04.01-22.47.00, HierarchicalDDC=, DataSize=64618, Duration=0.141781, RunGuid=RunID1C79A73A414D7D2E6B3A949852008D6F
DDCTransactionIdFC1C83824942CA647BFFB5A59F97735F_1024, PutCachedData=, CacheKey=PhysXPC_VIS_5DF9E1AAB7CC4DCCB2965BA1A78DFE8_E5AE87B74EFF1E1578C0BE96167C6CB1, StartTime=2016.04.01-22.47.00, HierarchicalDDC=, DataSize=64618, Duration=0.145201, RunGuid=RunID1C79A73A414D7D2E6B3A949852008D6F
DDCTransactionId01384B1C4332ED10C04FE18EC6345BDC_1052, PutCachedData=, CacheKey=PhysXPC_FULL_5DF9E1AAB7CC4DCCB2965BA1A78DFE8_51E8DC90DC4D5422AA225A97BD3DD451, StartTime=2016.04.01-22.47.00, HierarchicalDDC=, DataSize=64618, Duration=0.146668, RunGuid=RunID1C79A73A414D7D2E6B3A949852008D6F
DDCTransactionIdFC1C83824942CA647BFFB5A59F97735F_1025, PutCachedData=, CacheKey=PhysXPC_VIS_5DF9E1AAB7CC4DCCB2965BA1A78DFE8_CE8629874645FEE4BE5453B108545960, StartTime=2016.04.01-22.47.00, HierarchicalDDC=, DataSize=64618, Duration=0.146668, RunGuid=RunID1C79A73A414D7D2E6B3A949852008D6F
DDCTransactionId01384B1C4332ED10C04FE18EC6345BDC_1053, PutCachedData=, CacheKey=PhysXPC_FULL_5DF9E1AAB7CC4DCCB2965BA1A78DFE8_E7EBEAFF77FB60497EADE5361F287FE5, StartTime=2016.04.01-22.47.00, HierarchicalDDC=, DataSize=64618, Duration=0.131510, RunGuid=RunID1C79A73A414D7D2E6B3A949852008D6F
DDCTransactionIdFC1C83824942CA647BFFB5A59F97735F_1026, PutCachedData=, CacheKey=PhysXPC_VIS_5DF9E1AAB7CC4DCCB2965BA1A78DFE8_E670B6B245BC27280004A394F1ED52D2, StartTime=2016.04.01-22.47.00, HierarchicalDDC=, DataSize=64618, Duration=0.141781, RunGuid=RunID1C79A73A414D7D2E6B3A949852008D6F
DDCTransactionId01384B1C4332ED10C04FE18EC6345BDC_1054, PutCachedData=, CacheKey=PhysXPC_FULL_5DF9E1AAB7CC4DCCB2965BA1A78DFE8_D8EDE7781E450A252E059F6CCE13B6CC, StartTime=2016.04.01-22.47.00, HierarchicalDDC=, DataSize=64618, Duration=0.125155, RunGuid=RunID1C79A73A414D7D2E6B3A949852008D6F
DDCTransactionIdFC1C83824942CA647BFFB5A59F97735F_1027, PutCachedData=, CacheKey=PhysXPC_VIS_5DF9E1AAB7CC4DCCB2965BA1A78DFE8_1C7F11454DCB6925DB3C39971BA6DA06, StartTime=2016.04.01-22.47.00, HierarchicalDDC=, DataSize=64618, Duration=0.141289, RunGuid=RunID1C79A73A414D7D2E6B3A949852008D6F
DDCTransactionId01384B1C4332ED10C04FE18EC6345BDC_1055, PutCachedData=, CacheKey=PhysXPC_FULL_5DF9E1AAB7CC4DCCB2965BA1A78DFE8_EA3E54ED7AA5198AA8191F42C027D50C, StartTime=2016.04.01-22.47.00, HierarchicalDDC=, DataSize=64618, Duration=0.131510, RunGuid=RunID1C79A73A414D7D2E6B3A949852008D6F
DDCTransactionId01384B1C4332ED10C04FE18EC6345BDC_1056, PutCachedData=, CacheKey=PhysXPC_VIS_5DF9E1AAB7CC4DCCB2965BA1A78DFE8_12B222CD417A58783F2E18AEF273585C, StartTime=2016.04.01-22.47.00, HierarchicalDDC=, DataSize=64618, Duration=0.135422, RunGuid=RunID1C79A73A414D7D2E6B3A949852008D6F
DDCTransactionIdFC1C83824942CA647BFFB5A59F97735F_1028, PutCachedData=, CacheKey=PhysXPC_FULL_5DF9E1AAB7CC4DCCB2965BA1A78DFE8_7DE64D7991F17857A24AE9A227C4EC14, StartTime=2016.04.01-22.47.00, HierarchicalDDC=, DataSize=64618, Duration=0.140801, RunGuid=RunID1C79A73A414D7D2E6B3A949852008D6F
DDCTransactionId01384B1C4332ED10C04FE18EC6345BDC_1057, PutCachedData=, CacheKey=PhysXPC_VIS_5DF9E1AAB7CC4DCCB2965BA1A78DFE8_C60FD4644026FAAB836EC7A62715A750, StartTime=2016.04.01-22.47.00, HierarchicalDDC=, DataSize=64618, Duration=0.131514, RunGuid=RunID1C79A73A414D7D2E6B3A949852008D6F
DDCTransactionIdFC1C83824942CA647BFFB5A59F97735F_1029, PutCachedData=, CacheKey=PhysXPC_FULL_5DF9E1AAB7CC4DCCB2965BA1A78DFE8_514F9BB7089CB704BD08EF7F08D852F5, StartTime=2016.04.01-22.47.00, HierarchicalDDC=, DataSize=64618, Duration=0.149112, RunGuid=RunID1C79A73A414D7D2E6B3A949852008D6F
DDCTransactionId01384B1C4332ED10C04FE18EC6345BDC_1058, PutCachedData=, CacheKey=PhysXPC_VIS_5DF9E1AAB7CC4DCCB2965BA1A78DFE8_A747D26E451C5DA8599F8681B6DAF82E, StartTime=2016.04.01-22.47.00, HierarchicalDDC=, DataSize=64618, Duration=0.128087, RunGuid=RunID1C79A73A414D7D2E6B3A949852008D6F
DDCTransactionIdFC1C83824942CA647BFFB5A59F97735F_1030, PutCachedData=, CacheKey=PhysXPC_FULL_5DF9E1AAB7CC4DCCB2965BA1A78DFE8_90817014750E9C9B3CAA9D98FE06D461, StartTime=2016.04.01-22.47.00, HierarchicalDDC=, DataSize=64618, Duration=0.219513, RunGuid=RunID1C79A73A414D7D2E6B3A949852008D6F
DDCTransactionId01384B1C4332ED10C04FE18EC6345BDC_1059, PutCachedData=, CacheKey=PhysXPC_VIS_5DF9E1AAB7CC4DCCB2965BA1A78DFE8_03D5294442CB30C8FA61D5BA79DFC8CB, StartTime=2016.04.01-22.47.00, HierarchicalDDC=, DataSize=64618, Duration=0.129066, RunGuid=RunID1C79A73A414D7D2E6B3A949852008D6F
